List of importing markets for a product exported by Sri Lanka Product: TOTAL All products
"Importers"	"Exported value in 2001"	"Exported value in 2002"	"Exported value in 2003"	"Exported value in 2004"	"Exported value in 2005"	"Exported value in 2006"	"Exported value in 2007"	"Exported value in 2008"	"Exported value in 2009"	"Exported value in 2010"	"Exported value in 2011"	"Exported value in 2012"	
World	4,723,872	4,722,973	4,867,831	5,466,643	6,159,855	6,760,001	7,661,315	8,176,817	7,121,491	8,304,052	10,011,282	9,369,784	
Afghanistan	57	392	476	1,274	2,038	683	0	349	3,372	337	3,075	1,342	
Africa not elsewhere specified	27	17	994	1,281	699	711	638	697	275	123	0	0	
Albania	1	1	99	0	49	44	19	335	479	974	1,449	4,236	
Algeria	282	267	194	496	772	468	551	784	1,922	535	2,173	1,554	
America not elsewhere specified	129	80	0	6	45	58	0	0	0	0	0	0	
Andorra	0	0	0	1	59	67	131	130	0	0	876	455	
Angola	330	347	815	1,071	526	1,970	1,788	2,149	3,441	2,547	3,519	4,743	
Anguilla	0	16	0	0	23	0	0	0	0	4	0	0	
Antigua and Barbuda	14	38	182	18	20	104	238	48	71	115	497	278	
Area Nes	54,585	62,289	0	575	119,637	164,175	175,870	224,691	115,344	134,134	8,961	17,887	
Argentina	3,177	1,793	3,053	4,759	5,077	6,236	4,738	7,348	5,308	7,622	9,475	5,504	
Armenia	138	303	299	431	650	531	2,539	8,026	3,793	1,412	1,514	1,681	
Aruba	0	122	363	160	52	208	7	24	41	113	4	0	
Australia	45,225	47,133	55,510	52,000	65,654	65,936	80,346	93,691	81,946	102,520	126,586	134,579	
Austria	7,663	6,658	6,562	6,766	6,958	10,149	13,316	17,328	13,968	19,008	30,255	31,701	
Azerbaijan	4,800	5,377	4,096	4,171	4,397	3,591	5,873	12,997	15,276	43,384	54,779	46,921	
Bahamas	118	59	29	47	28	36	17	25	82	63	25	76	
Bahrain	1,805	2,647	3,280	5,011	4,615	4,106	3,968	10,836	10,882	8,885	11,667	4,323	
Bangladesh	10,083	10,175	10,410	13,343	15,498	18,663	22,739	23,098	26,133	35,582	46,308	67,525	
Barbados	406	75	93	23	34	58	49	65	41	47	137	155	
Belarus	843	1,037	1,437	2,102	3,246	3,650	5,263	6,326	3,946	5,361	4,917	5,564	
Belgium	120,148	258,058	171,873	195,774	258,232	334,920	407,001	409,584	368,071	386,597	545,793	464,358	
Belize	50	82	144	233	131	140	209	129	135	186	279	529	
Benin	0	1	13	21	0	16	0	39	124	319	240	506	
Bermuda	33	30	58	26	5	6	2	16	0	4	46	2	
Bhutan	0	2	0	0	12	0	0	0	143	42	112	0	
Bolivia	1,103	708	1,312	1,429	1,511	1,654	1,615	2,332	1,292	2,351	2,264	3,872	
Bosnia and Herzegovina	0	8	84	92	68	22	88	281	61	38	115	55	
Botswana	128	10	10	47	75	0	48	7	50	90	799	564	
Brazil	2,616	2,576	3,773	7,977	13,173	12,136	17,738	22,498	16,037	22,975	31,472	38,102	
British Indian Ocean Territories	0	0	21	0	0	28	0	0	0	39	1	0	
British Virgin Islands	0	0	0	25	0	1	4	0	0	0	23	91	
Brunei Darussalam	240	193	256	218	343	250	392	393	368	208	289	170	
Bulgaria	310	667	1,346	568	1,107	979	1,738	1,987	4,010	2,913	10,132	1,786	
Burkina Faso	0	0	0	28	0	29	59	7	135	244	656	938	
Burundi	45	14	23	0	0	0	0	2	0	0	0	0	
Cabo Verde	1	0	7	0	0	2	0	6	0	25	5	0	
Cambodia	47	218	118	205	314	1,082	1,404	1,648	1,318	5,227	2,326	4,157	
Cameroon	0	11	0	0	68	60	871	347	31	91	95	310	
Canada	68,754	61,585	64,196	71,372	71,456	77,022	78,511	89,572	74,176	94,584	126,164	142,600	
Cayman Islands	2	1	18	1	1	0	0	103	26	23	3	6	
Central African Republic	0	0	0	0	0	0	0	0	68	17	37	0	
Chad	26	0	2	0	0	0	0	0	0	23	0	0	
Chile	11,168	11,114	9,478	11,684	15,634	17,768	20,649	26,549	22,654	26,603	32,445	30,576	
China	4,936	12,209	12,706	17,174	28,367	25,376	35,585	47,813	59,246	89,223	103,995	120,745	
Christmas Islands	0	0	0	0	0	0	0	0	0	0	18	0	
Cocos (Keeling) Islands	0	10	0	0	0	0	0	0	0	0	98	0	
Colombia	2,551	2,868	2,868	3,209	3,440	4,479	4,074	5,282	5,920	6,043	11,085	9,003	
Comoros	0	0	0	0	0	0	0	0	85	888	39	198	
Congo	45	20	15	155	147	188	544	912	1,323	2,673	2,168	2,129	
Cook Islands	0	0	0	1	200	0	0	0	99	711	36	0	
Costa Rica	234	211	99	189	152	226	426	430	249	626	1,306	1,756	
Côte d'Ivoire	691	732	569	541	834	562	785	1,333	1,681	1,606	2,543	4,567	
Croatia	2,907	2,460	2,527	2,421	3,110	1,888	2,208	2,325	0	1,491	1,713	1,551	
Cuba	0	17	26	16	1	27	143	30	45	34	2	16	
Cyprus	5,499	1,039	914	1,104	1,791	2,051	2,324	2,572	3,683	2,200	2,448	1,746	
Czech Republic	1,270	1,511	2,216	3,267	4,294	5,963	7,612	7,823	5,875	6,967	13,416	12,924	
Democratic Republic of the Congo	74	11	113	0	47	23	0	0	0	18	6	20	
Denmark	8,771	9,610	8,673	11,232	12,007	21,061	23,110	30,447	17,286	24,271	26,714	26,272	
Djibouti	251	106	226	10	17	1,146	44	24	26	274	163	377	
Dominica	17	66	64	111	214	232	264	519	2,612	106	679	62	
Dominican Republic	385	59	0	0	0	0	0	0	0	322	0	1,237	
Ecuador	1,411	1,797	1,589	2,142	2,209	3,236	3,780	4,291	4,098	5,143	6,574	7,307	
Egypt	13,616	10,535	10,993	12,367	13,738	18,396	18,610	21,284	17,395	21,859	34,069	41,660	
El Salvador	869	617	618	679	452	566	968	820	624	852	1,692	359	
Eritrea	0	0	0	10	0	0	0	47	178	60	0	121	
Estonia	425	475	550	802	1,372	1,194	1,598	2,379	1,430	2,550	5,793	3,589	
Ethiopia	760	201	404	421	472	345	229	257	763	257	2,528	2,542	
Faroe Islands	0	53	0	0	0	0	0	0	80	50	52	0	
Fiji	1,059	1,067	1,287	1,451	2,038	1,975	1,777	2,312	1,868	2,450	2,681	3,055	
Finland	12,925	16,795	15,575	16,414	22,235	15,127	29,144	25,537	19,520	11,656	13,969	12,990	
France	107,160	94,924	86,797	100,413	120,622	154,231	176,269	180,604	144,354	159,785	184,157	182,191	
French Polynesia	18	26	22	60	6	2	142	0	0	12	11	10	
French South Antarctic Territories	0	0	0	7	0	0	4	0	12	1	3	0	
Gabon	59	72	0	0	1	41	0	72	53	166	84	106	
Gambia	248	268	401	451	715	529	879	1,057	1,163	1,752	1,733	1,914	
Georgia	380	267	668	876	545	585	1,115	1,802	1,404	1,857	1,738	1,363	
Germany	198,460	199,161	229,033	271,078	270,533	328,462	438,048	405,676	347,963	400,570	508,341	459,362	
Ghana	144	303	965	1,692	2,271	2,479	2,994	5,448	6,091	7,084	13,717	11,671	
Gibraltar	3	32	0	60	0	27	50	0	75	314	0	0	
Greece	7,219	7,082	7,790	8,120	8,184	8,071	12,030	15,033	12,680	14,447	15,576	7,727	
Greenland	9	0	0	26	18	3	9	18	0	0	4	2	
Grenada	0	0	3	0	29	0	2	0	0	6	0	0	
Guatemala	2,066	2,202	1,945	1,308	2,349	2,446	2,114	2,740	2,723	3,647	4,724	4,497	
Guinea	783	1,405	1,779	618	693	815	1,435	1,919	2,005	2,779	2,921	2,178	
Guinea-Bissau	28	9	34	0	42	0	40	0	33	0	72	199	
Guyana	76	0	16	74	14	132	48	117	104	362	367	269	
Haiti	0	0	158	18	9	155	73	165	64	111	166	397	
Honduras	424	594	619	888	394	835	909	700	1,165	1,219	1,507	1,524	
Hong Kong, China	52,652	56,730	74,865	65,449	60,106	71,579	83,307	143,595	96,812	116,872	108,884	112,521	
Hungary	1,638	764	1,128	1,557	2,247	2,350	2,318	3,336	5,400	3,202	5,247	5,449	
Iceland	323	21	244	291	149	908	443	344	145	482	788	519	
India	71,977	170,451	241,155	384,530	558,819	489,039	515,830	417,947	325,022	467,182	521,264	598,629	
Indonesia	5,455	8,401	7,757	7,520	23,487	47,248	48,360	39,743	45,321	92,347	118,012	117,567	
Iran (Islamic Republic of)	29,446	35,022	35,207	57,749	74,087	83,312	117,082	154,506	145,701	151,723	180,264	197,366	
Iraq	19,061	22,709	8,723	10,817	20,233	24,303	26,438	42,474	37,439	52,065	85,578	87,169	
Ireland	15,115	14,437	14,591	17,186	18,976	21,328	27,009	24,553	20,930	24,982	30,890	26,598	
Israel	55,300	39,394	43,682	28,894	41,673	39,327	44,227	66,048	35,355	46,878	56,927	74,636	
Italy	61,097	71,885	116,139	153,028	198,384	257,713	391,789	444,912	437,557	463,124	609,584	516,610	
Jamaica	468	1,112	590	717	1,185	1,072	754	1,064	2,432	1,606	1,700	1,592	
Japan	185,757	140,219	158,526	154,310	142,422	162,633	161,529	162,150	140,639	169,301	223,492	218,341	
Jordan	22,043	23,160	28,976	31,266	27,354	26,390	21,238	52,148	54,109	69,826	40,045	44,172	
Kazakhstan	2,093	2,264	2,136	2,451	2,624	3,286	4,611	3,910	3,925	6,387	5,242	5,575	
Kenya	1,563	2,586	3,166	4,965	4,372	4,326	4,401	5,221	3,482	5,729	9,704	8,964	
Kiribati	11	13	0	0	3	0	22	31	11	20	19	31	
Korea, Democratic People's Republic of	16	37	28	0	3	55	62	99	40	3,928	982	1,371	
Korea, Republic of	28,235	33,172	27,090	18,379	22,863	25,466	28,708	34,720	33,687	30,132	45,026	45,581	
Kuwait	9,096	9,678	9,967	10,021	12,220	12,754	13,434	29,880	36,770	44,935	42,234	38,184	
Kyrgyzstan	1,163	1,143	1,440	1,575	1,238	578	1,439	3,054	1,350	2,914	4,989	4,381	
Lao People's Democratic Republic	0	0	129	0	112	16	37	0	0	8	96	86	
Latvia	1,263	1,407	1,293	1,314	933	1,339	1,337	1,743	3,547	4,811	7,375	7,948	
Lebanon	7,648	5,575	6,850	6,217	5,920	6,029	10,389	11,081	12,798	13,073	16,163	15,438	
Lesotho	0	0	7	0	0	0	1	0	5	0	5	196	
Liberia	452	1,290	738	137	100	176	168	295	567	527	717	458	
Libya	37,020	10,152	34,012	2,856	21,167	11,310	22,965	21,447	24,537	35,143	23,467	67,902	
Lithuania	2,368	2,764	2,469	2,524	2,876	3,321	3,532	3,554	3,761	4,437	5,413	7,675	
Luxembourg	108	32	11	2	87	194	21	171	0	330	27	14	
Macao, China	432	396	735	869	824	512	668	1,496	559	603	689	486	
Macedonia, The Former Yugoslav Republic of	0	0	0	466	514	682	806	1,130	776	744	1,292	841	
Madagascar	1,566	1,877	5,170	2,835	2,788	1,058	391	499	905	368	221	174	
Malawi	34	30	24	36	18	17	219	313	97	87	168	241	
Malaysia	6,712	8,670	11,349	8,534	12,603	24,633	36,800	45,981	48,157	72,704	96,325	69,584	
Maldives	50,445	45,877	54,396	60,011	24,739	29,339	50,887	47,703	33,621	38,503	55,204	60,614	
Mali	29	241	335	146	231	223	620	145	237	323	498	458	
Malta	199	327	182	177	299	152	479	1,354	1,216	1,394	575	1,160	
Marshall Islands	0	0	0	0	0	8	0	12	0	32	0	52	
Mauritania	102	170	199	267	253	237	287	455	498	375	1,230	1,106	
Mauritius	1,400	1,723	3,168	3,629	2,407	1,933	1,768	1,548	1,656	2,387	3,794	1,905	
Mexico	30,599	38,237	37,654	37,990	46,173	46,815	62,716	64,586	58,842	61,066	97,818	103,556	
Micronesia (Federated States of)	130	0	0	0	0	0	32	6	0	0	0	0	
Mongolia	47	63	149	388	456	550	1,309	1,692	1,381	1,064	2,109	1,248	
Montenegro	0	0	0	0	0	0	0	0	494	45	0	0	
Montserrat	0	0	31	0	31	0	0	6	0	41	1	1	
Morocco	974	626	892	1,434	1,355	1,745	2,183	2,912	2,005	3,453	4,225	1,714	
Mozambique	4	18	21	24	21	84	16	192	102	192	356	283	
Myanmar	593	274	238	210	103	114	511	188	19	166	176	607	
Namibia	0	0	4	13	350	6	11	5	49	15	112	32	
Nauru	25	12	51	0	0	0	0	2	16	4	0	2	
Nepal	335	882	1,659	275	295	3,564	183	187	271	689	642	1,148	
Netherland Antilles	88	53	2	47	29	87	21	16	90	0	154	50	
Netherlands	86,462	77,475	87,359	103,788	98,835	121,360	150,989	157,284	156,383	184,946	197,550	165,731	
New Caledonia	16	4	6	14	26	24	18	65	48	85	92	136	
New Zealand	5,744	5,964	7,875	8,101	10,009	12,481	12,577	15,134	14,204	17,567	22,433	22,309	
Nicaragua	398	435	376	245	358	752	518	688	693	670	1,597	1,312	
Niger	2	0	0	0	52	208	276	257	444	432	627	854	
Nigeria	1,552	1,860	891	791	4,120	1,235	3,064	3,149	2,131	2,666	4,236	4,892	
Niue	0	0	10	0	3	3	9	0	0	0	0	0	
Norfolk Island	0	0	0	0	0	8	0	0	0	0	0	4	
Northern Mariana Islands	0	0	0	0	0	0	0	0	0	54	14	0	
Norway	7,049	6,455	6,555	7,130	8,515	12,006	16,443	18,836	13,291	15,938	21,458	19,642	
Oman	4,634	4,933	2,985	2,535	6,358	4,194	4,101	7,649	6,651	9,299	9,768	9,527	
Pakistan	24,868	28,822	36,136	39,125	43,022	58,296	55,404	71,351	55,483	60,453	75,231	87,158	
Palau	1	0	3	25	0	0	0	0	5	0	0	3	
Palestine, State of	299	130	0	223	171	403	121	276	18	20	0	0	
Panama	2,920	2,760	1,418	2,313	4,228	3,082	6,039	5,591	4,987	4,825	6,547	7,701	
Papua New Guinea	596	307	213	202	375	502	834	1,033	1,159	614	1,011	789	
Paraguay	101	247	136	173	118	168	180	301	105	21	490	51	
Peru	3,732	2,662	5,107	2,365	4,532	4,989	4,821	6,892	6,844	7,459	7,744	13,451	
Philippines	4,374	6,274	5,866	2,711	3,213	6,125	4,608	3,457	20,617	12,329	9,373	8,315	
Pitcairn	0	0	0	0	0	0	3	22	0	0	0	2	
Poland	11,982	9,273	12,635	18,004	19,870	26,925	33,989	38,081	30,638	27,634	43,805	39,489	
Portugal	5,949	4,217	5,458	6,318	5,236	4,134	5,676	5,389	4,666	4,017	7,310	4,698	
Qatar	884	991	1,055	1,899	2,941	4,386	3,948	5,878	5,671	8,247	10,861	7,909	
Republic of Moldova	744	629	763	878	1,057	971	1,726	2,169	2,109	2,450	2,500	2,876	
Romania	145	331	447	668	832	3,566	3,921	8,752	5,567	3,855	4,730	6,000	
Russian Federation	115,596	126,481	140,829	150,163	157,416	188,009	201,965	220,694	192,505	242,995	281,231	262,277	
Rwanda	52	2	22	32	194	46	393	314	764	445	128	624	
Saint Helena	0	0	0	1	0	0	0	0	0	31	41	36	
Saint Kitts and Nevis	10	10	2	117	22	3	18	7	6	5	228	0	
Saint Lucia	15	48	66	129	38	47	71	15	39	113	57	18	
Saint Vincent and the Grenadines	6	43	10	5	11	67	0	11	6	13	11	0	
Samoa	39	82	90	30	81	30	7	17	31	110	0	3	
Sao Tome and Principe	0	0	0	0	0	0	0	0	0	0	128	24	
Saudi Arabia	31,056	30,281	29,959	30,759	37,931	28,486	51,346	53,485	40,093	43,895	62,805	61,587	
Senegal	150	147	319	306	246	518	629	301	168	452	1,352	618	
Serbia	0	0	0	0	0	0	0	1,124	510	247	0	0	
Seychelles	395	163	115	184	936	2,171	2,996	2,403	1,427	1,123	826	1,806	
Ship stores and bunkers	0	0	0	0	84	0	393	0	0	0	0	0	
Sierra Leone	139	119	153	260	368	319	457	312	641	673	1,223	1,654	
Singapore	57,113	72,198	59,960	82,444	71,375	73,652	80,441	76,919	87,636	186,345	406,427	103,182	
Slovakia	17	58	345	266	156	1,785	7,588	13,440	19,758	18,967	29,431	18,500	
Slovenia	213	249	677	505	532	844	776	1,417	1,305	1,821	2,842	2,214	
Solomon Islands	0	2	24	0	0	15	26	0	565	45	104	4	
Somalia	0	49	40	0	1	8	0	0	78	9	1,414	19	
South Africa	10,142	10,581	12,908	11,809	11,523	15,695	18,095	16,182	15,612	20,859	29,611	25,970	
Spain	34,801	27,231	29,713	38,696	52,241	54,410	62,752	65,978	43,823	52,351	68,664	60,900	
St. Pierre and Miquelon	0	0	0	0	0	0	0	203	0	0	0	0	
Sudan (North + South)	33	39	151	286	418	129	235	2,062	775	1,133	6,367	6,031	
Suriname	129	104	76	126	69	131	53	220	123	94	144	400	
Swaziland	0	159	17	0	3	32	175	372	202	275	735	1,984	
Sweden	16,699	18,299	19,793	24,286	26,343	36,632	57,452	60,335	38,991	58,402	78,626	61,696	
Switzerland	27,442	24,949	17,531	31,083	37,086	52,654	52,433	72,927	52,300	67,471	87,895	93,983	
Syrian Arab Republic	55,669	64,993	62,540	65,723	67,193	82,526	90,032	112,223	131,924	119,640	129,174	106,681	
Taipei, Chinese	12,367	11,977	11,677	12,071	11,800	17,150	14,750	17,435	21,087	36,374	22,665	26,752	
Tajikistan	25	0	78	52	84	126	157	451	460	467	410	300	
Tanzania, United Republic of	191	590	726	1,659	1,748	2,388	4,103	6,279	4,933	7,596	20,421	15,915	
Thailand	36,873	14,148	11,135	18,498	26,572	37,429	46,755	77,648	62,789	84,049	75,670	70,371	
Timor-Leste	38	0	0	7	0	8	0	4	17	28	13	25	
Togo	498	210	365	250	448	605	1,082	1,299	1,420	1,347	1,203	623	
Tokelau	0	44	0	0	0	6	0	1	0	2	47	84	
Tonga	0	9	34	8	0	0	36	0	0	0	4	3	
Trinidad and Tobago	881	522	379	854	235	1,268	990	1,638	1,265	1,149	1,460	1,694	
Tunisia	11,013	10,431	7,248	8,974	10,828	14,755	10,396	11,262	8,108	3,012	8,276	2,307	
Turkey	46,183	47,635	55,605	75,572	56,030	52,504	74,084	116,446	112,444	163,500	150,891	139,771	
Turkmenistan	61	152	158	168	244	311	374	615	421	823	1,169	892	
Turks and Caicos Islands	0	11	0	0	3	0	0	42	0	0	17	17	
Tuvalu	0	0	0	0	0	0	0	0	0	0	20	0	
Uganda	39	143	498	72	104	6	23	464	1,062	2,832	2,784	779	
Ukraine	28,676	24,144	25,940	26,697	25,161	29,917	35,047	58,992	41,950	56,040	67,996	57,607	
United Arab Emirates	145,365	119,406	106,731	117,227	144,798	172,587	209,872	255,488	211,388	246,587	297,001	226,204	
United Kingdom	576,271	589,872	638,234	774,254	774,838	878,867	1,017,161	1,090,109	1,024,061	1,021,905	1,110,297	1,061,572	
United States Minor Outlying Islands	51	66	164	110	36	522	39	355	56	860	1,591	752	
United States of America	1,925,671	1,763,005	1,774,314	1,860,590	1,983,231	2,002,371	1,977,976	1,886,241	1,589,753	1,767,685	2,143,901	2,116,798	
Uruguay	828	398	559	625	507	531	579	943	842	1,653	3,113	2,552	
Uzbekistan	2,591	3,062	2,725	3,304	3,138	1,431	2,535	4,582	4,851	6,810	7,108	9,469	
Vanuatu	0	0	0	1	16	9	0	0	13	28	2	21	
Venezuela	499	174	64	266	368	146	4,462	1,869	615	19,860	18,609	2,028	
Viet Nam	7,385	9,294	8,367	5,698	7,704	3,689	13,256	15,687	10,621	20,957	19,885	21,916	
Wallis and Futuna Islands	0	0	0	0	0	0	0	0	0	0	3	9	
Western Sahara	0	17	10	0	0	0	0	0	0	0	0	0	
Yemen	823	633	1,196	993	603	659	812	811	917	983	1,286	2,751	
Zambia	102	64	834	112	200	156	58	146	21	119	85	131	
Zimbabwe	68	99	91	118	130	292	2	108	75	262	368	367	
