List of importing markets for a product exported by Taipei, Chinese (Mirror) Product: TOTAL All products
"Importers"	"Exported value in 2001"	"Exported value in 2002"	"Exported value in 2003"	"Exported value in 2004"	"Exported value in 2005"	"Exported value in 2006"	"Exported value in 2007"	"Exported value in 2008"	"Exported value in 2009"	"Exported value in 2010"	"Exported value in 2011"	"Exported value in 2012"	"Exported value in 2013"	
Total	151,735,105	164,425,680	182,370,564	224,747,873	246,823,578	283,373,114	312,868,698	321,258,108	257,548,447	339,272,546	377,276,329	375,568,524	359,593,961	
Afghanistan								2,942	1,198	5,342	6,362	0		
Albania	271	790	1,556	1,879	2,310	2,944	7,040	7,330	6,419	7,545	7,679	13,984	9,379	
Algeria	19,136	24,090	26,759	37,232	45,267	37,022	53,616	68,923	61,016	107,034	85,351	92,090	103,046	
Andorra	1,364	2,592	1,534	4,174										
Anguilla	5	3	19											
Antigua and Barbuda					467		886		1,053	542	309	580	290	
Argentina	230,405	59,876	130,558	186,656	178,848	278,874	330,424	402,903	291,104	444,584	539,095	511,140	541,511	
Armenia	349	591	484	1,703	1,005	4,134	4,169	9,301	8,419	8,787	10,349	10,806	14,187	
Aruba					213				481	637	709	628		
Australia	1,565,100	1,820,217	2,169,871	2,636,387	2,761,950	3,104,205	3,585,682	3,745,898	2,632,901	3,251,932	3,896,901	3,871,650	3,500,783	
Austria	604,883	490,709	485,603	637,756	671,341	704,207	771,083	934,321	419,797	524,074	513,182	465,467	490,223	
Azerbaijan	3,503	2,324	1,427	1,149	2,084	2,665	3,754	5,439	10,012	19,176	29,497	27,841		
Bahamas	3	80	5	48	49	0	0	0	0	0	225	110		
Bahrain	26,950	26,021	27,956	22,586	28,690	20,730	27,256	56,225	47,437	39,728	69,611			
Bangladesh	418,954	307,732	363,231	367,926	404,143	419,293	428,908							
Barbados	6,933	6,342	6,097	8,184	7,967	7,486	7,362	6,242	5,577	5,714	5,902	5,236	5,877	
Belarus	18,590	16,320	17,576	34,895	36,169	43,994	67,141	95,368	76,462	99,523	117,174	108,733	136,460	
Belgium	773,846	575,689	661,937	919,009	949,558	959,781	1,240,621	1,184,461	776,708	925,368	1,195,531	1,003,947	1,227,877	
Belize	3,385	2,201	1,722	1,760	1,270	5,734	4,566	5,358	3,271	4,273	4,803	4,030	3,348	
Benin	2,685	1,607	1,270	974	3,292	1,929	909	440	1,771	370	4,125	1,540	834	
Bermuda												2,130	2,560	
Bhutan					4,001	648	15	23	106	59	455			
Bolivia	20,731	12,363	6,959	7,999	9,399	13,428	15,980	24,853	24,323	31,969	35,976	41,464		
Bosnia and Herzegovina			10,106	12,403	13,940	10,797	17,808	21,546	13,344	14,465	16,032	14,124	18,720	
Botswana	8,800	8,133	4,603	4,001	3,336	5,621	10,332	7,981	6,199	7,282	9,126	5,729	3,703	
Brazil	735,536	686,959	646,063	981,120	1,323,147	1,748,735	2,285,405	3,536,981	2,413,221	3,092,969	3,509,433	3,168,809	2,937,809	
Brunei Darussalam	20,413	18,580	18,582	20,950		27,554				47,671	57,922	50,050	39,507	
Bulgaria	32,734	48,593	72,999	103,123	116,972	125,547	152,712	171,816	60,509	76,666	80,916	83,397	87,940	
Burkina Faso	1,401	1,446	615	3,593	1,219		2,536	2,614	6,841	18,039	13,208	20,735		
Burundi	88	66	103	40	348	0	62	1	38	76	99	225	139	
Cabo Verde	2,844	6,556	91	58	47	21	42		104	9	138	252	25	
Cambodia	174,463	189,470	188,883	242,605	291,582	382,362	383,122	365,765	341,792	477,060	512,916	534,035		
Cameroon	2,549	4,386	3,234	3,058	2,985	11,239	19,309	18,911	9,968	5,137	13,831	14,033		
Canada	2,850,278	2,704,463	2,689,852	3,024,725	3,213,077	3,425,096	3,643,144	3,742,316	2,948,205	3,856,091	4,981,696	4,588,741	4,577,618	
Central African Republic	31	16	1			0	56	8	21	39	375	52	102	
Chile	173,348	169,070	254,774	246,682	291,478	358,967	341,516	355,006	289,953	375,359	430,875	466,602	472,300	
China	27,338,758	38,061,484	49,360,598	64,759,316	74,680,434	87,098,633	101,027,666	103,338,103	85,722,961	115,733,646	124,910,647	132,199,339	156,586,943	
Colombia	166,381	161,786	164,458	163,742	226,821	277,133	304,892	376,586	294,173	339,265	500,129	553,631	557,203	
Comoros	0	0	0	45	0	16	0	0	0					
Congo							126	214	617	651	770	780	843	
Cook Islands					91									
Costa Rica	67,285	64,792	64,932	65,248	86,064	169,754	159,044	141,899	91,612	87,180	102,879	106,129	113,531	
Côte d'Ivoire	10,498	14,312	9,550	10,248	18,180	11,850	16,438	14,718	27,465	27,994	17,340	19,381		
Croatia	48,984	82,358	106,117	110,839	112,810	110,933	126,132	134,727	94,390	148,840	101,303	80,318	32,991	
Cuba	15,092	13,026	14,076	14,857	13,636	17,888								
Cyprus	42,423	40,527	42,127	42,674	41,725	41,085	51,695	59,785	38,745	47,515	31,276	29,609	24,322	
Czech Republic	318,418	532,230	585,416	655,712	708,323	1,140,716	1,242,888	1,296,653	941,684	1,265,874	1,177,666	1,168,205	1,109,914	
Denmark	320,000	319,037	425,471	660,867	661,365	674,965	753,876	622,675	400,980	487,252	509,182	442,301	441,054	
Djibouti									49					
Dominica	821	681	915	609	412	228	118	115	48	184	62	111		
Dominican Republic	75,144	0	0	0	0	0	0	0	0	0	0	0	0	
Ecuador	68,565	65,997	84,378	82,865	84,986	108,413	112,529	170,678	122,947	168,241	234,698	191,673	237,089	
Egypt	125,547	113,644	121,176	106,599	158,258	191,420	197,850	358,763	300,037	499,806	423,691	511,475	525,577	
El Salvador	38,426	40,157	58,530	47,564	97,945	93,474	97,439	119,207	87,466	97,754	139,752	157,436	168,754	
Eritrea			6											
Estonia	38,054	42,988	60,858	90,803	115,119	140,710	125,511	107,564	64,124	94,759	124,502	109,341	121,619	
Ethiopia	9,570	6,488	24,989	19,539	14,923	18,924	26,655	23,515	21,940	33,029	35,788	66,806		
Faroe Islands	3,093	3,238	2,734	3,290	3,404	4,176	4,687	3,934	2,578					
Fiji		11,300	14,055	13,882	13,436	13,784	13,288	16,694	15,921	24,017	29,065	30,691		
Finland	291,110	250,270	298,837	386,942	519,670	720,971	877,668	624,926	255,549	269,595	310,870	256,698	262,488	
France	2,096,400	1,983,263	2,438,594	2,872,958	3,044,232	3,619,463	3,782,162	3,751,714	3,000,861	3,792,634	3,237,282	3,024,104	3,107,622	
French Polynesia	10,720	9,689	10,100	11,031	11,709	10,653	10,016	12,695	8,933	10,085	8,419	8,355	10,154	
Gabon	1,411	0	1,444	953	1,638	2,208	870	1,928	1,014					
Gambia	43	173	46	21	139	4	65	41	311	793	1,602			
Georgia	270	490	425	1,348	2,477	4,742	7,407	9,266	6,837	6,459	8,790	7,455	12,486	
Germany	5,859,894	5,459,869	6,146,259	6,889,431	6,605,562	7,600,719	8,076,119	8,198,844	6,554,499	8,556,682	9,535,097	8,496,538	8,620,887	
Ghana	6,581		9,020		16,670	21,840	18,354	28,283	18,839	85,199	77,722	138,133		
Greece	163,915	154,656	180,062	218,346	204,501	247,653	297,286	331,240	232,325	214,715	269,410	124,305	155,231	
Greenland	0	0	840	2	0	1,017	241	922	1,134	1,093	964	728	335	
Grenada	689	537	542	941	2,989	983	1,205	1,457						
Guatemala	58,802	66,997	0	89,109	138,682	110,075	126,763	110,352	98,059	93,340	122,747	128,908	125,648	
Guinea	498	2,120		961	1,601	2,007	170	5,767		12,951	18,924	19,639		
Guyana	2,094	1,793	1,562	1,849	1,367	1,837	1,639	2,538	1,882	4,650	4,759	6,984	3,320	
Honduras	6,967	20,739	21,353	25,754	37,178	31,093	55,632	44,314	36,327	54,882	60,123	50,374	70,631	
Hong Kong, China	13,839,989	14,862,218	16,076,411	19,753,537	21,643,356	25,288,196	26,506,314	24,718,403	22,748,845	29,043,593	31,086,531	31,625,929		
Hungary	484,934	587,202	743,150	485,273	772,456	1,198,311	1,921,771	1,962,356	1,141,158	1,360,670	1,302,713	1,176,368	968,239	
Iceland	18,103	20,922	21,362	23,388	25,319	29,771	34,771	25,030	23,592	19,194	22,960	22,659	18,326	
India	544,502	577,155	778,575	979,216	1,376,149	1,541,294	2,254,391	2,680,470	2,575,110	3,635,333	5,223,436	4,350,784	4,140,538	
Indonesia	1,074,215	1,011,280	878,109	1,243,023	1,341,427	1,324,137	1,506,535	2,850,567	2,393,233	3,241,948	4,259,542	4,692,769	4,480,461	
Iran (Islamic Republic of)	167,663	189,091	239,125	276,908	318,797	0				493,540	454,498			
Ireland	962,828	937,320	889,558	1,180,268	1,145,854	1,225,182	1,059,818	790,804	387,894	216,340	255,258	275,384	284,463	
Israel	430,414	368,683	385,566	499,249	553,350	617,179	708,646	712,526	544,292	709,175	761,429	782,203	827,800	
Italy	1,491,917	1,370,017	1,712,151	1,935,032	2,055,240	2,367,280	2,761,673	2,833,086	1,957,849	2,690,893	2,738,543	2,011,348	1,925,604	
Jamaica	17,189	18,207	22,085	24,937	21,524	21,068	21,856	21,293	14,847	16,408	14,948	15,720		
Japan	14,186,307	13,582,911	14,311,372	16,693,091	18,064,148	20,337,382	19,861,880	21,809,504	18,335,874	23,125,123	23,256,719	24,051,698	23,744,112	
Jordan	84,843	110,331	137,652	161,350		174,556	175,709	188,522	165,844	179,661	251,194	273,054	362,975	
Kazakhstan	6,345	5,833	9,907	18,386	25,771	38,897	71,299	43,913	0	0	38,049	81,164	112,964	
Kenya	20,749	13,093	15,752	12,791	46,100	41,887	63,592	62,225	58,271	78,912	111,699			
Kiribati					3,663		1,000	516	656	599	1,020	891		
Korea, Republic of	4,301,422	4,831,996	5,879,623	7,312,301	8,049,551	9,287,534	9,966,531	10,642,868	9,851,388	13,647,080	14,693,589	14,011,958	14,632,594	
Kuwait	91,131	102,724	117,176	144,966		146,412	174,628	194,386						
Kyrgyzstan	235	148	140	306	1,535	1,440	1,284	2,880	2,288	1,640	4,948	4,032		
Latvia	7,741	10,643	19,097	21,352	26,584	41,411	49,117	50,261	24,543	33,786	48,232	39,913	54,055	
Lebanon	77,400	63,137	54,427	75,859	69,704	65,953	85,210	104,203	84,641	161,719	111,666	100,622	118,790	
Lesotho	5,542	44,623	68,159					0	0	57,899				
Libya							3,332	10,320	11,630	26,902				
Lithuania	44,696	54,613	61,090	50,721	71,445	85,353	88,199	86,465	39,269	57,968	70,675	62,582	62,490	
Luxembourg	77,558	11,621	33,142	72,039	60,361	34,190	34,548	58,972	52,650	53,655	81,877	54,735	43,052	
Macao, China	159,121	169,087	159,849	168,825	157,381	146,681	186,607	177,578	140,355	134,753		175,492		
Macedonia, The Former Yugoslav Republic of	6,787	6,224	8,487	12,485	13,797	13,589	21,665		21,904	23,757	27,413	26,012	28,818	
Madagascar	9,647	19,136	27,110	40,088	19,279	25,316	28,495	26,955	19,415	12,265	12,838	13,238	15,617	
Malawi	10,709	11,930	14,861	15,234	14,454	13,539	12,015	13,454	6,817	9,330	8,565	7,509	10,281	
Malaysia	4,192,689	4,444,989	4,123,542	5,689,719	6,327,482	7,152,586	8,358,125	7,524,754	5,251,207	7,418,421	8,846,257	8,160,787	10,021,624	
Maldives	2,040	1,127	1,553	1,289	2,005	1,901	2,372	3,304	3,759	4,004	3,683	3,813	3,619	
Mali	3,420	2,473	1,820	3,533	1,504	1,772	1,197	2,438		618	1,466	1,918		
Malta	26,828	26,794	33,153	39,421	39,034	73,755	67,880	56,991	41,701	36,923	40,549	39,240	61,086	
Mauritania	66	21	94	50	57		51	1,388	83	409	53	380		
Mauritius	35,571	47,610	41,930	45,216	58,143	73,746	61,747	63,619	49,749	73,154	80,449	115,569	99,981	
Mayotte	736	573	762	923	964	1,508	1,690	952	3,907					
Mexico	3,014,951	4,249,432	2,508,742	3,478,506	4,066,047	4,973,705	5,897,087	6,658,519	4,592,147	5,620,693	5,769,866	6,183,006	6,689,041	
Mongolia	1,952		1,900	4,906	2,467	3,167	3,858						12,488	
Montenegro						3,331	5,736	7,938	3,874	6,316	4,893	5,068	4,464	
Montserrat	11	6	11	12	16	24	7	2	6			1	0	
Morocco	57,899	63,988	90,690	90,204	75,537	70,029	99,708	118,503	108,626	129,863	146,874	95,468	89,827	
Mozambique	3,908	2,342	2,474	3,209	2,058	3,735	3,286	117,620	7,152	7,620	14,336	10,882	17,106	
Myanmar										53,750				
Namibia	794	1,131	5,352	1,572	1,423	2,049	2,204	2,133	4,234	2,122	3,062	2,328	34,988	
Nepal			22,289						22,635	18,171	26,612			
Netherland Antilles					1,510	1,138	993	1,592						
Netherlands	5,112,228	5,110,020	5,751,065	6,553,027	4,282,457	3,757,644	3,529,412	3,143,320	3,883,391	5,203,670	5,650,386	4,863,907	4,716,283	
New Caledonia	5,271	6,404	9,968	8,906	12,436	11,711	12,574	12,841	11,655	12,641	13,940	14,486	15,550	
New Zealand	276,654	302,545	404,432	530,287	619,558	473,172	677,565	689,686	386,007	520,640	536,642	633,859	634,238	
Nicaragua	14,182	20,017	17,952	16,111	16,141	16,297	15,402	18,814	13,613	16,260	18,407	21,953	25,255	
Niger	382	367	306	310	391	219	766	329	136	582	917	417	541	
Nigeria	128,016	247,081	267,029			323,532	271,860	410,228	591,279	564,757	382,569	185,830		
Norway	375,363	348,410	390,210	493,540	526,318	594,347	729,488	694,907	540,637	658,530	732,265	638,199	607,842	
Oman	30,294	22,792	89,466	13,336	16,828	24,843	38,427	47,020	82,351	106,401	171,340	63,048	72,408	
Pakistan			181,782	238,787	296,310	340,839	358,111	355,533	300,486	352,847	360,341	327,992	380,753	
Palau												6,898		
Palestine, State of							3,216	3,705	0	0	4,334	4,671		
Panama	24,447	18,761	19,462		26,723	719,964	861,870	1,793,365	866,301	423,890	270,881			
Papua New Guinea	2,955	2,236	2,031	3,668							68,932	85,340		
Paraguay	20,464	17,960	17,521	36,002	47,921	57,977	46,829	49,377	29,546	33,344	54,351	52,659	40,516	
Peru	105,199	118,016	132,927	151,157	185,279	174,871	257,437	298,905	265,657	328,395	439,747	461,792		
Philippines	2,094,424	2,136,170	2,140,962	3,322,678	3,641,905	4,246,910	4,190,707	4,037,995	3,184,323	3,871,320	4,391,227	5,076,741	5,120,591	
Poland	457,636	491,155	546,909	781,997	901,087	1,297,285	1,205,783	1,338,947	1,027,042	1,715,403	1,409,648	1,008,012	1,190,686	
Portugal	101,279	107,498	94,053	125,126	132,759	140,214	117,706	191,912	121,416	188,266	124,880	246,072	144,988	
Qatar	32,446	31,134	29,872	23,935	57,197	71,915	107,950	144,348	117,172	144,656	141,105	175,444	180,945	
Republic of Moldova	3,767	2,733	3,346	3,572	7,091	8,125	12,172	13,326	9,864	11,930	18,890	17,731	18,924	
Romania	101,323	216,711	203,368	259,544	227,041	297,956	179,193	190,457	153,585	215,346	234,217	164,433	164,451	
Russian Federation	165,531	208,681	261,999	343,055	492,369	757,070	1,215,275	1,824,831	921,490	1,532,100	2,037,104	2,007,818	1,926,692	
Rwanda	736	1,738	1,300	236	1,040	222	1,101	350	1,040	363	374	1,049	1,011	
Saint Kitts and Nevis	295	162	227	272	128	256	397	344	321	197	173			
Saint Lucia	1,291	705	774	1,225	1,300	682	337	981						
Saint Vincent and the Grenadines	604	1,397	1,550	3,079	2,059	1,715	712	766	626	984	628	460		
Samoa	629	773	757	810	631	795	1,055	1,302	777	681	647	1,292	973	
Sao Tome and Principe	0	0	92	171	366	129	122	170	293	1,503	545	916	296	
Saudi Arabia	314,373	309,629	349,086	406,528	518,557	531,927	724,867	1,007,439	685,304	939,195	1,236,960	1,707,961		
Senegal	3,129	1,936	3,367	3,797	3,267	2,685	3,120	4,432	7,131	5,588	3,986	3,640	4,088	
Serbia					37,929	45,172	52,050	62,373	41,456	51,585	50,345	42,481	51,837	
Serbia and Montenegro	8,686	16,709		42,912										
Seychelles	732	2,968	1,853		2,263	1,775		2,477						
Sierra Leone		1,354												
Singapore	4,932,145	5,327,081	6,484,777	9,921,792	13,322,504	15,997,857	16,486,910	17,311,094	13,378,021	19,741,161	26,976,051	25,286,295	29,007,047	
Slovakia	106,334	132,363	168,621	233,527	438,765	818,189	1,330,611	987,203	812,748	920,815	1,194,177	736,261	604,048	
Slovenia	63,288	80,605	81,348	103,516	85,244	90,045	129,040	147,203	90,935	97,079	133,691	115,277	116,493	
Solomon Islands								689	2,120	1,383	4,019			
South Africa	529,466	516,938	620,684	787,216	868,756	1,143,711	1,134,527	1,070,320	791,272	935,547	1,245,595	1,158,994	1,105,594	
Spain	887,256	894,754	1,006,760	1,250,889	1,377,599	1,636,784	2,143,866	2,252,802	1,471,210	1,819,169	1,619,395	1,098,259	1,190,466	
Sri Lanka	323,259	287,743	276,242	290,270	278,468	274,815	263,382	251,094	201,454	264,408	352,095	382,518		
Sudan (North + South)	6,995	6,619	7,279	13,587	10,342	14,416		3,172	11,382	15,778	21,579			
Suriname	1,953			3,082	3,424	3,447	3,017		3,088	3,598	2,931			
Swaziland	10,741	34,485	90,496	61,519	51,896	37,969	24,334							
Sweden	450,672	457,908	484,199	548,509	611,149	653,441	747,880	909,838	627,680	951,230	866,669	776,727	734,692	
Switzerland	479,301	430,305	401,811	467,605	435,197	492,089	591,568	636,482	514,571	650,603	789,041	1,014,535	1,010,218	
Syrian Arab Republic	108,047	84,716	71,383	87,270	91,607	149,596	134,642	218,197	166,236	136,210				
Tanzania, United Republic of	4,989	8,008	8,668	10,312	12,191	11,374	16,810	12,407	12,580	27,201	28,472	29,003	33,606	
Thailand	2,601,462	2,906,315	3,230,282	3,977,128	4,501,737	5,152,403	5,855,933	6,196,599	4,826,006	6,815,470	7,502,243	8,215,822	7,598,615	
Timor-Leste				11	109									
Togo	852	547	849	373	3,952		3,524	813	819	3,909	16,432	10,270	16,493	
Tonga	350	414	1,316					509	1,049	887	774	1,487		
Trinidad and Tobago	22,464	19,434	19,228	24,476	27,158	30,458	39,475	44,097	31,293	27,920				
Tunisia	56,450	42,684	43,620	54,211	51,279	67,736	93,883	111,458	110,808	141,543	206,606	201,842	147,165	
Turkey	316,327	521,296	752,655	1,206,365	1,530,266	1,649,209	1,884,289	1,683,904	1,339,662	1,843,020	2,025,398	2,058,797	1,947,108	
Tuvalu		71												
Uganda	1,975	2,775	2,525	2,590	3,333	4,858	14,319	10,376	8,574	8,120	25,395	32,298	18,099	
Ukraine	24,886	27,547	47,893	67,358	96,737	94,683	127,518	211,950	129,263	141,189	214,582	295,231	269,842	
United Arab Emirates					671,419		1,006,056	1,292,488						
United Kingdom	4,126,966	4,196,671	4,088,732	4,771,325	4,915,377	5,674,861	6,286,585	5,734,033	4,243,425	5,286,764	6,307,022	5,632,710	5,429,774	
United States of America	34,778,962	33,519,325	33,017,730	36,210,767	36,386,775	39,796,915	39,852,584	37,747,533	29,349,133	37,219,628	42,651,410	40,215,089	39,396,349	
Uruguay	22,368	12,793	20,394	26,281	54,800	55,792	65,572	79,720	57,622	99,225	110,819	123,384	141,398	
Vanuatu						249	365		1,615	695	649			
Venezuela	124,136	75,934	54,852	109,826	153,404	145,712		290,858	233,409	194,148	113,123	247,737	162,550	
Viet Nam	2,008,677	2,525,278	2,915,517	3,698,302	4,304,234	4,824,888	6,946,724	8,362,636	6,252,556	6,976,931	8,556,781	8,534,198		
Yemen				13,407	11,803	13,293	21,210	26,547	30,323	19,015	13,248	26,017		
Zambia	4,874	5,754	6,849	10,144	10,144	11,169	10,957	9,739	9,188	9,452	9,901	39,691	27,904	
Zimbabwe	8,691	28,698		11,942	8,565	5,522	8,899	3,468	3,504	8,562	10,746	8,850	9,349	
