List of importing markets for a product exported by Ecuador (Mirror) Product: TOTAL All products
"Importers"	"Exported value in 2001"	"Exported value in 2002"	"Exported value in 2003"	"Exported value in 2004"	"Exported value in 2005"	"Exported value in 2006"	"Exported value in 2007"	"Exported value in 2008"	"Exported value in 2009"	"Exported value in 2010"	"Exported value in 2011"	"Exported value in 2012"	"Exported value in 2013"	
Total	6,252,665	6,286,932	7,423,252	9,873,947	12,430,331	14,774,154	15,760,815	22,384,880	15,991,674	19,242,673	23,967,178	26,927,859	26,416,803	
Albania	4,632	3,933	7,205	6,825	7,875	9,673	16,385	14,798	11,698	12,405	12,876	11,842	15,660	
Algeria	11,934	59,891	68,980	83,557	55,669	43,233	59,954	89,762	86,514	101,487	170,195	167,981	176,343	
Andorra	56	20	2	11										
Antigua and Barbuda					24		85		205	163	126	122	98	
Argentina	116,744	23,339	39,590	54,526	62,552	71,504	110,007	138,579	137,406	163,413	209,751	238,524	271,072	
Armenia	0	706	0	1	317	3,694	10,076	10,506	11,026	11,403	16,424	15,348	8,291	
Aruba					303				0	0	0	0		
Australia	1,661	1,706	3,047	4,332	4,643	9,448	12,894	12,489	12,240	16,801	18,133	19,944	19,497	
Austria	36,735	32,762	47,377	46,917	55,730	67,851	51,154	68,918	4,526	4,577	3,389	3,143	1,990	
Azerbaijan	826	144	468	1,277	2,339	3,143	3,794	5,209	6,829	17,554	24,201	16,460		
Bahamas	2,347	31	71	46	134	67	117	219	322	168	220	296		
Bahrain	94	158	135	198	250	160	210	723	442	657	859			
Bangladesh	0	6,398	1,394	18,049	3,552	9,001	13,932							
Barbados	596	533	436	604	758	1,170	831	823	682	798	788	532	929	
Belarus	4,581	5,186	6,355	2,970	7,196	12,743	15,926	32,779	25,402	26,550	26,283	10,791	19,479	
Belgium	112,035	110,398	156,156	230,111	252,773	305,366	437,863	455,118	406,670	409,606	496,922	417,628	390,935	
Belize	302	460	616	263	331	292	374	0	129	146	0	20	10	
Benin	1	0	13	10	0	0	0	0	0	0	0	7	42	
Bermuda												9	1	
Bolivia	6,033	6,542	7,505	9,659	12,243	9,751	13,393	20,825	18,414	16,860	27,325	33,546		
Bosnia and Herzegovina			17,624	14,438	17,762	17,576	19,485	22,373	19,243	19,838	17,068	17,703	18,468	
Botswana	0	2	0	3	5	0	28	147	21	0	1	0	0	
Brazil	17,566	14,907	18,893	82,781	91,707	30,393	30,279	42,580	41,429	56,705	95,148	133,027	140,856	
Brunei Darussalam	0	21	55	48		15				153	0	3	1	
Bulgaria	3,915	5,297	9,733	9,494	12,985	12,172	27,288	32,209	10,021	9,057	5,424	11,856	10,401	
Burkina Faso	0	0	0	0	83		0	1	1	30	4	90		
Burundi	0	0	0	0	0	6	0	0	0	0	0	0	0	
Cabo Verde	0	0	0	0	0	39	0		0	0	0	0	154	
Cambodia	5	1	0	0	0	5	9	0	15	57	3	1		
Cameroon	23	192	371	66	95	62	173	312	137	384	332	185		
Canada	86,605	102,132	100,914	96,506	94,483	115,244	204,009	166,811	205,637	208,397	226,989	261,950	285,498	
Central African Republic	0	0	0			0	0	0	0	0	1	0	0	
Chile	123,272	92,451	80,324	139,152	271,554	607,723	758,500	1,597,728	938,438	799,443	1,298,165	2,154,893	2,514,879	
China	28,097	13,570	39,725	92,217	42,718	87,202	141,191	849,022	763,157	507,159	579,890	938,410	775,565	
Colombia	318,226	367,199	409,667	380,083	529,001	696,929	732,792	809,616	694,567	834,936	1,065,846	1,068,475	881,687	
Comoros	0	0	0	0	0	0	0	20	0					
Congo							113	3	173	189	0	34	107	
Costa Rica	5,920	8,274	6,831	7,633	23,587	14,766	14,614	14,007	13,655	16,707	20,289	26,830	33,772	
Côte d'Ivoire	5	4	7	53	5	365	411	269	50	62	173	3,342		
Croatia	13,823	13,372	15,916	17,622	19,193	19,871	26,666	37,650	35,414	35,210	36,979	35,615	14,986	
Cuba	12,053	8,350	8,227	10,970	14,208	9,495								
Cyprus	114	163	249	95	27	184	363	1,001	909	273	984	1,576	1,959	
Czech Republic	16,902	13,165	18,481	21,024	47,189	31,752	26,189	32,596	23,701	27,897	41,509	48,539	52,679	
Denmark	2,101	2,040	2,527	6,760	18,942	17,973	25,024	31,540	22,374	18,590	19,043	18,187	25,747	
Dominica	77	12	72	35	2	5	0	42	44	192	125	217		
Dominican Republic	12,092	8,690	6,764	15,534	37,025	39,778	37,752	44,776	53,269	41,143	37,973	53,308	72,569	
Ecuador	0	0	0	0	0	0	0	0	0	0	0	0	441	
Egypt	1,966	1,036	605	1,146	1,349	4,112	5,171	6,311	1,632	3,430	15,597	39,443	23,651	
El Salvador	127,409	152,485	168,259	94,722	108,716	152,446	275,857	327,092	223,239	254,140	255,786	187,464	76,427	
Estonia	2,904	2,546	3,308	6,395	4,980	8,478	7,255	4,930	1,710	2,178	964	2,567	3,516	
Ethiopia	761	233	896	5,284	1,029	438	4,206	6,193	2,871	1,124	603	1,599		
Faroe Islands	97	176	32	18	7	14	20	58	203					
Fiji		58	84	28	253	148	133	0	0	0	0	134		
Finland	6,130	7,279	7,162	8,140	9,554	14,762	21,091	20,921	1,336	2,444	3,474	4,177	5,675	
France	71,250	82,690	100,962	126,140	173,016	187,236	245,417	318,766	280,452	309,036	384,381	363,752	434,688	
French Polynesia	0	0	0	33	84	183	161	126	160	156	187	247	40	
Gabon	2	0	26	0	64	0	62	0	0					
Georgia	557	834	1,517	1,512	2,237	1,806	2,579	4,242	6,620	13,152	16,662	16,054	14,907	
Germany	274,661	323,902	403,910	453,173	537,430	473,810	518,003	665,362	558,857	519,883	700,541	664,222	647,834	
Ghana	1		66		241	37	80	79	1,655	1,626	3,372	332		
Greece	13,659	28,213	22,187	28,801	40,869	28,467	31,242	41,306	46,011	58,719	91,019	77,719	74,722	
Greenland	0	0	71	0	0	197	0	4	4	13	33	3	0	
Grenada	44	42	50	3	86	1	2	17						
Guatemala	36,380	57,632	8,672	10,024	92,562	146,083	190,147	124,122	206,817	178,339	184,022	220,178	134,743	
Guinea	0	14		0	1	0	21	0		1	0	0		
Guyana	105	122	1	75	279	177	124	47	242	844	611	218	263	
Honduras	1,385	9,092	11,275	8,745	99,991	74,119	66,549	238,912	125,269	93,691	239,658	227,590	144,740	
Hong Kong, China	7,856	6,723	7,584	11,022	12,725	24,756	21,966	15,897	13,505	16,792	27,186	17,221		
Hungary	5,750	11,993	14,435	2,173	4,372	726	567	929	92	1,069	8	340	4,908	
Iceland	596	534	393	453	773	624	1,134	1,030	536	784	1,380	1,067	3,428	
India	3,721	3,441	3,981	21,304	18,872	38,400	193,170	53,322	67,445	166,544	55,638	764,572	373,233	
Indonesia	3,484	1,093	959	1,987	3,298	3,451	4,901	5,790	3,698	2,494	6,479	6,830	13,119	
Iran (Islamic Republic of)	8	1,008	4,042	3,605	5,325	0				12,796	3,040			
Ireland	698	637	622	1,346	2,086	2,192	2,454	2,093	1,922	2,231	2,736	4,257	4,397	
Israel	6,183	3,652	3,885	5,704	7,116	2,968	3,515	4,571	3,691	4,061	8,469	4,063	5,587	
Italy	200,958	274,185	284,155	295,912	389,169	394,008	414,959	511,211	491,555	470,459	563,150	436,217	488,831	
Jamaica	8,823	55,063	89,613	53,950	30,580	3,404	3,541	3,907	5,171	2,942	2,154	2,313		
Japan	227,000	182,306	173,441	169,697	137,599	181,161	205,269	195,416	165,137	291,484	559,467	1,204,460	1,092,425	
Jordan	1,078	510	474	1,201		446	2,211	531	594	1,064	1,487	2,851	2,910	
Kazakhstan	1,178	1,793	3,999	7,203	9,746	13,390	22,641	30,627	31,941	32,273	27,296	30,121	38,871	
Kenya	3	16	0	151	45	163	46	823	468	1,225	389			
Korea, Republic of	296,891	315,198	257,667	443,838	28,797	12,931	23,277	25,957	10,053	12,254	30,634	39,507	48,399	
Kuwait	721	867	810	1,067		1,421	1,259	1,414						
Kyrgyzstan	187	229	382	543	719	738	1,150	2,168	48	5,072	6,319	4,365		
Latvia	380	303	297	528	2,260	977	1,283	975	214	275	374	168	76	
Lebanon	389	418	392	842	1,296	429	1,072	1,077	371	557	1,167	1,343	1,110	
Lesotho	1	1	0					0	0	0				
Libya							30,034	14,818	19,335	35,234				
Lithuania	14,937	13,608	16,610	7,367	9,511	3,112	632	2,530	2,240	2,007	8,963	5,322	8,213	
Luxembourg	51	146	201	351	97	517	735	2,823	3,009	2,336	878	642	769	
Macao, China	0	0	1	7	8	10	29	1	53	103		18		
Macedonia, The Former Yugoslav Republic of	563	1,011	2,966	7,209	6,187	6,982	9,907		10,136	10,618	12,672	11,870	11,399	
Madagascar	64	38	69	215	169	205	123	277	23	75	84	198	120	
Malawi	0	0	0	0	52	48	14	0	0	301	13	0	4	
Malaysia	762	276	766	452	1,189	1,850	4,613	2,276	2,328	191,087	67,432	40,774	116,168	
Maldives	0	0	0	0	0	0	0	2	77	94	55	85	64	
Mali	15	2	4	0	0	1	0	39		0	0	0		
Malta	1,932	2,220	1,979	1,081	1,217	391	119	308	220	169	298	709	1,303	
Mauritania	0	0	0	0	0		0	0	5	12	27	69		
Mauritius	5	55	52	15	72	109	87	607	494	368	148	241	106	
Mayotte	1	46	0	12	8	4	31	2	157					
Mexico	110,325	33,095	54,101	53,876	105,977	70,371	123,164	188,240	103,207	104,986	129,288	109,089	115,343	
Mongolia	0		0	8	0	10	0						246	
Montenegro						3,525	4,089	5,015	5,092	3,933	4,796	3,413	5,290	
Morocco	645	158	421	357	1,643	1,118	1,631	4,069	4,193	6,561	5,220	5,133	6,287	
Mozambique	3	0	0	126	856	316	266	59	54	79	8	0	93	
Namibia	1	11	0	143	0	31	21	353	0	502	0	351	0	
Nepal			4,431						102	1,341	1,557			
Netherland Antilles					615	947	1,013	1,270						
Netherlands	79,449	67,147	70,808	92,650	128,146	134,065	181,378	209,875	345,425	391,808	418,533	488,337	489,778	
New Caledonia	26	27	42	59	32	87	139	164	248	37	67	631	112	
New Zealand	29,216	33,269	22,017	21,483	23,478	21,570	22,293	22,682	21,679	22,804	20,653	18,948	25,840	
Nicaragua	15,875	27,838	32,425	30,517	65,597	81,829	141,969	145,446	46,370	36,937	9,859	8,193	8,689	
Niger	1	2	14	10	7	0	1	37	24	8	20	15	1	
Nigeria	621	177	221			22	95	565	308	131	179	3,027		
Norway	4,331	5,185	6,190	11,203	13,052	21,498	23,725	31,923	40,990	33,007	42,392	41,826	52,569	
Oman	502	2	2,141	0	38	78	218	77	215	391	215	579	449	
Pakistan			0	468	727	469	247	1,831	522	166	67	49	306	
Palestine, State of							0	0	10	5	23	18		
Panama	236,716	99,090	6,982		12,426	19,728	21,752	98,715	89,686	72,287	31,386			
Papua New Guinea	142	547	109	2							0	671		
Paraguay	754	480	179	410	361	341	1,063	2,675	2,183	1,806	2,435	3,802	4,150	
Peru	348,199	436,359	650,644	667,904	914,221	1,092,107	1,514,480	1,775,992	1,022,060	1,423,304	1,870,572	2,012,396		
Philippines	609	131	283	257	270	910	158	910	1,104	489	3,089	827	1,554	
Poland	88,887	73,860	77,896	77,703	96,844	89,604	89,075	155,360	152,899	162,516	138,338	158,167	233,761	
Portugal	30,793	27,560	33,820	39,036	47,344	23,562	14,901	21,015	33,919	29,018	30,786	36,480	21,970	
Qatar	52	59	120	231	711	1,478	2,637	3,762	3,235	3,659	4,291	5,878	6,209	
Republic of Moldova	491	819	1,018	1,443	2,069	2,371	5,300	7,072	5,688	5,615	8,498	9,002	7,721	
Romania	15,317	21,586	29,235	43,078	59,387	67,018	81,836	70,709	34,947	27,658	12,166	7,626	3,960	
Russian Federation	166,972	192,382	262,739	361,809	466,978	530,565	754,278	848,170	810,949	903,980	1,208,130	1,187,849	1,290,111	
Rwanda	34	0	72	0	5	0	4	54	1	0	282	41	17	
Saint Kitts and Nevis	1	1	0	2	0	0	12	0	2	33	31			
Saint Lucia	21	21	19	21	8	2	53	31						
Saint Vincent and the Grenadines	6	14	0	37	92	45	225	35	119	151	110	194		
Samoa	0	0	0	0	0	0	0	0	0	0	0	0	0	
Saudi Arabia	29,954	15,701	17,192	35,061	31,803	29,671	39,059	13,200	24,774	20,180	17,649	24,915		
Senegal	48	146	85	0	10	13	60	35	203	81	120	0	550	
Serbia					24,157	22,558	32,174	47,776	31,372	24,579	33,305	26,248	25,866	
Serbia and Montenegro	40,000	41,290		29,164										
Seychelles	0	0	0		0	0		7						
Sierra Leone		6,960												
Singapore	17,765	3,441	3,985	4,588	4,176	9,748	5,975	11,208	8,386	10,832	10,972	4,724	3,773	
Slovakia	10,172	3,302	3,823	4,114	6,002	7,568	9,655	12,716	12,218	8,761	13,871	12,407	19,537	
Slovenia	7,993	8,363	8,650	12,609	15,702	7,550	9,285	29,912	38,782	28,751	37,072	19,543	28,440	
Solomon Islands								0	0	1	0			
South Africa	2,194	2,965	4,286	2,545	3,257	8,902	73,142	4,960	3,195	4,972	73,102	102,788	81,113	
Spain	99,300	107,301	176,979	180,539	276,970	364,457	420,097	585,415	456,973	484,167	578,521	556,409	691,906	
Sri Lanka	130	99	73	565	101	662	106	1,011	2,722	3,359	12,062	15,383		
Sudan (North + South)	0	11,175	0	1,544	0	0		12,056	37,939	69,277	32,074			
Suriname	22			75	99	67	172		195	3,164	63			
Swaziland	0	328	0	0	0	0	0							
Sweden	3,440	3,311	2,785	3,455	5,189	12,590	15,951	14,950	9,959	12,652	24,196	20,907	24,815	
Switzerland	20,783	26,750	32,594	40,254	48,022	60,459	80,695	81,779	78,664	91,258	95,397	106,527	94,947	
Syrian Arab Republic	15,891	15,227	16,140	20,934	18,148	14,893	49,884	43,772	61,793	42,059				
Taipei, Chinese	11,308	6,015	3,935	6,098	7,158	11,995	18,104	28,549	22,556	22,464	12,635	7,644	9,093	
Tanzania, United Republic of	2,491	1,591	629	2,664	520	141	63	159	47	3	0	13	64	
Thailand	27,038	866	3,015	5,346	2,283	8,117	3,408	7,188	4,215	3,895	36,331	115,031	4,673	
Togo	0	0	4	11	0		10	2	0	0	0	0	82	
Tonga	0	0	0					0	0	0	0	8		
Trinidad and Tobago	1,324	3,611	1,501	2,331	35,897	3,149	6,929	87,825	11,429	4,404				
Tunisia	3,195	4,180	4,237	13,519	4,607	7,829	8,180	8,656	26,606	3,659	10,680	1,989	4,506	
Turkey	13,963	22,507	28,050	39,412	45,863	71,091	97,203	104,670	77,406	79,051	102,867	105,652	98,084	
Uganda	39	280	3	0	73	7	0	2	0	94	35	848	48	
Ukraine	14,634	16,631	22,121	19,470	66,344	64,212	89,341	157,351	135,965	161,159	162,096	272,624	310,964	
United Arab Emirates					1,135		12,072	3,728						
United Kingdom	55,969	66,920	78,146	98,857	81,749	82,906	134,970	236,054	138,023	107,652	188,633	250,524	239,645	
United States of America	2,315,789	2,390,905	3,030,283	4,691,029	6,214,687	7,571,520	6,539,782	9,532,636	5,610,194	7,834,182	10,033,876	9,896,241	11,973,596	
Uruguay	10,085	2,218	1,178	1,503	2,890	3,972	4,788	7,798	8,464	36,792	61,093	21,519	24,870	
Vanuatu						0	32		0	0	9			
Venezuela	157,919	59,230	52,629	116,412	157,428	204,797		557,189	616,798	880,859	745,326	1,156,617	995,005	
Viet Nam	305	24	410	1,651	823	4,840	12,765	24,804	11,157	6,550	3,810	10,975		
Yemen				20	2	194	52	6	23	38	95	25		
Zambia	0	0	0	0	15	0	0	0	28	0	0	0	1	
Zimbabwe	6	0		0	1,041	0	98	0	1	0	6	0	7	
