List of importing markets for a product exported by Slovenia (Mirror) Product: TOTAL All products
"Importers"	"Exported value in 2001"	"Exported value in 2002"	"Exported value in 2003"	"Exported value in 2004"	"Exported value in 2005"	"Exported value in 2006"	"Exported value in 2007"	"Exported value in 2008"	"Exported value in 2009"	"Exported value in 2010"	"Exported value in 2011"	"Exported value in 2012"	"Exported value in 2013"	
Total	8,815,578	9,898,237	12,219,176	14,697,886	15,495,587	18,319,789	24,046,218	26,168,761	20,649,920	23,643,529	27,855,789	26,490,866	28,814,193	
Albania	14,894	18,294	26,840	17,834	18,840	23,860	29,153	46,999	41,544	49,648	41,710	34,107	35,222	
Algeria	3,181	5,970	12,599	6,239	9,733	15,564	40,066	140,272	118,130	122,203	189,674	363,260	314,675	
Andorra	220	68	96	394										
Antigua and Barbuda					0		0		9	5	107	188	3	
Argentina	5,540	2,259	3,861	4,118	2,599	6,277	10,890	11,565	8,361	10,765	16,239	17,467	22,482	
Armenia	669	834	952	1,149	1,656	4,710	6,328	9,874	9,588	7,717	8,872	8,353	8,272	
Australia	22,589	27,257	36,911	39,388	45,851	44,422	45,228	47,469	31,917	41,805	56,663	63,788	83,334	
Austria	688,751	739,968	990,611	1,440,787	1,117,518	1,353,530	1,531,362	1,731,421	1,646,486	1,892,411	2,250,428	2,231,192	2,478,813	
Azerbaijan	899	332	899	649	876	1,754	5,502	3,744	4,634	6,089	11,054	6,088		
Bahrain	309	533	507	426	566	1,411	698	1,744	1,136	1,259	1,338			
Bangladesh	1,931	59	20	455	1,635	817	436							
Barbados	15	13	21	18	44	69	59	53	44	104	99	117	134	
Belarus	22,471	22,315	28,442	34,417	35,812	48,324	65,105	82,008	59,624	71,416	67,425	82,756	86,917	
Belgium	96,257	85,861	102,713	148,164	144,818	176,913	203,834	245,234	205,371	208,227	256,767	243,833	257,906	
Belize	0	0	0	99	17	0	399	67	113	63	64	56	3	
Benin	0	5	123	0	84	22	7	183	9	1	3	22	102	
Bermuda												47	44	
Bhutan					0	0	0	0	0	0	0			
Bolivia	101	90	187	69	125	127	792	254	175	269	403	518		
Bosnia and Herzegovina			347,518	422,443	492,077	571,276	618,627	720,665	513,727	547,613	589,677	527,531	511,919	
Botswana	0	0	0	0	129	0	0	1	3	185	1	1	148	
Brazil	48,435	12,070	13,619	18,781	20,689	27,601	38,164	58,027	42,548	61,350	75,708	77,509	86,098	
Brunei Darussalam	0	0	0	0		0				0	0	0	3	
Bulgaria	37,052	45,803	66,824	92,180	100,221	120,911	155,034	185,862	200,359	201,301	240,786	207,541	224,836	
Burkina Faso	0	0	0	0	0		1	68	2	11	73	85		
Burundi	0	0	0	0	0	31	0	0	0	0	149	548	0	
Cabo Verde	0	0	0	0	0	0	0		1	90	2	556	443	
Cambodia	0	36	3	51	4	6	68	110	21	0	19	53		
Cameroon	551	706	1,000	282	165	123	375	206	432	9,198	6,922	1,157		
Canada	27,145	35,749	35,462	42,435	50,799	60,832	75,582	73,915	76,103	92,900	103,111	143,376	126,083	
Central African Republic	0	0	0			0	0	0	1	0	3	0	0	
Chile	2,969	3,585	3,345	3,927	4,986	4,325	5,096	7,552	6,477	6,677	10,751	14,631	13,281	
China	12,701	29,546	36,031	41,959	57,242	94,896	110,555	131,558	126,469	176,570	202,040	256,030	302,921	
Colombia	5,367	5,046	4,257	3,245	3,626	4,785	9,006	9,203	11,339	6,097	17,141	9,331	13,609	
Congo							0	0	151	144	2,099	1,201	0	
Costa Rica	25	68	229	157	3,739	9,631	422	641	1,695	1,295	12,163	2,270	1,174	
Côte d'Ivoire	50	0	0	469	409	112	399	479	569	452	461	1,338		
Croatia	711,689	826,484	1,051,666	1,179,421	1,257,383	1,350,783	1,533,603	1,712,495	1,212,921	1,172,909	1,412,404	1,217,649	2,364,100	
Cuba	321	189	329	300	686	202								
Cyprus	3,158	3,138	3,912	13,600	30,283	3,548	6,711	10,244	5,440	8,977	7,897	6,594	6,404	
Czech Republic	207,706	273,345	301,123	358,514	380,412	481,391	594,157	669,694	476,721	531,399	634,458	620,313	635,954	
Denmark	68,053	72,651	94,430	125,490	157,303	211,865	243,009	236,521	170,803	236,773	251,906	263,582	252,979	
Djibouti									570					
Dominican Republic	0	1,325	0	40	317	58	125	657	610	844	1,063	541	789	
Ecuador	1,738	830	1,363	2,190	2,378	2,685	2,840	2,744	1,185	2,389	3,620	3,151	3,877	
Egypt	68,275	85,252	39,263	29,262	92,720	68,624	35,658	48,038	58,781	53,577	49,669	50,317	41,874	
El Salvador	0	89	25	9	30	22	107	35	269	319	181	47	104	
Estonia	7,376	7,318	10,742	10,794	14,011	19,958	23,256	21,130	21,650	25,384	37,514	39,093	37,036	
Ethiopia	1,400	729	1,798	2,224	6,277	2,292	401	269	572	4,451	448	543		
Faroe Islands	541	493	633	498	551	788	1,082	1,064	743					
Fiji		1	11	12	93	123	11	13	14	23	4	7		
Finland	34,903	34,994	41,956	62,378	71,177	99,271	117,769	118,837	65,854	73,604	91,480	70,812	63,854	
France	662,512	736,592	792,719	900,768	1,312,855	1,224,948	1,579,661	1,815,729	1,777,190	1,828,829	1,857,628	1,524,501	1,607,082	
French Polynesia	77	74	103	111	141	349	173	332	1,183	898	211	236	238	
Gabon	19	0	8	0	158	153	6	94	25					
Gambia	0	0	0	0	0	0	0	0	0	355	3			
Georgia	5,764	2,709	3,251	3,970	4,054	5,551	7,721	11,391	8,803	11,017	18,184	17,262	22,347	
Germany	2,302,164	2,429,920	2,746,072	2,929,000	3,111,400	3,884,746	4,919,213	5,585,659	4,305,743	5,035,129	6,197,811	5,962,883	6,158,555	
Ghana	0		749		1,344	1,486	2,286	3,284	179	1,466	5,776	4,856		
Greece	26,734	30,035	44,961	57,526	65,455	99,458	118,198	125,621	109,701	185,211	197,510	202,760	179,184	
Greenland	0	0	74	0	0	331	52	285	265	70	63	85	38	
Grenada	0	0	0	0	16	11	0	0						
Guatemala	65	301	76	13	223	24	0	0	955	0	0	0	0	
Guinea	0	0		0	0	0	51	0		0	1	45		
Guyana	0	0	0	5	4	0	0	1	1	76	4	24	0	
Honduras	0	0	43	19	11	0	32	0	22	64	91	150	349	
Hong Kong, China	7,848	7,269	9,660	12,849	21,603	30,985	31,128	34,100	33,551	53,341	64,507	68,774		
Hungary	168,910	206,703	279,796	457,594	360,455	461,909	858,327	982,257	714,564	855,527	1,131,588	985,158	1,195,023	
Iceland	2,908	2,693	2,969	6,115	7,186	13,325	15,379	9,903	2,564	2,880	4,662	5,097	4,488	
India	24,529	62,594	70,794	22,528	22,827	36,417	45,021	72,680	98,465	110,927	117,653	126,108	121,034	
Indonesia	2,195	3,289	3,438	3,008	5,205	4,421	6,431	9,403	16,634	21,943	25,972	13,852	16,608	
Iran (Islamic Republic of)	33,048	45,482	64,594	65,477	47,285	0				26,581	27,518			
Ireland	11,550	12,644	18,300	17,249	19,630	25,898	30,333	27,616	14,080	17,256	15,594	21,000	21,692	
Israel	24,291	22,059	27,104	27,693	31,624	38,650	97,119	65,404	122,504	196,066	224,458	127,940	165,469	
Italy	1,267,587	1,375,681	1,845,627	2,013,990	2,148,246	2,452,097	3,159,553	3,331,163	2,478,190	2,867,521	3,534,951	3,344,917	3,307,070	
Jamaica	514	530	397	515	480	201	220	299	1,149	319	103	309		
Japan	23,808	27,307	31,752	38,224	49,629	44,041	49,742	50,041	37,698	45,216	55,600	58,410	67,738	
Jordan	1,791	1,442	1,658	1,494		2,600	3,175	4,805	5,288	6,240	7,390	6,722	7,684	
Kazakhstan	8,457	11,404	21,635	35,474	52,961	68,146	72,613	68,770	67,207	64,369	57,373	100,247	119,183	
Kenya	401	1,042	1,032	470	596	1,756	1,622	704	819	1,284	1,132			
Korea, Republic of	12,723	14,881	21,732	20,950	20,300	24,523	35,101	46,677	52,415	96,724	102,799	85,557	93,923	
Kuwait	2,207	3,638	3,918	3,778		5,921	11,219	9,994						
Kyrgyzstan	302	1,100	614	941	1,807	2,363	3,901	4,382	4,365	5,333	8,281	9,613		
Latvia	8,023	10,279	13,841	13,394	16,856	20,166	27,113	36,641	31,509	34,863	42,907	43,268	50,403	
Lebanon	4,093	3,110	2,614	2,961	3,822	3,400	4,299	5,458	5,907	8,882	8,736	9,506	12,172	
Libya							7,326	932	1,583	2,063				
Lithuania	25,121	33,282	34,296	37,447	41,502	52,133	71,915	90,394	84,538	74,972	76,933	77,441	103,583	
Luxembourg	3,462	8,628	9,356	10,167	15,197	19,516	27,009	30,032	17,522	21,695	23,092	21,946	19,356	
Macao, China	206	430	606	973	611	502	2,855	2,537	1,395	729		615		
Macedonia, The Former Yugoslav Republic of	118,869	129,673	138,942	140,318	127,986	129,412	154,547		190,879	165,123	185,365	150,246	167,370	
Madagascar	0	0	0	0	0	134	224	167	233	1,494	269	494	433	
Malawi	0	0	0	1	0	0	13	772	0	10	71	0	99	
Malaysia	3,459	10,414	7,031	6,867	7,718	9,059	13,960	12,877	10,763	14,397	15,309	21,128	28,815	
Maldives	0	0	12	0	11	0	4	1	12	9	71	2	155	
Mali	46	0	243	114	0	5	1	27		158	10	53		
Malta	880	0	1,514	2,335	2,571	3,460	8,305	3,759	5,368	4,451	5,875	3,805	5,816	
Mauritania	0	0	0	0	0		0	0	0	239	447	467		
Mauritius	118	72	88	229	232	320	340	488	1,611	399	309	536	831	
Mayotte	15	39	322	147	621	812	106	84	63					
Mexico	12,839	14,151	22,565	41,906	40,674	53,852	61,665	75,360	54,535	80,232	105,856	89,394	95,517	
Mongolia	0		285	314	516	771	888						11,018	
Montenegro						70,096	107,891	129,416	88,483	79,419	85,829	93,869	85,145	
Morocco	2,113	3,643	5,659	6,648	6,722	6,420	7,912	13,982	9,328	7,103	26,847	25,642	31,222	
Mozambique	0	2	5	0	2	12	27	5	125	102	19	6	34	
Namibia	0	44	0	13	0	222	0	23	10	0	0	0	17	
Nepal			0						9	31	26			
Netherlands	126,255	134,661	170,452	141,041	162,793	199,313	354,144	404,079	316,144	383,389	413,227	435,877	463,553	
New Caledonia	77	106	141	269	835	608	527	482	415	822	690	1,013	1,678	
New Zealand	3,645	3,869	4,918	5,925	6,994	5,839	7,598	5,916	4,160	4,627	4,740	7,685	9,343	
Nicaragua	45	35	62	32	101	28	78	138	212	1,255	210	393	349	
Niger	0	0	0	2	7	8	4	104	98	8	28	31	38	
Nigeria	0	0	0			1,939	860	1,878	3,558	7,510	5,054	12,646		
Norway	32,672	43,861	51,451	56,985	59,105	63,055	91,951	95,595	86,942	96,826	112,648	117,194	124,659	
Oman	1,996	1,684	0	1,646	1,376	866	2,217	5,031	3,772	3,781	4,372	8,141	27,906	
Pakistan			24,180	14,444	19,342	23,975	25,717	23,432	22,458	27,311	26,799	14,380	5,589	
Palestine, State of							1,415	478	1,241	450	2,156	450		
Panama	329	338	261		399	195	521	697	867	719	1,278			
Papua New Guinea	205	464	383	823							72	157		
Paraguay	120	81	43	25	43	84	393	783	249	399	1,100	3,896	4,748	
Peru	804	769	773	981	1,020	1,270	2,503	7,907	2,424	3,716	3,467	4,537		
Philippines	426	605	467	1,153	2,076	1,981	1,151	1,489	1,429	4,587	6,085	2,940	5,054	
Poland	255,437	298,465	365,771	459,120	471,730	559,175	744,511	909,273	615,476	682,587	710,493	655,859	688,006	
Portugal	13,617	19,268	22,481	22,776	25,089	33,314	45,333	42,917	41,617	46,187	53,038	52,920	57,296	
Qatar	330	695	877	691	2,775	1,119	5,598	3,814	9,747	4,910	7,551	8,388	8,519	
Republic of Moldova	7,649	9,466	8,544	9,840	10,885	13,512	15,305	15,333	15,530	14,915	21,156	17,647	21,786	
Romania	67,051	85,350	117,466	165,484	188,309	240,673	666,506	700,831	365,885	412,534	516,899	420,120	446,888	
Russian Federation	245,109	257,387	308,862	378,923	455,623	614,503	791,854	1,155,371	787,701	1,025,918	1,133,107	1,249,647	1,427,419	
Rwanda	0	0	0	7	3	0	6	5	241	73	32	122	538	
Saint Lucia	0	0	0	0	0	2	0	0						
Saint Vincent and the Grenadines	0	0	0	0	0	0	1	7	29	32	31	9		
Samoa	0	0	0	0	0	0	2	257	9	19	0	0	0	
Saudi Arabia	15,008	15,953	18,609	30,623	22,695	17,840	40,765	52,106	37,515	38,129	43,923	53,149		
Senegal	0	0	0	0	0	0	0	0	158	625	200	143	46	
Serbia					285,283	307,735	700,186	627,065	526,053	508,544	588,576	591,977	568,770	
Serbia and Montenegro	144,618	242,257		383,392										
Seychelles	0	0	0		0	18		42						
Sierra Leone		832												
Singapore	3,404	4,275	5,070	7,001	7,795	10,711	14,977	16,668	16,851	36,066	37,572	43,737	47,046	
Slovakia	88,874	140,093	204,217	229,072	216,068	214,334	289,779	358,725	219,597	247,390	337,849	351,949	394,362	
Slovenia	0	0	0	29,285	42,444	68,092	98,436	105,105	86,388	109,449	86,438	69,298	75,517	
Solomon Islands								0	19	0	42			
South Africa	9,439	13,473	16,544	21,324	23,977	29,200	30,544	39,045	29,652	36,562	40,487	51,456	46,464	
Spain	107,942	124,931	167,712	196,234	259,582	319,452	562,941	404,831	263,047	291,038	321,144	254,582	327,332	
Sri Lanka	265	587	681	446	2,960	3,369	839	4,814	6,506	2,846	2,502	1,252		
Sudan (North + South)	0	188	0	1,506	986	983		90	1,865	2,458	2,618			
Suriname	0			0	50	38	2		46	5	240			
Sweden	72,751	84,120	113,496	152,735	169,760	223,858	251,219	246,547	181,235	199,149	250,213	206,563	223,741	
Switzerland	96,604	121,102	130,449	179,959	165,663	165,303	206,038	228,191	209,248	247,109	363,188	339,206	391,394	
Syrian Arab Republic	4,312	7,326	0	8,926	11,370	11,779	7,680	13,885	9,780	15,830				
Taipei, Chinese	29,115	16,599	23,142	29,367	16,475	16,579	16,343	29,297	16,802	21,515	36,028	29,466	23,196	
Tanzania, United Republic of	0	0	0	0	21	127	96	860	413	256	1,554	1,561	2,213	
Thailand	6,488	7,894	8,694	9,770	11,747	13,194	12,873	19,755	20,507	29,800	47,967	39,949	37,640	
Togo	0	0	0	0	0		0	9	12	0	12	1	18	
Tonga	0	0	0					24	16	78	54	41		
Trinidad and Tobago	0	0	6	2	1	0	3	3	114	85				
Tunisia	4,457	3,621	4,504	15,637	16,154	19,946	20,930	29,402	23,785	15,961	13,163	21,233	16,499	
Turkey	48,948	56,997	93,022	203,222	217,867	201,817	232,317	243,628	249,555	291,300	348,936	311,875	304,256	
Uganda	0	17	55	5	29	21	1	5	41	3,836	120	1,163	70	
Ukraine	46,331	69,382	92,604	112,739	124,984	291,516	545,301	231,894	185,398	212,593	254,884	251,021	287,490	
United Arab Emirates					21,414		45,524	60,239						
United Kingdom	209,776	250,932	271,746	300,752	356,273	515,015	639,483	586,424	388,068	555,546	582,386	487,756	494,692	
United States of America	301,433	321,306	498,317	532,582	430,156	505,803	507,416	486,542	400,534	481,946	563,847	579,985	599,003	
Uruguay	434	1,049	622	920	678	303	1,881	2,505	1,591	1,477	4,107	1,974	1,239	
Vanuatu						30	13		0	0	0			
Venezuela	2,497	980	857	1,852	1,540	1,628		3,834	3,418	1,563	1,941	2,263	4,395	
Viet Nam	171	700	843	780	1,311	3,624	4,095	6,004	9,356	10,627	13,266	10,659		
Yemen				942	1,264	1,312	1,642	904	1,423	1,368	612	1,840		
Zambia	14	58	78	41	18	56	105	37	88	136	155	174	333	
Zimbabwe	0	0		143	100	106	0	0	31	140	102	18	24	
