List of importing markets for a product exported by Netherlands (Mirror) Product: TOTAL All products
"Importers"	"Exported value in 2001"	"Exported value in 2002"	"Exported value in 2003"	"Exported value in 2004"	"Exported value in 2005"	"Exported value in 2006"	"Exported value in 2007"	"Exported value in 2008"	"Exported value in 2009"	"Exported value in 2010"	"Exported value in 2011"	"Exported value in 2012"	"Exported value in 2013"	
Total	181,696,219	186,847,641	227,710,203	279,388,874	310,343,276	354,700,629	419,116,209	480,556,919	370,971,051	427,946,133	512,291,927	500,798,784	500,794,002	
Afghanistan								714	3,572	10,152	5,210	0		
Albania	10,084	8,588	12,776	18,598	23,209	16,213	22,568	29,166	52,238	44,742	44,365	22,623	32,027	
Algeria	153,401	215,513	217,857	237,666	232,677	271,104	340,180	460,965	394,117	481,008	701,636	964,332	1,120,472	
Andorra	10,998	11,682	16,617	15,371										
Anguilla	383	542	589											
Antigua and Barbuda					2,266		2,561		3,424	3,102	3,017	3,311	3,898	
Argentina	131,497	74,243	106,308	172,207	381,933	207,028	236,895	256,711	231,210	394,127	435,195	1,130,041	1,072,243	
Armenia	6,711	9,806	10,469	9,558	11,593	11,359	20,708	22,071	26,193	23,035	36,248	36,039	33,991	
Aruba					129,773				177,784	120,883	139,719	144,584		
Australia	525,473	650,696	787,252	922,951	974,848	1,054,410	1,208,247	1,544,881	1,208,731	1,171,295	1,570,508	1,999,158	1,654,825	
Austria	2,059,504	2,410,304	2,744,999	3,119,539	3,363,903	3,858,464	4,648,488	4,914,700	5,572,666	6,367,195	7,467,866	6,814,285	6,987,151	
Azerbaijan	13,383	15,895	43,956	152,655	160,435	90,938	100,737	80,292	54,532	46,417	141,174	150,086		
Bahamas	2,564	2,840	13,650	13,037	4,074	4,591	3,804	3,242	2,023	1,424	1,387	27,759		
Bahrain	51,371	53,593	58,786	69,085	92,391	63,710	97,320	179,938	101,361	142,504	132,203			
Bangladesh	44,213	50,574	55,719	105,274	63,157	50,728	67,502							
Barbados	9,709	18,607	12,708	16,091	10,815	12,141	11,485	15,551	12,637	13,060	18,883	15,280	13,206	
Belarus	81,953	84,118	93,399	118,697	161,260	219,966	250,307	363,959	232,283	316,306	398,046	447,817	442,420	
Belgium	30,583,811	31,282,391	37,976,341	47,204,934	56,047,309	64,259,232	72,258,770	89,845,871	63,459,540	72,764,479	91,279,405	90,805,748	99,766,382	
Belize	7,776	4,675	4,787	7,241	7,224	12,441	14,100	16,051	11,735	10,821	11,070	8,654	9,630	
Benin	23,196	28,974	27,315	26,158	27,525	25,993	49,149	65,976	77,600	105,990	100,368	104,140	123,298	
Bermuda												4,437	2,508	
Bhutan					884	1,122	1,791	2,055	886	1,318	2,614			
Bolivia	7,428	7,420	5,161	7,049	6,130	7,430	8,205	11,448	11,360	14,731	19,084	59,481		
Bosnia and Herzegovina			37,721	59,247	79,479	73,714	99,144	136,129	90,580	86,689	105,896	98,400	109,837	
Botswana	0	5,269	7,380	2,970	10,177	4,830	7,496	11,793	19,913	25,599	15,858	10,800	16,420	
Brazil	533,099	535,300	508,699	617,567	586,651	785,544	1,115,878	1,476,783	972,460	1,766,136	2,265,389	3,106,405	2,344,607	
Brunei Darussalam	9,695	7,895	5,851	13,270		14,830				11,946	15,603	32,242	47,147	
Bulgaria	132,709	161,907	194,972	240,183	260,548	297,075	520,096	626,918	648,749	713,782	825,378	982,826	910,066	
Burkina Faso	10,483	12,947	10,788	12,664	11,645		40,099	62,714	98,752	90,358	95,574	99,629		
Burundi	2,840	2,336	2,329	3,618	3,654	5,242	4,787	5,098	3,870	4,605	12,444	9,122	24,505	
Cabo Verde	18,065	21,628	31,978	32,553	38,017	49,153	84,514		89,056	98,431	150,101	94,567	145,508	
Cambodia	1,242	723	767	1,888	2,370	3,041	3,319	5,232	6,188	5,094	7,772	12,982		
Cameroon	33,813	52,266	64,563	54,938	46,523	42,346	111,978	235,509	87,054	83,909	103,821	266,163		
Canada	898,459	936,087	1,214,012	1,190,276	1,262,186	1,401,009	1,656,268	2,050,963	1,645,479	1,620,653	2,590,129	3,550,042	3,278,728	
Central African Republic	866	744	8,782			162	3,398	9,795	13,524	12,899	4,592	3,907	11,277	
Chile	106,083	99,991	112,102	192,199	174,050	304,283	259,834	226,240	211,480	288,418	277,686	389,327	638,373	
China	1,456,696	1,571,574	1,933,120	2,969,411	2,926,721	3,650,067	4,924,824	5,299,420	5,122,250	6,479,120	8,660,907	8,703,962	9,836,090	
Colombia	85,302	79,515	103,491	133,466	167,780	290,553	301,038	336,440	250,814	319,570	311,055	271,359	326,759	
Comoros	412	554	452	760	845	997	474	314	243					
Congo							73,646	62,269	166,609	168,207	87,877	57,391	190,645	
Cook Islands					1									
Costa Rica	118,776	142,872	161,296	131,965	91,421	139,036	189,098	267,395	131,875	82,977	148,446	113,914	152,860	
Côte d'Ivoire	102,146	93,042	117,732	118,316	112,869	138,106	120,509	155,769	163,533	140,160	135,428	195,644		
Croatia	164,005	201,044	273,307	295,474	373,650	364,761	441,673	536,161	424,984	428,858	439,379	433,869	671,411	
Cuba	75,766	64,364	66,139	49,636	49,712	62,205								
Cyprus	81,960	86,928	109,240	188,380	249,037	297,983	351,530	435,388	378,272	384,544	392,688	486,076	393,106	
Czech Republic	863,205	1,128,690	1,122,114	1,875,548	3,079,957	3,750,885	4,532,275	4,360,913	3,515,486	4,048,443	4,958,254	4,904,521	4,666,561	
Denmark	3,123,503	3,324,098	3,884,343	4,508,839	4,894,829	5,243,127	6,517,069	7,324,107	5,816,872	5,913,489	6,744,855	6,790,262	7,355,470	
Djibouti									2,732					
Dominica	2,317	2,168	2,075	2,001	1,918	2,518	2,395	2,898	2,324	2,573	2,940	2,744		
Dominican Republic	29,360	44,977	42,662	33,716	43,603	56,724	69,185	80,458	79,619	123,633	125,414	104,897	111,536	
Ecuador	45,131	51,367	53,876	75,345	161,839	237,921	216,629	141,437	156,305	133,940	196,776	210,636	224,327	
Egypt	258,296	221,925	178,916	209,892	288,127	343,115	336,441	729,546	900,424	831,547	1,656,289	1,452,547	1,083,969	
El Salvador	13,627	11,176	10,416	6,801	7,418	30,752	35,319	38,461	32,360	28,744	34,897	33,292	43,395	
Eritrea			10,450											
Estonia	71,991	80,003	77,095	151,600	240,482	300,023	331,973	344,844	276,683	311,056	460,587	496,164	460,696	
Ethiopia	41,825	38,940	60,419	37,187	80,277	101,386	74,574	72,718	98,761	81,336	81,774	105,296		
Faroe Islands	7,916	9,013	10,406	12,087	10,428	14,558	17,290	15,748	13,658					
Fiji		707	575	840	1,092	3,434	1,448	1,336	770	1,007	3,880	5,786		
Finland	1,203,361	1,228,010	1,633,287	2,109,487	2,333,436	3,060,781	3,689,013	3,818,912	4,199,741	5,493,045	6,145,914	4,958,239	5,355,649	
France	13,953,923	14,408,325	16,819,899	19,130,125	19,664,484	21,641,200	25,010,183	28,179,661	22,853,693	25,188,401	30,107,760	28,818,726	28,878,910	
French Polynesia	12,798	11,340	14,627	14,144	13,848	17,015	14,687	18,096	14,270	18,198	17,000	20,050	19,385	
Gabon	40,136	44,761	34,245	40,009	39,181	48,273	67,479	87,626	103,254					
Gambia	7,891	3,286	4,539	9,482	7,352	7,084	17,991	22,688	17,244	16,740	13,882			
Georgia	10,499	15,379	23,767	34,303	53,039	75,285	101,528	129,924	99,416	99,809	132,959	142,718	124,272	
Germany	35,622,414	35,269,000	50,266,046	59,599,817	64,375,190	76,303,973	88,335,346	105,972,154	80,923,432	91,099,289	114,117,816	111,028,780	106,688,347	
Ghana	191,700		161,881		180,110	193,421	270,498	285,576	233,870	278,796	415,560	414,295		
Greece	1,592,947	1,745,185	2,371,544	2,933,746	3,023,371	3,285,196	3,796,554	4,131,000	3,589,494	3,367,772	3,289,082	2,865,558	2,821,180	
Greenland	16	34	5,249	166	99	6,428	3,160	6,572	7,286	7,193	8,991	7,770	8,035	
Grenada	2,433	2,603	4,533	3,231	4,606	4,820	7,664	4,801						
Guatemala	16,003	29,417	30,706	54,332	56,874	90,147	104,910	69,602	62,067	83,365	96,640	94,246	110,157	
Guinea	28,698	11,765		30,765	19,801	59,354	174,760	377,585		695,968	353,658	300,392		
Guinea-Bissau			286	2,650	6,672									
Guyana	20,643	17,578	14,206	9,577	13,185	15,649	15,126	21,958	21,053	21,474	28,904	24,692	30,480	
Honduras	17,076	14,839	9,283	13,543	18,636	30,046	26,752	39,368	67,903	27,872	16,948	23,917	30,610	
Hong Kong, China	1,392,790	1,375,148	1,357,488	1,551,923	1,687,259	1,654,303	1,820,083	2,057,670	1,999,937	2,232,043	2,789,618	3,060,418		
Hungary	699,377	783,285	1,025,342	2,974,453	2,865,302	3,357,710	4,105,829	4,920,629	3,658,317	3,949,661	4,230,520	3,860,290	3,871,742	
Iceland	150,195	136,943	174,339	210,134	239,231	296,616	375,866	374,148	311,068	333,169	356,329	288,593	249,464	
India	524,046	387,115	506,884	675,804	1,047,182	1,077,148	1,743,067	1,881,000	1,982,407	2,022,700	2,193,301	2,621,722	2,865,991	
Indonesia	343,802	352,214	369,622	474,610	369,110	515,436	503,994	604,121	554,051	681,915	808,498	880,230	1,033,813	
Iran (Islamic Republic of)	322,383	298,616	358,116	512,049	827,783	965,991				1,008,194	772,590			
Ireland	1,720,355	1,725,231	1,898,352	2,332,763	2,803,152	3,077,866	3,702,668	4,268,437	3,206,709	2,937,684	3,384,921	3,430,510	3,543,615	
Israel	1,353,492	1,177,614	1,196,261	1,483,529	1,625,400	1,786,119	2,089,476	2,464,352	1,884,825	2,098,718	2,757,792	2,745,472	1,223,521	
Italy	13,931,008	13,778,549	16,635,284	20,075,903	20,630,137	22,749,451	26,918,482	28,373,416	23,588,388	26,474,526	29,247,613	26,389,396	27,437,106	
Jamaica	23,433	24,138	23,441	36,106	23,536	21,795	18,782	19,144	21,847	21,301	19,472	22,641		
Japan	1,865,205	1,799,794	1,875,165	1,987,504	2,130,467	2,175,914	2,802,059	3,822,935	3,460,313	3,970,288	5,716,918	4,910,912	4,509,155	
Jordan	67,408	96,492	83,583	104,136		114,206	158,094	177,940	148,884	145,053	176,988	161,790	203,127	
Kazakhstan	85,337	87,493	127,630	179,312	140,505	189,464	375,701	275,829	319,130	301,836	291,479	280,370	361,378	
Kenya	69,957	70,255	81,325	99,439	128,240	126,272	138,307	192,142	225,919	232,750	258,659			
Kiribati					0		8	37	269	0	210	301		
Korea, Republic of	1,017,250	1,149,562	1,371,585	1,728,848	2,759,155	3,025,599	3,703,069	3,239,608	2,059,774	4,189,284	4,425,442	3,994,008	4,213,703	
Kuwait	125,733	145,143	150,787	189,729		240,428	308,640	339,656						
Kyrgyzstan	3,955	16,092	12,301	15,694	18,910	27,680	36,411	41,813	49,536	25,694	40,853	59,733		
Latvia	113,712	136,580	162,396	236,841	303,812	369,257	489,069	573,691	377,589	441,106	555,109	545,388	616,473	
Lebanon	129,173	147,263	229,699	170,817	150,911	149,689	151,319	167,813	244,317	240,877	344,805	399,913	309,480	
Lesotho	691	314	530					0	0	1,479				
Libya							73,584	74,003	138,756	199,111				
Lithuania	149,564	172,461	248,761	499,129	568,168	725,132	1,044,890	1,097,874	739,793	1,028,375	1,558,254	1,759,818	1,826,529	
Luxembourg	563,569	598,868	744,565	843,224	1,102,928	1,114,832	1,374,178	1,051,907	805,717	841,752	1,018,342	987,101	876,591	
Macao, China	10,265	11,749	11,291	15,950	16,209	14,440	18,998	21,930	20,715	25,790		53,435		
Macedonia, The Former Yugoslav Republic of	45,751	51,855	49,134	56,891	53,226	59,769	73,921		70,425	68,691	68,806	64,550	70,931	
Madagascar	5,585	2,477	7,696	6,846	5,889	6,152	31,234	47,738	24,954	19,982	25,807	10,634	11,789	
Malawi	6,828	5,587	4,403	5,313	13,364	17,686	26,403	46,348	18,896	37,313	60,376	66,568	74,008	
Malaysia	649,051	645,631	565,863	904,330	884,645	919,573	954,510	1,104,153	1,000,918	1,057,766	1,180,497	1,621,211	1,718,786	
Maldives	7,898	4,155	10,656	4,864	13,032	8,404	7,815	64,825	8,243	8,559	10,397	8,752	11,359	
Mali	11,935	10,004	25,250	18,801	13,297	15,378	15,792	23,192		110,820	24,833	22,503		
Malta	63,062	66,019	78,808	133,840	126,976	150,345	149,068	209,256	244,513	208,838	183,919	253,500	241,796	
Mauritania	3,759	6,662	9,572	9,567	9,177		21,935	125,496	70,683	183,500	67,017	51,599		
Mauritius	22,794	24,746	23,915	16,780	15,784	21,023	21,130	39,088	42,844	48,998	59,888	67,519	39,976	
Mayotte	1,465	1,669	2,160	2,281	3,381	3,668	5,594	7,584	5,820					
Mexico	470,644	546,143	555,343	700,423	924,587	1,546,775	2,465,790	4,183,574	2,170,940	2,810,778	3,061,136	3,561,584	4,202,177	
Mongolia	2,852		2,141	1,361	3,115	3,896	6,748						22,298	
Montenegro						21,281	22,626	35,611	34,210	33,720	36,436	41,246	38,887	
Montserrat	128	239	282	360	335	265	244	270	309			393	291	
Morocco	177,547	194,542	338,764	295,789	396,040	503,901	991,073	889,883	789,532	616,955	729,115	666,757	724,310	
Mozambique	7,760	8,414	9,214	10,828	300,406	371,111	447,850	697,994	488,157	642,908	676,136	572,924	429,450	
Myanmar										3,998				
Namibia	5,989	4,506	2,963	5,132	12,621	8,256	13,435	161,645	69,847	109,470	23,350	80,804	31,122	
Nepal			2,820						9,794	9,341	10,488			
Netherland Antilles					211,906	252,692	279,912	332,292						
New Caledonia	6,505	7,547	9,137	9,236	9,460	16,024	11,989	20,166	13,633	17,877	57,734	20,254	25,381	
New Zealand	123,448	151,090	170,583	190,222	271,642	192,296	381,672	275,119	214,019	220,152	261,899	331,686	384,968	
Nicaragua	4,438	5,038	7,194	11,466	4,665	10,551	12,189	18,449	9,511	11,850	13,283	14,906	10,323	
Niger	9,405	12,269	12,330	15,028	7,241	16,039	22,955	88,441	70,207	73,401	106,400	25,509	27,345	
Nigeria	391,700	278,082	320,427			706,388	1,015,560	445,422	210,352	351,208	1,512,330	518,564		
Norway	1,429,433	1,622,052	1,784,050	2,125,539	2,191,601	2,620,670	2,981,281	3,639,568	2,679,066	2,887,895	3,768,256	3,412,298	3,481,114	
Oman	108,371	98,251	49,886	213,386	154,514	217,310	341,325	344,425	294,740	204,263	274,563	309,265	491,224	
Pakistan			212,104	168,010	214,762	262,854	305,314	304,672	352,631	345,986	289,878	245,134	249,308	
Palau												222		
Palestine, State of							15,879	16,360	23,079	25,504	29,461	25,920		
Panama	16,631	18,213	15,942		31,733	43,557	83,185	59,269	67,961	101,109	135,366			
Papua New Guinea	1,421	1,581	2,702	1,508							35,447	34,010		
Paraguay	9,585	7,136	3,346	4,563	6,062	10,642	15,150	46,895	27,672	39,349	44,164	61,011	100,374	
Peru	37,135	42,108	43,882	48,977	67,505	72,516	85,504	118,232	74,112	97,987	119,335	181,447		
Philippines	257,279	247,322	331,818	404,835	420,991	426,149	481,956	452,658	323,156	299,490	336,364	324,913	313,252	
Poland	1,748,805	1,898,053	2,267,111	3,072,305	3,473,976	3,953,849	5,602,436	7,233,424	5,434,940	6,399,966	7,789,943	7,247,781	7,726,536	
Portugal	1,899,804	1,827,805	2,211,570	2,631,325	2,613,380	2,933,932	3,521,039	3,881,557	3,663,424	3,866,219	3,811,583	2,355,068	3,776,559	
Qatar	87,543	92,892	93,225	75,706	184,464	214,837	365,523	599,334	380,661	364,942	333,877	378,936	293,490	
Republic of Moldova	12,827	10,501	13,219	17,504	31,036	19,379	41,256	49,498	32,416	40,752	49,433	48,333	49,189	
Romania	321,703	390,493	467,226	605,499	715,102	928,246	2,536,754	3,091,606	2,087,931	2,181,275	2,446,178	2,468,690	2,703,471	
Russian Federation	846,217	1,060,264	1,257,813	1,375,008	1,941,382	2,682,357	3,851,393	4,814,063	3,585,005	4,438,055	5,921,156	5,979,838	5,845,867	
Rwanda	7,881	6,803	5,053	6,561	9,085	9,495	12,520	11,529	22,787	17,831	29,097	20,896	44,801	
Saint Kitts and Nevis	2,495	513	583	435	915	697	509	546	682	741	738			
Saint Lucia	4,036	3,729	5,462	5,698	8,268	6,372	5,795	6,998						
Saint Vincent and the Grenadines	1,233	937	1,664	1,410	1,293	1,079	1,334	1,302	1,691	1,150	1,712	1,755		
Samoa	0	27	4	4	0	2	2	7	56	0	1,225	284	78	
Sao Tome and Principe	237	91	202	355	182	559	1,149	147	401	762	534	501	392	
Saudi Arabia	584,655	546,122	739,006	806,337	988,362	1,031,938	1,214,528	1,460,997	1,198,475	1,193,073	1,427,466	1,623,944		
Senegal	56,822	76,839	70,132	73,561	85,118	120,276	351,410	200,105	187,346	253,349	385,289	181,833	352,978	
Serbia					139,026	138,260	275,917	351,012	265,578	256,448	281,152	280,763	325,959	
Serbia and Montenegro	84,022	119,467		177,374										
Seychelles	2,137	4,061	5,791		5,270	7,328		8,411						
Sierra Leone		19,421												
Singapore	1,143,461	1,299,497	1,089,833	1,643,259	1,805,458	2,057,252	2,938,406	4,127,089	3,178,627	5,345,885	6,972,118	7,841,478	5,729,405	
Slovakia	217,431	291,995	372,529	446,149	463,258	578,219	753,149	886,396	589,796	661,731	827,389	810,895	883,096	
Slovenia	178,533	203,313	261,776	354,642	425,695	531,550	638,977	680,768	506,577	516,954	626,891	502,508	531,170	
Solomon Islands								120	306	220	665			
South Africa	478,766	478,650	579,795	705,065	851,515	1,112,796	1,276,326	1,213,192	1,157,907	1,414,243	1,440,503	1,808,841	1,661,977	
Spain	6,046,661	6,524,081	8,379,648	10,602,575	11,680,644	13,200,448	15,578,788	15,908,011	12,857,594	14,178,987	14,611,029	14,170,229	13,085,972	
Sri Lanka	78,284	50,578	50,790	51,292	67,610	76,843	74,897	103,090	70,118	118,982	82,065	78,881		
Sudan (North + South)	30,116	42,508	42,777	68,579	92,834	137,155		63,662	90,624	101,344	173,603			
Suriname	103,214			147,797	185,519	198,992	238,076		261,748	245,201	262,504			
Swaziland	12,747	4,487	1,052	21,529	0	5	750							
Sweden	4,414,783	4,700,058	5,637,662	6,809,052	7,504,382	8,063,078	9,279,641	10,030,362	7,829,360	9,195,966	10,921,233	11,659,592	12,413,675	
Switzerland	4,534,563	4,313,579	4,873,527	5,629,178	6,067,002	6,642,942	7,372,199	8,382,237	7,038,823	7,988,235	9,057,906	6,750,012	6,393,635	
Syrian Arab Republic	91,541	77,272	80,786	67,268	74,098	103,982	274,285	243,317	137,423	255,336				
Taipei, Chinese	1,524,143	1,437,882	1,284,824	2,178,277	2,042,681	2,342,514	2,782,932	2,343,240	1,864,866	3,191,737	2,929,322	3,625,966	4,672,591	
Tanzania, United Republic of	30,782	27,674	32,178	43,532	68,895	86,011	85,611	212,953	123,340	143,862	282,858	159,328	137,164	
Thailand	523,596	495,361	616,422	651,144	717,606	739,923	925,065	1,110,783	825,132	952,396	1,135,190	1,153,035	1,075,575	
Timor-Leste				72	23									
Togo	7,344	13,028	68,268	18,700	23,354		87,379	83,529	53,120	37,145	49,762	57,060	147,981	
Tonga	0	1	0					3	0	86	115	150		
Trinidad and Tobago	32,677	45,179	47,560	83,570	63,254	53,113	55,527	85,671	52,901	41,292				
Tunisia	174,742	172,650	221,680	228,318	240,642	231,413	277,683	345,034	285,253	441,642	265,663	351,860	257,111	
Turkey	1,041,587	1,308,322	1,656,670	1,908,145	2,151,585	2,160,110	2,655,039	3,056,340	2,541,707	3,155,980	4,004,680	3,660,635	3,362,319	
Turks and Caicos Islands	61	44	10	15							0	0		
Uganda	14,840	18,838	25,015	35,651	43,875	51,672	55,764	75,457	87,325	133,198	98,574	59,722	108,131	
Ukraine	176,127	213,294	280,854	334,788	464,128	640,410	881,025	1,283,323	677,539	837,884	1,186,842	1,122,045	1,062,282	
United Arab Emirates					856,651		1,112,268	1,431,899						
United Kingdom	21,623,261	23,227,259	25,802,539	33,742,624	35,494,156	39,629,050	47,468,017	47,943,911	35,660,863	42,288,747	46,667,070	47,729,718	53,521,242	
United States of America	9,953,602	10,306,802	11,435,305	13,173,711	15,502,607	18,068,285	19,133,966	21,813,288	16,573,999	19,569,509	24,086,693	22,935,726	19,936,266	
Uruguay	25,185	13,950	13,080	13,678	18,883	21,392	33,814	31,765	26,175	32,574	125,417	106,007	59,522	
Vanuatu						328	250		2,770	572	661			
Venezuela	168,692	125,218	83,700	123,333	254,681	163,131		362,236	390,243	260,461	305,303	441,286	315,140	
Viet Nam	114,577	114,340	324,946	179,434	312,082	360,799	510,278	710,512	429,535	527,841	669,427	704,077		
Yemen				67,471	53,823	50,707	67,341	397,764	299,821	475,421	643,438	890,220		
Zambia	7,055	6,086	10,929	11,246	29,939	45,598	77,057	34,837	31,043	30,893	49,671	61,970	69,984	
Zimbabwe	12,751	21,387		11,500	15,587	8,864	35,852	14,964	8,344	17,998	20,757	19,267	35,918	
