List of importing markets for a product exported by Iran (Islamic Republic of) Product: TOTAL All products
"Importers"	"Exported value in 2001"	"Exported value in 2002"	"Exported value in 2003"	"Exported value in 2004"	"Exported value in 2005"	"Exported value in 2006"	"Exported value in 2007"	"Exported value in 2008"	"Exported value in 2009"	"Exported value in 2010"	"Exported value in 2011"	
World	23,904,000	28,186,000	33,788,000	44,628,000	60,012,000	63,247,000				83,785,000	130,544,000	
Taipei, Chinese	5,175,215	6,236,530	6,044,721	7,953,026	6,131,054	14,199,232				36,469,011	61,361,311	
Europe Othr. Nes	5,138,170	4,027,214	5,447,633	7,151,366	14,347,667	7,538,237				15,874,290	24,645,938	
Area Nes	77	4,530,774	3,304,359	5,436,204	2,172,041	178,719				3,400,425	9,328,539	
China	173,975	187,898	220,882	246,666	494,788	992,552				4,450,426	5,287,384	
Iraq	143,023	184,115	437,594	474,030	917,630	1,809,385				4,601,576	4,646,790	
United Arab Emirates	597,221	805,523	910,178	1,061,398	1,453,424	1,858,834				3,484,389	4,269,594	
Africa not elsewhere specified	1,455,513	1,101,586	1,814,061	2,379,956	0	3,152,200				2,451,788	4,224,068	
India	180,158	177,465	258,277	463,333	640,127	895,410				1,673,383	2,593,537	
Afghanistan	36,529	123,988	227,367	232,565	482,343	503,067				1,315,722	1,883,051	
Turkey	61,805	91,741	116,099	120,320	369,660	320,079				828,773	1,405,384	
Singapore	38,301	63,026	73,426	48,120	60,900	134,680				138,705	1,207,185	
Indonesia	28,073	57,668	84,486	60,824	107,696	63,039				503,669	1,138,058	
Korea, Republic of	61,858	20,813	42,085	119,687	101,260	219,834				459,810	1,122,815	
Pakistan	79,516	119,540	150,896	123,045	276,978	289,308				540,430	576,636	
Japan	5,108,189	5,076,421	7,458,859	9,665,625	17,038,085	15,109,766				493,709	548,162	
Turkmenistan	73,088	88,499	129,465	98,857	126,818	151,340				413,685	477,492	
Syrian Arab Republic	44,854	65,467	57,412	113,710	144,883	165,486				401,352	475,743	
Azerbaijan	323,997	249,894	291,011	260,584	309,706	321,531				393,383	434,990	
Germany	360,075	280,432	355,209	335,354	637,251	462,011				368,831	393,873	
Russian Federation	60,161	62,415	98,263	131,608	162,621	263,686				317,440	375,740	
Belgium	30,346	21,322	27,317	117,279	74,005	161,232				484,830	316,254	
Italy	2,067,154	1,884,423	2,364,590	3,171,817	6,191,624	6,739,663				354,178	259,440	
Hong Kong, China	72,466	68,144	71,121	96,122	220,809	209,489				445,249	255,660	
Netherlands	225,324	291,109	529,455	690,834	1,049,793	407,809				252,657	238,032	
Philippines	2,307	7,134	4,697	4,607	7,904	14,824				311,848	183,325	
Viet Nam	6,692	8,173	26,730	13,637	18,756	93,048				149,218	180,396	
Tajikistan	35,888	52,773	74,800	71,756	100,325	128,486				181,291	180,285	
Spain	71,928	95,224	99,870	139,896	128,496	180,858				178,355	156,885	
Free Zones	29,899	50,347	70,088	22,337	21,506	25,513				171,152	146,714	
Malaysia	12,412	10,808	9,592	17,867	25,171	36,869				116,204	133,992	
Kuwait	94,203	116,659	101,671	168,890	398,201	300,044				110,197	112,839	
Armenia	56,965	58,841	90,487	142,276	165,870	147,165				113,650	104,871	
Sri Lanka	1,480	3,019	4,185	8,807	4,305	4,247				41,588	97,042	
Thailand	50,311	40,557	9,587	29,684	16,369	26,230				83,862	95,652	
Sudan (North + South)	10,784	26,319	20,925	25,556	22,112	23,537				37,053	85,555	
Qatar	57,528	34,784	19,655	23,344	57,950	103,948				66,142	76,790	
Lebanon	23,637	19,867	25,454	26,297	34,340	49,772				68,632	75,162	
Kazakhstan	31,645	46,852	49,307	37,813	51,546	71,202				65,445	74,431	
Saudi Arabia	85,409	82,481	124,654	197,734	261,009	361,127				129,250	74,145	
Uzbekistan	81,683	76,457	69,601	73,970	68,260	70,464				62,365	72,261	
Australia	9,665	12,839	29,003	36,743	19,763	17,842				127,750	66,212	
Venezuela	960	235	49	8,401	13,293	67,299				69,340	64,794	
Oman	8,025	6,024	10,277	8,710	26,818	60,677				106,699	64,483	
France	718,734	734,678	1,251,184	1,638,388	4,318,773	4,392,965				54,879	62,454	
Georgia	22,838	33,620	32,902	36,284	48,339	44,648				55,616	62,142	
Ukraine	151,575	53,482	19,239	26,532	33,795	59,170				49,852	59,382	
Myanmar	1,008	2,922	3,747	4,241	1,414	2,431				50,628	58,675	
Djibouti	957	4,370	5,860	2,971	7,269	9,471				48,799	48,219	
Kyrgyzstan	16,448	21,080	28,324	27,339	31,030	44,543				37,793	40,487	
Canada	22,694	34,013	41,186	52,894	35,707	35,337				41,466	40,332	
Kenya	1,579	1,989	2,049	4,482	4,503	10,353				37,785	37,988	
United Kingdom	35,344	25,252	31,440	52,779	74,678	71,353				49,805	37,377	
Romania	5,955	6,152	9,495	9,748	9,159	13,570				34,407	33,573	
South Africa	12,465	15,639	14,524	15,887	17,961	17,152				60,519	32,767	
Tanzania, United Republic of	1,313	1,442	2,137	3,903	3,788	7,563				21,173	29,991	
Egypt	11,020	11,167	8,753	16,567	18,839	80,537				60,923	28,658	
Sweden	7,478	10,564	11,433	14,199	10,460	12,482				20,961	27,029	
Slovenia	180	404	395	525	1,024	1,568				55,527	25,824	
Nigeria	1,523	4,282	3,716	7,381	8,765	10,732				17,382	25,486	
Bangladesh	4,923	9,396	16,836	19,655	15,381	23,967				86,592	24,040	
Yemen	9,724	10,237	8,617	12,080	7,733	10,637				30,913	22,779	
Switzerland	25,160	27,504	46,530	29,409	24,527	21,702				23,400	20,646	
Brazil	4,072	2,369	4,123	3,692	2,898	25,719				90,496	17,174	
Poland	3,087	4,831	6,500	6,488	8,359	12,193				26,474	17,096	
Denmark	8,807	9,393	11,077	9,770	11,908	9,335				10,179	15,520	
Greece	13,081	16,020	9,644	7,068	14,158	12,941				15,819	14,783	
Mexico	11,586	12,790	12,820	9,162	7,366	14,901				4,108	14,750	
Austria	9,631	8,163	6,544	5,846	9,954	12,543				14,286	14,589	
Côte d'Ivoire	710	614	562	395	1,013	2,291				9,949	11,988	
Bahrain	15,609	16,755	18,704	22,676	94,286	70,835				31,251	11,477	
Mozambique	326	2,752	440	679	499	824				12,378	10,560	
Morocco	2,452	3,489	6,209	5,415	6,717	8,232				31,601	10,081	
Algeria	846	6,054	4,565	7,134	8,164	10,949				17,954	9,837	
Jordan	5,195	5,160	15,446	6,699	13,991	11,075				7,163	8,754	
Congo	1,227	723	2,296	359	729	1,408				12,500	8,592	
Gabon	69	633	635	233	193	1,013				3,329	8,040	
Croatia	211	55	473	278	858	852				6,152	6,881	
Ethiopia	927	2,418	3,175	4,375	6,280	19,591				6,746	6,491	
Tunisia	2,224	1,192	962	829	1,649	3,288				8,781	6,423	
Senegal	1,712	7,853	6,064	1,967	2,484	4,405				6,905	6,214	
Bulgaria	1,059	2,465	3,528	4,203	8,078	9,449				8,179	6,071	
Cuba	1,850	767	1,811	2,124	886	328				3,705	5,759	
Togo	548	727	97	707	69	517				3,117	5,538	
Belarus	160	630	600	1,335	1,024	1,978				4,784	5,524	
Cameroon	1,042	708	580	662	645	827				3,700	5,475	
Portugal	4,455	5,283	3,843	4,649	1,417	7,812				11,238	5,257	
Ghana	1,440	417	228	1,093	791	1,091				2,489	4,903	
Lithuania	813	1,090	1,127	1,938	4,673	11,980				3,430	4,792	
Uganda	168	295	1,479	1,526	1,020	1,840				5,008	4,714	
Guinea	2,558	5,138	270	322	1,155	3,039				8,136	4,102	
Hungary	4,606	5,442	5,783	6,849	4,054	3,613				5,216	4,044	
Angola	733	64	102	350	136	482				8,475	3,731	
Argentina	628	90	547	1,147	526	194				10,086	3,531	
Central African Republic	5	0	0	60	1,079	1,151				8	3,154	
Montenegro	0	0	0	0	0	0				2,374	3,065	
Slovakia	525	370	1,331	2,695	4,123	4,305				6,262	3,051	
New Zealand	1,548	1,549	1,986	2,358	1,650	1,709				2,853	3,050	
Macedonia, The Former Yugoslav Republic of	472	1,408	1,735	2,257	2,605	3,037				2,743	2,951	
Somalia	36	142	212	99	194	421				1,930	2,638	
Norway	2,243	2,400	2,980	2,027	2,376	6,074				16,251	2,519	
Jamaica	0	0	55	33	50	17				165	2,231	
Brunei Darussalam	114	415	846	1,281	664	763				1,657	2,068	
Cyprus	1,811	1,077	2,615	2,574	2,442	2,736				591	1,856	
Libya	5,509	7,989	10,809	3,613	2,167	4,098				5,971	1,691	
Benin	137	399	613	87	1,325	45				3,216	1,681	
Zimbabwe	252	287	722	17,690	639	219				2,857	1,455	
Serbia	0	0	0	0	0	3,457				1,264	1,365	
Madagascar	454	112	709	2,584	2,179	3,087				2,674	1,327	
Niger	142	173	144	355	2,693	228				2,633	1,283	
Albania	555	750	967	1,528	18,503	2,162				305	1,241	
Czech Republic	2,682	2,810	4,205	2,711	1,255	1,284				1,811	1,179	
Liberia	19	115	11	37	35	110				866	1,129	
Mali	484	808	1,197	270	589	822				1,310	923	
Republic of Moldova	106	62	163	1,246	310	138				535	867	
Burkina Faso	115	348	33	959	0	90				804	857	
Colombia	1,296	968	2,091	1,352	537	1,008				1,235	827	
United States of America	98,878	127,551	139,051	109,102	99,792	109,736				104,417	766	
Eritrea	1,352	967	265	1,363	2,494	472				353	738	
Chile	472	518	1,308	613	1,140	2,238				774	682	
Finland	335	379	189	418	2,272	721				496	635	
Nepal	75	69	72	120	108	1,782				141	635	
Anguilla	38	5	8	10	0	0				0	593	
Bosnia and Herzegovina	417	719	1,014	892	1,156	1,030				873	455	
Trinidad and Tobago	58	85	72	32	0	81				153	437	
Sierra Leone	67	124	3,135	755	825	122				355	403	
Ireland	183	571	4,313	268	1,409	8,857				4,715	378	
Mauritania	80	57	53	104	66	893				7,938	366	
Mauritius	53	428	49	274	220	9,195				2,074	330	
Cambodia	0	4	32	113	45	1,001				402	302	
Uruguay	4	183	82	100	59	332				227	296	
Panama	203	67	199	222	1,260	226				402	269	
Peru	24	40	522	102	316	340				221	268	
Rwanda	36	0	197	14	138	128				65	267	
Haiti	33	95	7	18	26	9				40	261	
Guatemala	34	16	12	175	9	89				206	216	
Ecuador	264	275	53	12	185	37				265	182	
Equatorial Guinea	0	0	0	0	0	71				499	172	
Malta	59	197	290	187	1,583	50				55,209	133	
Seychelles	0	0	59	12	338	0				322	121	
Zambia	38	115	21	317	66	142				68	110	
Mongolia	0	0	0	10	0	0				148	87	
Maldives	0	0	0	20	0	42				579	81	
Latvia	337	156	588	282	118	103				259	74	
Estonia	62	158	415	237	791	169				111	57	
Gambia	274	779	117	76	137	131				142	48	
Malawi	5	25	24	0	31	54				121	48	
Fiji	0	48	36	3,616	68	124				0	44	
Costa Rica	66	0	8	13	17	2				30	32	
Honduras	114	0	0	0	0	1				0	29	
Namibia	3,068	10	380	66	50	0				22	24	
Chad	3	4	166	12	21	4				0	0	
Democratic Republic of the Congo	0	99	0	0	0	0				0	0	
French South Antarctic Territories	0	0	0	0	174	0				0	0	
Korea, Democratic People's Republic of	110	0	0	0	11	0				0	0	
Lao People's Democratic Republic	0	0	1	0	0	0				0	0	
LAIA not elsewhere specified	407,073	321,296	572,345	751,162	0	0				0	0	
Netherland Antilles	6	0	0	0	3,319	0				0	0	
Guinea-Bissau	6	0	236	0	0	0				0	0	
Saint Helena	0	184	0	0	0	0				0	0	
Swaziland	12	1	0	0	77	145				0	0	
Tokelau	0	0	0	0	0	0				0	0	
United States Minor Outlying Islands	0	0	0	0	39	0				0	0	
Serbia and Montenegro	557	654	1,603	1,758	2,429	0				0	0	
Andorra	3	435	11	49	184	175				339	0	
Antigua and Barbuda	0	0	0	0	1	0				0	0	
Barbados	23	55	11	11	0	0				0	0	
Bermuda	0	0	0	0	0	0				14	0	
Bhutan	0	10	0	0	0	0				0	0	
Bolivia	86	72	72	0	0	0				359	0	
Botswana	102	174	165	0	0	0				0	0	
Burundi	135	0	0	598	0	0				364	0	
Cabo Verde	0	0	0	0	0	0				0	0	
Comoros	199	0	0	0	0	0				0	0	
Dominica	109	0	0	22	0	0				0	0	
Dominican Republic	0	11	3	17	12	42				186	0	
El Salvador	70	0	9	0	0	0				30	0	
Guyana	16	0	26	0	0	12				27	0	
Iceland	72	0	0	0	1	0				20	0	
Israel	0	2	0	0	0	0				0	0	
Luxembourg	4,851	6,009	2,848	2,975	3,294	6,013				794	0	
Macao, China	0	0	53	28	0	0				0	0	
Aruba	6,024	2,069	85	0	11	0				69	0	
New Caledonia	0	0	0	0	0	0				0	0	
Nicaragua	0	441	240	93	0	0				907	0	
Papua New Guinea	0	8	50	15	0	0				0	0	
Paraguay	12	0	27	11	21	0				57	0	
Saint Vincent and the Grenadines	0	0	0	0	0	0				0	0	
Sao Tome and Principe	0	0	0	0	0	0				0	0	
Suriname	5	167	0	0	0	0				87	0	
Tonga	136	513	62	0	0	0				0	0	
Samoa	0	0	0	0	0	0				0	0	
