List of importing markets for a product exported by Fiji (Mirror) Product: TOTAL All products
"Importers"	"Exported value in 2001"	"Exported value in 2002"	"Exported value in 2003"	"Exported value in 2004"	"Exported value in 2005"	"Exported value in 2006"	"Exported value in 2007"	"Exported value in 2008"	"Exported value in 2009"	"Exported value in 2010"	"Exported value in 2011"	"Exported value in 2012"	"Exported value in 2013"	
Total	534,480	509,857	592,170	644,567	635,391	632,493	646,820	728,191	647,790	736,971	806,114	801,522	713,497	
Algeria	0	0	0	10	0	0	2	0	0	1	0	0	0	
Andorra	0	0	1	0										
Antigua and Barbuda					3		15		31	38	73	68	57	
Argentina	0	0	0	0	0	0	0	0	9	30	33	55	43	
Armenia	0	0	0	0	0	0	1	0	15	0	0	0	0	
Australia	123,655	120,127	139,879	164,131	146,066	124,790	99,448	121,961	120,413	171,406	190,011	181,577	155,778	
Austria	455	104	70	61	183	334	345	396	235	130	148	74	79	
Azerbaijan	0	0	0	0	0	0	0	0	0	2	0	0		
Bahamas	0	0	0	0	0	0	0	0	0	0	0	0		
Bahrain	0	4	0	0	6	0	0	0	0	180	0			
Bangladesh	1,529	140	0	0	0	0	0							
Barbados	0	13	1	0	0	156	89	165	132	0	17	81	96	
Belarus	0	0	0	0	0	0	0	44	0	0	0	0	0	
Belgium	98	3	512	53	2,384	1,111	4,204	4,724	1,656	63	2	28	8	
Belize	0	0	0	0	0	0	0	0	0	0	0	0	0	
Benin	0	0	0	0	0	1	0	0	0	0	478	404	20	
Bermuda												88	127	
Bolivia	0	0	0	0	0	0	0	0	0	0	0	0		
Bosnia and Herzegovina			0	9	39	9	17	26	10	28	19	12	8	
Botswana	0	0	0	0	0	0	0	0	30	0	0	0	0	
Brazil	8	1	6	13	94	30	6	122	8	16	10	31	9	
Brunei Darussalam	0	5	0	0		0				2	0	0	0	
Bulgaria	3	0	0	1	0	1	5	12	5	0	15	0	1	
Burkina Faso	0	0	0	0	0		0	0	0	0	0	0		
Cambodia	0	4	0	0	0	0	5	0	0	0	1	16		
Canada	1,807	3,812	2,896	4,357	5,937	7,590	6,991	7,573	5,599	4,790	4,594	4,278	3,813	
Chile	0	5	0	3	0	1	3	35	1	1	6	14	1	
China	247	1,401	5,355	6,180	2,272	1,228	2,571	921	579	950	1,217	22,161	59,385	
Colombia	23	0	6	51	0	0	277	0	0	0	0	2,177	465	
Cook Islands					940									
Costa Rica	0	0	0	0	292	122	0	0	48	43	34	16	11	
Côte d'Ivoire	0	0	0	4	0	9	0	0	0	0	0	0		
Croatia	2	3	2	7	0	0	318	4	2	2	5	7	0	
Cuba	24	0	0	5	0	6								
Cyprus	0	0	0	0	0	0	0	0	16	3	0	0	0	
Czech Republic	7	10	22	51	136	79	203	274	180	151	206	245	226	
Denmark	30	25	71	41	336	48	28	79	40	23	49	4	18	
Dominican Republic	0	27	151	1,747	3,506	4,150	4,446	6,367	6,040	13,305	13,237	11,624	11,142	
Ecuador	0	0	2	0	14	0	0	0	0	124	477	0	0	
Egypt	1	0	86	28	22	39	583	0	0	0	0	0	0	
El Salvador	0	0	0	0	0	7	0	0	0	0	0	0	0	
Estonia	0	0	0	162	841	40	0	0	0	0	4	1	3	
Ethiopia	48	0	0	44	0	0	0	0	0	0	0	0		
Faroe Islands	0	0	1	0	4	0	0	1	3					
Fiji		0	0	0	24	9	0	0	26	4	0	0		
Finland	16	23	12	11	42	20	9	7	5	3	5	33	5	
France	785	530	872	149	109	871	2,177	603	33	150	477	416	744	
French Polynesia	4,272	4,951	5,968	4,703	5,249	4,749	4,913	5,544	4,275	5,109	4,096	4,888	4,662	
Gambia	0	0	0	0	0	0	0	0	0	0	0			
Germany	4,096	1,838	4,637	2,567	2,088	3,267	2,023	4,673	3,137	2,577	2,857	2,907	2,192	
Ghana	0		0		0	0	0	0	0	0	0	5		
Greece	1	3	0	0	15	14	0	0	0	0	0	0	0	
Guatemala	0	0	16	0	0	16	95	0	20	0	0	18	0	
Guinea	0	0		28	0	0	0	0		0	0	0		
Guyana	0	0	0	0	0	0	3	0	0	0	0	0	0	
Honduras	0	1	1	203	207	0	64	0	0	5	0	7	8	
Hong Kong, China	12,621	6,780	7,068	8,019	4,959	6,201	8,921	14,326	12,798	10,758	14,377	10,965		
Hungary	7	11	32	10	0	13	0	0	0	2	6	4	10	
Iceland	0	0	0	0	0	2	0	0	0	0	0	0	0	
India	9	13	895	991	732	18,750	271	530	1,194	2,111	2,667	1,289	1,944	
Indonesia	1,946	2,424	2,631	176	7,934	11	12	161	335	1,174	1,499	1,513	2,645	
Iran (Islamic Republic of)	0	0	0	98	0	0				0	0			
Ireland	22	27	35	33	86	74	225	551	75	30	88	34	35	
Israel	0	0	8	1	0	0	0	370	650	486	754	0	42	
Italy	231	266	446	360	298	460	384	301	183	150	314	4	232	
Jamaica	0	0	0	25	1,419	4,180	3,736	0	5,695	0	0	183		
Japan	38,719	46,023	40,532	40,426	56,057	51,900	45,554	53,743	50,564	79,549	92,531	104,886	44,859	
Jordan	0	0	0	0		0	0	0	0	13	13	20	7	
Kazakhstan	10	0	0	0	0	0	0	8	0	0	0	0	0	
Kenya	0	0	0	0	0	0	0	0	40	0	0			
Kiribati					15,504		24,617	28,003	17,313	19,581	12,293	15,126		
Korea, Republic of	1,136	887	1,031	687	2,485	3,494	1,969	3,115	4,079	15,465	20,451	14,374	10,743	
Kuwait	0	0	0	0		2	2	0						
Latvia	0	0	0	0	0	0	0	0	0	10	0	0	0	
Lebanon	1	0	1	0	0	0	0	0	0	0	0	2	0	
Lithuania	0	0	0	0	0	0	0	0	0	0	0	0	0	
Luxembourg	0	0	0	0	0	0	0	0	5	5	5	4	4	
Macao, China	0	0	0	0	0	0	27	73	93	322		0		
Macedonia, The Former Yugoslav Republic of	0	0	0	0	0	0	0		0	0	0	4	4	
Madagascar	10	3	0	30	0	0	0	0	0	0	4	1	1	
Malawi	0	0	0	0	0	0	0	98	0	0	0	0	0	
Malaysia	209	66	357	78	411	2,068	103	303	457	468	1,083	2,852	2,451	
Maldives	0	0	0	0	0	0	2,017	39	0	0	0	0	0	
Mali	0	0	0	0	0	0	0	0		0	0	14		
Malta	0	0	0	0	0	0	0	0	0	0	0	9	0	
Mauritania	0	0	0	0	0		46	0	0	0	2	0		
Mauritius	0	111	175	150	124	21	35	7	61	1	10	0	7	
Mexico	20	112	77	158	1,835	2,323	1,502	2,119	1,611	1,687	1,733	1,606	2,107	
Mongolia	0		0	0	0	0	0						19	
Montenegro						0	0	0	0	0	1	0	0	
Morocco	0	0	0	0	0	0	0	0	0	0	0	0	0	
Mozambique	0	50	0	68	0	44	7	0	0	0	14,188	12	12	
Namibia	0	0	0	3	0	0	0	6	0	0	0	0	32	
Nepal			0						0	3	0			
Netherland Antilles					0	11	0	0						
Netherlands	536	3,592	1,128	1,217	1,547	911	1,751	1,214	2,209	3,664	1,904	1,979	1,613	
New Caledonia	1,312	2,000	1,656	2,152	2,491	2,396	3,809	5,327	4,147	4,069	3,272	2,827	6,870	
New Zealand	23,859	25,503	30,304	32,948	36,025	37,924	49,958	50,355	38,517	48,540	51,580	49,172	49,232	
Nicaragua	0	0	0	0	0	0	0	0	0	0	0	0	5	
Nigeria	84	21	10			0	0	0	0	0	0	0		
Norway	19	30	17	2	76	64	17	69	4	5	65	53	126	
Oman	0	0	0	0	0	0	0	0	0	0	0	0	0	
Pakistan			3	1	43	122	473	0	31	0	94	102	2	
Palau												77		
Panama	0	0	0		0	0	0	0	0	0	0			
Papua New Guinea	1,511	1,494	1,259	2,564							15,957	27,886		
Paraguay	0	0	0	0	0	0	0	0	0	0	0	0	0	
Peru	1	0	1	0	0	26	0	0	0	0	1	0		
Philippines	82	113	204	823	114	22	27	21	33	24	97	69	32	
Poland	0	0	0	18	1	70	35	146	28	21	398	9	5	
Portugal	13,007	8,855	5,786	4,737	0	0	0	0	0	1	102	18	25,142	
Qatar	8	0	4	0	0	0	0	0	0	136	112	21	154	
Romania	0	0	1	0	0	8	0	0	0	0	0	0	0	
Russian Federation	0	0	11	50	27	124	269	241	82	309	11	30	7	
Rwanda	0	0	0	0	5	0	1	1	1	1	0	0	0	
Saint Vincent and the Grenadines	0	0	0	0	0	0	0	13	7	0	0	0		
Samoa	11,308	19,047	11,843	13,686	17,721	18,214	24,415	19,625	15,622	18,389	20,608	17,851	21,040	
Saudi Arabia	224	19	228	655	1,350	98	123	0	0	304	1,621	762		
Serbia					0	0	2	2	3	0	12	0	12	
Seychelles	24	0	0		8	0		2						
Singapore	604	1,179	1,029	2,207	4,540	4,269	6,389	5,726	3,628	2,389	4,902	5,310	3,287	
Slovakia	2	0	0	4	13	87	139	9	71	5	2	1	6	
Slovenia	57	23	6	4	7	0	18	43	73	36	48	35	72	
Solomon Islands								5,202	3,738	6,828	8,573			
South Africa	22	23	31	28	48	22	1,458	1,654	2,885	1,693	1,351	687	543	
Spain	106	49	1,001	59	74	60	1,783	3,262	7	18	58	81	1,505	
Sri Lanka	0	0	0	368	18	88	30	656	414	1,361	245	12		
Sudan (North + South)	0	0	0	0	0	0		17	0	0	0			
Suriname	0			0	0	0	0		0	0	0			
Sweden	82	128	41	47	53	20	23	5	3	8	156	60	124	
Switzerland	17	38	47	21	196	225	82	59	50	36	313	71	35	
Syrian Arab Republic	0	0	0	0	0	0	0	0	0	0				
Taipei, Chinese	4,492	190	2,228	2,470	2,162	765	2,402	2,386	5,356	6,945	3,986	4,025	4,190	
Tanzania, United Republic of	0	0	3	0	0	0	0	23	12	4	0	0	0	
Thailand	1,442	120	517	66	2,284	1,243	331	413	3,262	10,247	16,319	10,499	8,665	
Timor-Leste				1	1									
Togo	0	2	0	0	0		0	0	0	0	0	0	0	
Tonga	10,807	11,848	17,693					14,990	13,167	16,083	17,085	15,947		
Trinidad and Tobago	0	38	0	0	5	1,932	0	2,203	22	3,499				
Tunisia	0	0	0	0	0	0	182	0	0	0	0	0	0	
Turkey	0	0	6	0	18	1	0	1	7	0	1	1	23	
Tuvalu		3,246												
Uganda	0	0	0	0	0	0	0	0	51	0	0	0	0	
Ukraine	0	0	0	0	0	4	0	8	3	137	62	94	96	
United Arab Emirates					0		70	462						
United Kingdom	73,797	72,017	117,655	117,104	116,206	138,739	125,172	158,456	123,899	47,680	87,931	53,289	77,658	
United States of America	199,026	170,479	185,603	227,371	187,631	172,445	190,531	196,534	167,507	208,294	160,142	221,864	208,996	
Uruguay	0	0	0	0	0	0	0	0	0	0	0	0	0	
Vanuatu						14,210	18,363		25,235	21,845	22,407			
Venezuela	0	0	0	0	0	0		0	0	0	0	0	2	
Viet Nam	0	0	0	32	74	153	698	1,782	0	3,444	6,607	4,553		
Yemen				0	0	0	0	0	0	0	0	0		
Zambia	3	0	0	0	0	0	0	0	0	5	2	0	0	
Zimbabwe	0	0		0	0	0	0	0	15	0	0	0	0	
