List of importing markets for a product exported by Israel (Mirror) Product: TOTAL All products
"Importers"	"Exported value in 2001"	"Exported value in 2002"	"Exported value in 2003"	"Exported value in 2004"	"Exported value in 2005"	"Exported value in 2006"	"Exported value in 2007"	"Exported value in 2008"	"Exported value in 2009"	"Exported value in 2010"	"Exported value in 2011"	"Exported value in 2012"	"Exported value in 2013"	
Total	29,050,941	29,201,637	30,641,061	36,736,329	41,815,674	45,744,289	55,312,695	62,222,053	49,820,122	58,620,533	67,229,858	65,604,497	61,462,465	
Albania	142	340	296	4,698	5,094	1,612	11,473	20,072	19,365	38,044	49,690	3,453	9,301	
Andorra	1,383	455	152	177										
Anguilla	5	7	8											
Antigua and Barbuda					201		495		657	118	165	670	426	
Argentina	75,569	25,844	38,641	57,944	60,791	94,880	125,388	152,074	85,888	127,396	178,239	132,001	147,901	
Armenia	27,593	82,695	123,645	100,119	102,478	87,773	34,748	28,220	10,478	14,030	27,397	57,919	53,837	
Aruba					220				0	0	0	0		
Australia	231,920	298,837	302,430	382,275	446,078	485,743	519,347	704,816	440,633	538,140	650,851	697,112	657,177	
Austria	87,016	98,140	94,243	109,583	106,460	121,689	168,235	170,032	114,834	178,646	217,904	144,007	110,037	
Azerbaijan	6,001	6,740	2,914	4,103	10,756	26,180	30,842	80,049	80,877	59,369	37,557	61,591		
Bahamas	195	347	181	1,551	71	1,353	244	101	92	705	352	750		
Bangladesh	147	3	0	0	67	16	23							
Barbados	6,068	934	3,361	524	1,844	2,561	9,247	3,756	2,833	1,163	3,730	2,082	918	
Belarus	14,632	10,634	11,282	15,734	21,671	32,523	37,968	62,441	50,412	67,041	61,800	96,782	98,385	
Belgium	1,935,670	2,094,162	1,909,883	2,471,545	2,980,815	2,654,298	3,677,014	3,283,890	1,984,811	2,511,570	2,946,201	2,182,627	2,426,799	
Belize	124	297	303	691	1,134	667	712	304	444	428	383	202	276	
Benin	1,253	894	2,096	522	200	167	226	530	793	425	4,515	850	760	
Bermuda												69	87	
Bhutan					0	120	55	197	498	460	543			
Bolivia	3,512	3,000	2,109	6,342	2,914	5,626	8,163	9,461	9,577	7,874	9,148	8,120		
Bosnia and Herzegovina			1,487	1,388	2,646	1,989	4,538	8,638	6,826	5,096	5,767	6,154	5,873	
Botswana	35,523	41,314	5,286	16,382	12,474	19,345	42,815	85,732	56,895	105,236	100,639	120,621	103,664	
Brazil	414,458	334,823	318,432	501,784	468,503	473,740	676,326	1,221,074	651,402	1,011,475	904,089	1,143,544	1,113,480	
Brunei Darussalam	27	6	17	18		47				204	159	21	6	
Bulgaria	18,854	18,947	19,795	24,542	34,759	44,247	54,521	64,501	70,502	123,868	245,763	74,051	60,751	
Burkina Faso	7,404	1,669	3,825	11,459	11,016		7,762	10,773	627	5,998	12,073	3,192		
Burundi	438	777	5	252	988	52	23	106	364	16	376	274	87	
Cabo Verde	531	32	62	2,126	488	120	909		684	736	252	3	23	
Cambodia	561	370	13	10	22	52	1,186	153	3,955	1,382	977	4,975		
Cameroon	1,326	3,046	2,749	3,409	5,424	4,016	7,977	10,252	11,233	9,594	4,869	6,890		
Canada	401,902	402,291	443,490	532,184	671,204	769,477	896,621	1,147,188	832,029	977,527	992,574	1,145,600	1,028,188	
Central African Republic	0	0	0			9,216	207	176	411	74	378	422	192	
Chile	59,067	44,046	46,372	50,029	57,913	58,302	73,005	95,901	71,399	93,464	108,514	119,507	134,604	
China	483,240	517,647	690,402	942,863	1,073,542	1,314,405	1,653,938	1,792,823	1,524,121	2,607,391	3,037,705	2,922,831	3,183,334	
Colombia	54,736	76,817	72,165	63,002	99,401	136,956	164,686	168,655	214,888	268,429	147,963	160,501	236,556	
Comoros	0	0	67	0	0	0	12	0	0					
Congo							637	912	10,246	10,023	4,504	2,966	2,126	
Cook Islands					2									
Costa Rica	39,048	18,307	36,185	21,162	156,089	38,544	30,436	43,676	190,300	152,395	103,176	43,931	61,574	
Côte d'Ivoire	2,264	10,965	10,272	8,690	8,633	9,050	7,922	8,141	10,955	8,455	5,919	9,682		
Croatia	16,789	12,335	15,243	18,927	18,436	26,606	43,045	39,519	36,811	33,285	42,704	43,191	21,279	
Cuba	25,535	18,364	19,944	20,839	21,066	21,202								
Cyprus	154,778	152,029	169,844	252,994	447,710	436,756	563,190	871,295	542,389	676,949	888,376	868,645	865,330	
Czech Republic	52,044	62,560	70,859	97,129	104,404	150,290	197,411	246,358	223,158	248,208	287,342	253,251	220,457	
Denmark	83,288	67,430	70,711	81,142	94,568	101,475	135,973	141,714	84,034	95,401	87,253	78,681	75,534	
Djibouti									337					
Dominica	4	1	49	159	0	13	1	0	29	204	898	9		
Dominican Republic	6,830	5,790	6,212	8,533	10,618	21,254	16,663	20,433	19,526	23,226	23,059	20,761	68,808	
Ecuador	12,814	11,553	17,568	21,054	30,463	33,166	49,524	36,264	29,804	44,371	34,048	37,259	43,339	
Egypt	18,705	9,319	6,617	10,121	14,583	7,781	6,378	63,918	59,420	78,642	84,272	104,115	93,412	
El Salvador	1,933	3,252	12,461	5,319	5,218	10,827	10,589	13,364	3,055	6,490	6,982	5,432	6,319	
Eritrea			2,198											
Estonia	2,672	2,874	7,771	5,410	8,297	17,206	21,544	24,765	12,996	17,604	22,410	20,610	21,489	
Ethiopia	2,650	2,881	9,554	21,155	56,903	53,315	34,885	27,606	23,227	17,644	19,584	34,276		
Faroe Islands	358	634	428	1,084	639	1,212	545	499	330					
Fiji		50	68	212	168	1,031	270	3,033	1,647	2,932	3,858	2,596		
Finland	72,407	73,177	83,550	102,950	117,648	95,744	115,777	138,132	84,156	75,310	104,020	88,586	66,180	
France	831,513	774,653	886,299	1,029,902	1,185,879	1,164,311	1,463,784	1,508,658	1,230,284	1,236,613	1,387,212	1,476,104	1,504,622	
French Polynesia	1,352	1,648	592	736	807	1,817	1,068	946	1,535	1,018	1,050	620	884	
Gabon	629	0	530	87	240	3,672	3,764	2,936	4,129					
Gambia	6	0	14	85	0	11	2	6	10	0	2			
Georgia	803	1,259	1,722	4,404	9,279	22,140	23,788	39,138	18,824	12,766	28,669	31,598	31,585	
Germany	1,762,418	1,394,338	1,356,301	1,561,298	1,559,021	1,851,966	2,243,976	2,269,744	1,854,213	2,255,186	2,602,416	2,086,005	2,164,941	
Ghana	3,227		7,907		18,119	22,948	23,317	33,951	19,328	13,860	31,288	27,188		
Greece	146,888	155,728	211,083	217,024	209,944	222,435	291,331	298,403	277,021	216,158	263,890	193,303	255,099	
Greenland	0	0	28	0	34	162	9	196	899	144	195	124	97	
Grenada	17	62	41	110	29	34	49	482						
Guatemala	15,992	18,562	10,112	14,510	31,918	35,799	23,723	32,162	30,605	27,583	26,348	34,171	31,794	
Guinea	161	88		6,607	96	30	10,093	12,471		18,329	4,624	2,673		
Guyana	51	7	6	152	52	1,014	1,556	42	8	80	465	285	1,418	
Honduras	1,132	3,347	3,181	6,106	6,727	6,746	15,326	27,887	12,101	9,312	24,183	13,569	10,370	
Hong Kong, China	710,702	876,517	962,518	1,125,464	1,506,931	1,756,940	1,837,092	2,061,587	1,545,825	2,126,825	2,950,646	2,702,054		
Hungary	93,219	68,603	83,612	83,835	87,991	98,026	119,180	172,264	128,982	112,656	146,011	168,839	160,303	
Iceland	3,757	4,990	5,344	7,095	8,906	7,241	8,807	8,312	5,917	6,823	8,807	6,377	5,899	
India	392,096	590,794	629,642	831,729	1,124,680	1,073,944	1,360,703	2,043,342	1,758,477	2,038,064	2,548,561	2,377,241	2,302,457	
Indonesia	0	0	0	0	0	0	0	22,123	13,601	9,825	11,011	14,022	15,609	
Iran (Islamic Republic of)	0	0	0	0	0	0				0	0			
Ireland	216,111	80,033	95,137	134,855	150,526	115,805	113,497	106,747	114,614	94,519	93,936	176,200	182,010	
Italy	758,499	739,312	883,258	1,110,385	1,073,451	1,242,698	1,312,989	1,665,421	1,354,113	1,314,430	1,441,459	1,217,366	1,228,404	
Jamaica	5,720	2,626	5,227	7,304	15,627	15,526	17,911	18,965	9,469	6,074	8,971	6,084		
Japan	829,593	755,492	694,039	786,286	837,020	833,181	903,368	922,371	817,457	830,769	1,081,242	1,176,584	1,530,947	
Jordan	111,425	125,842	133,902	164,676		139,425	148,434	205,696	130,884	88,985	96,042	100,362	87,470	
Kazakhstan	23,650	30,245	35,882	42,160	62,291	76,240	133,896	148,470	97,651	96,225	125,907	113,028	115,308	
Kenya	29,433	21,953	26,527	24,265	33,893	39,698	65,167	118,671	66,430	59,484	73,978			
Kiribati					0		0	0	0	1	0	0		
Korea, Republic of	341,062	322,070	317,853	477,024	503,736	541,979	736,497	894,991	691,174	769,136	683,472	861,275	856,185	
Kyrgyzstan	246	329	259	550	400	991	1,187	3,165	1,637	1,296	3,757	3,142		
Latvia	9,717	9,705	11,041	11,257	14,973	17,679	17,516	16,021	10,860	13,195	17,730	15,754	11,970	
Lesotho	0	0	0					0	0	414				
Lithuania	5,011	7,137	11,479	8,566	13,208	14,321	23,397	27,886	11,910	9,776	16,536	19,952	14,420	
Luxembourg	3,294	4,702	3,715	6,609	7,489	3,549	6,967	7,653	7,317	6,734	7,123	8,705	12,382	
Macao, China	3,848	791	3,896	3,676	1,477	4,076	1,370	5,526	909	2,022		1,965		
Macedonia, The Former Yugoslav Republic of	2,515	2,844	4,170	6,646	7,553	10,732	12,070		26,072	18,273	19,862	25,391	12,551	
Madagascar	400	1,194	1,723	1,540	843	2,075	1,272	2,144	916	647	1,381	538	1,211	
Malawi	341	2,485	193	542	391	187	112	282	0	526	1,274	3,423	3,024	
Malaysia	0	0	0	0	1	0	0	0	0	0	0	0	0	
Maldives	612	591	676	1,105	1,151	834	817	798	1,702	184	942	227	131	
Mali	51	18	0	38	106	68	136	217		943	656	114		
Malta	18,584	18,740	5,368	20,123	4,676	6,603	44,254	14,578	5,684	4,257	4,151	3,002	17,594	
Mauritania	0	0	6	0	0		1	45	13	0	0	38		
Mauritius	8,831	5,754	10,157	10,290	9,297	7,629	12,394	13,554	7,596	6,980	5,390	6,806	6,643	
Mayotte	31	28	35	895	36	377	426	109	113					
Mexico	257,520	249,789	313,254	401,934	370,655	428,894	441,094	523,521	415,886	510,169	541,739	735,927	615,829	
Mongolia	676		770	4,287	8,143	7,272	6,537						2,218	
Montenegro						3,763	5,649	5,117	1,570	1,889	1,483	1,600	896	
Montserrat	18	110	12	56	58	0	34	8	7			1	0	
Mozambique	86	1,603	151	1,460	1,137	1,959	1,669	3,763	2,080	4,739	3,274	2,812	4,103	
Myanmar										604				
Namibia	2,870	2,529	6,729	730	1,218	2,441	3,416	3,893	3,506	6,113	3,941	5,894	2,496	
Nepal			904						7,920	4,060	5,255			
Netherland Antilles					141	286	339	2,458						
Netherlands	741,214	821,579	1,020,967	1,148,485	1,277,347	1,279,184	1,687,182	2,278,532	1,878,001	2,183,629	2,515,808	2,803,989	3,673,288	
New Caledonia	1,101	608	733	805	928	2,077	10,435	6,042	1,663	1,991	6,581	5,112	1,991	
New Zealand	30,344	27,955	34,056	79,849	45,342	49,139	67,642	85,499	73,439	56,791	68,078	150,913	86,568	
Nicaragua	1,739	9,318	3,111	4,466	8,438	8,106	6,094	5,157	6,125	4,839	5,190	7,008	6,588	
Niger	7,789	547	438	378	176	48	490	849	582	689	19,103	418	500	
Nigeria	15,130	12,423	14,555			29,355	94,360	111,995	86,436	178,926	98,789	93,174		
Norway	62,364	61,775	67,107	73,510	87,384	101,342	108,670	126,641	98,619	108,120	128,892	130,949	137,240	
Oman	0	0	0	0	0	0	0	0	0	0	0	0	0	
Palestine, State of							2,307,935	2,767,714	2,651,129	2,873,498	2,938,380	3,350,425		
Panama	5,509	3,588	2,521		5,393	7,589	11,403	13,576	10,837	8,172	18,030			
Papua New Guinea	26	60	1,063	29							2,283	3,376		
Paraguay	3,684	2,373	1,991	3,758	4,259	9,537	12,420	19,779	11,252	4,187	9,493	19,935	19,439	
Peru	16,622	12,822	13,306	17,805	30,825	32,969	42,373	51,002	35,037	44,271	56,319	62,715		
Philippines	379,339	134,968	227,618	204,565	178,800	178,770	253,341	153,041	181,773	225,016	166,366	97,643	100,373	
Poland	116,705	103,775	110,548	153,173	186,321	256,478	331,626	419,431	295,079	322,327	369,694	331,240	310,599	
Portugal	57,797	45,188	47,736	82,059	68,416	98,219	75,740	95,634	113,027	111,412	129,508	159,809	148,028	
Republic of Moldova	4,146	4,376	4,333	7,678	9,119	9,323	14,405	37,963	13,492	11,274	18,516	43,229	45,653	
Romania	150,894	108,092	113,228	164,670	206,405	233,455	234,035	248,766	167,954	207,667	167,830	174,577	117,678	
Russian Federation	131,328	159,809	207,222	208,799	331,876	408,152	529,805	734,448	636,252	773,457	1,083,963	1,285,593	1,492,795	
Rwanda	4,780	3,026	1,550	1,776	3,058	8,204	3,400	6,236	6,248	4,997	3,642	2,532	7,321	
Saint Kitts and Nevis	60	41	55	12	44	16	27	10	156	7	160			
Saint Lucia	132	476	274	592	710	298	495	402						
Saint Vincent and the Grenadines	29	4	0	70	8	20	102	42	7	55	73	22		
Samoa	11	625	139	13	47	0	4	66	164	34	14	28	0	
Sao Tome and Principe	0	0	0	0	0	0	0	0	0	0	5	0	20	
Senegal	7,225	4,902	1,973	8,600	4,976	6,068	8,681	7,831	4,976	3,263	10,310	24,690	26,718	
Serbia					20,896	29,479	36,881	52,292	51,396	30,114	26,311	24,396	23,584	
Serbia and Montenegro	13,311	19,698		34,568										
Seychelles	8	69	268		185	708		129						
Sierra Leone		41												
Singapore	351,700	300,546	337,020	428,564	434,021	521,385	542,005	712,970	562,761	648,691	627,736	748,661	1,069,487	
Slovakia	14,934	14,920	18,177	18,531	19,104	31,348	33,519	47,664	40,068	46,066	81,240	66,899	58,503	
Slovenia	37,545	25,717	36,681	31,224	73,741	37,152	63,446	60,038	35,228	157,999	36,771	34,385	35,827	
Solomon Islands								120	809	595	333			
South Africa	123,848	132,411	182,777	264,718	257,988	320,161	374,492	417,320	246,640	326,579	343,259	321,670	287,513	
Spain	593,233	466,211	594,772	702,021	739,363	948,003	1,241,830	1,250,094	1,000,197	1,131,025	1,075,214	1,057,971	1,014,987	
Sri Lanka	43,487	49,683	41,306	41,598	42,385	46,398	55,304	70,923	40,782	45,355	64,644	83,770		
Suriname	48			75	75	33	46		62	987	809			
Swaziland	2	1	4	6	418	101	226							
Sweden	137,977	121,627	84,357	106,198	127,632	120,805	149,507	163,762	112,440	135,845	153,250	147,885	159,113	
Switzerland	265,521	306,502	279,984	335,593	333,995	348,187	462,709	603,645	350,808	365,568	533,810	533,121	594,341	
Taipei, Chinese	323,252	344,287	329,849	609,134	652,254	633,810	595,170	530,220	510,997	697,780	730,854	812,999	871,810	
Tanzania, United Republic of	3,537	4,200	5,489	7,992	7,027	19,977	18,564	15,399	18,020	17,251	17,345	45,230	19,191	
Thailand	324,003	444,886	475,336	500,917	525,435	493,848	518,896	538,268	321,689	382,156	653,934	441,272	492,006	
Togo	2,266	32	1,443	34	129		547	1,448	4,926	2,341	5,020	31,033	12,885	
Tonga	0	0	0					0	65	100	151	55		
Trinidad and Tobago	8,561	10,055	2,693	5,433	7,338	6,029	4,045	2,817	5,639	6,550				
Tunisia	0	0	0	0	0	0	0	0	0	0	132	41	5	
Turkey	529,489	541,322	459,488	714,143	804,691	782,149	1,081,743	1,447,919	1,069,688	1,359,639	2,057,299	1,710,401	2,417,935	
Uganda	1,793	1,707	4,035	8,739	16,728	10,337	11,559	13,802	10,078	7,787	8,857	6,899	6,190	
Ukraine	40,091	34,591	58,152	67,419	62,989	89,650	99,907	172,229	79,872	91,476	142,958	266,786	323,172	
United Kingdom	1,325,543	1,380,118	1,442,160	1,747,378	1,871,948	1,944,864	2,161,442	2,136,724	1,670,769	2,456,920	3,602,018	3,632,754	2,772,913	
United States of America	12,158,053	12,643,713	13,008,684	14,789,732	17,128,869	19,399,136	21,077,524	22,626,636	18,961,438	21,221,352	23,250,469	22,343,664	22,967,313	
Uruguay	10,101	4,859	4,632	5,350	8,158	7,909	8,130	16,650	9,187	11,050	13,304	15,912	15,088	
Vanuatu						49	59		86	98	46			
Venezuela	29,652	15,336	15,982	15,473	44,677	24,213		40,172	40,467	24,795	18,947	29,344	23,275	
Viet Nam	14,326	16,913	21,597	34,868	36,156	41,285	82,764	76,853	129,405	124,890	205,164	158,902		
Zambia	804	247	1,111	2,229	2,003	2,167	969	1,160	2,675	6,064	2,718	2,289	3,076	
Zimbabwe	4,365	10,462		4,761	2,828	6,589	7,266	3,879	2,485	12,114	16,381	9,606	10,073	
