List of importing markets for a product exported by Indonesia Product: TOTAL All products
"Importers"	"Exported value in 2001"	"Exported value in 2002"	"Exported value in 2003"	"Exported value in 2004"	"Exported value in 2005"	"Exported value in 2006"	"Exported value in 2007"	"Exported value in 2008"	"Exported value in 2009"	"Exported value in 2010"	"Exported value in 2011"	"Exported value in 2012"	"Exported value in 2013"	
World	56,316,867	57,158,751	61,058,187	71,582,468	85,659,948	100,798,616	114,100,873	137,020,424	116,509,992	157,779,103	203,496,619	190,031,839	182,551,754	
Afghanistan	6,528	9,225	17,071	13,923	6,203	6,053	7,334	10,597	22,009	53,945	35,573	56,218	50,886	
Africa not elsewhere specified	128	0	0	0	0	0	0	0	0	0	0	0	0	
Albania	906	1,765	719	633	183	227	745	1,988	3,186	4,004	4,203	7,797	12,680	
Algeria	47,103	58,398	54,724	72,002	127,172	105,535	146,477	322,707	163,290	158,584	159,576	211,038	240,532	
America not elsewhere specified	143	35	256	2	399	0	0	0	0	0	0	0	0	
Andorra	77	513	2,196	1,189	12	135	525	99	327	4,301	704	298	469	
Angola	15,867	11,926	13,707	21,469	31,792	43,794	42,776	63,242	103,224	148,999	103,841	141,816	164,238	
Anguilla	30	376	304	0	117	120	240	251	192	123	700	684	620	
Antigua and Barbuda	891	1,410	2,432	2,289	1,163	724	547	407	393	423	314	284	337	
Area Nes	13	171	0	5	0	0	0	0	0	0	0	24	0	
Argentina	72,349	21,104	55,683	83,193	119,350	164,177	179,774	187,057	159,090	281,123	354,470	312,539	335,214	
Armenia	144	196	106	305	369	673	874	1,472	505	2,371	6,373	3,454	3,668	
Aruba	651	388	578	631	699	745	970	1,164	682	599	1,209	758	1,021	
Australia	1,842,294	1,924,361	1,791,603	1,887,359	2,227,608	2,771,277	3,394,556	4,110,970	3,264,224	4,244,397	5,582,530	4,905,413	4,370,482	
Austria	26,721	28,492	25,979	22,561	24,099	24,395	24,117	34,861	41,161	45,162	54,763	43,000	50,026	
Azerbaijan	175	232	521	652	1,692	2,129	2,588	1,537	1,099	2,034	3,951	4,596	5,010	
Bahamas	550	833	525	526	797	1,023	1,164	873	524	1,152	1,155	1,234	958	
Bahrain	17,906	16,670	17,407	19,768	17,849	26,178	35,006	60,454	25,192	40,620	27,622	31,690	37,957	
Bangladesh	215,608	245,709	265,786	281,669	353,301	428,397	633,603	836,026	781,765	1,018,611	1,361,917	1,120,349	1,068,460	
Barbados	1,491	569	930	1,020	2,804	6,181	5,338	4,055	2,488	2,581	2,838	2,333	2,511	
Belarus	43	164	1,521	3,163	4,846	5,995	5,311	2,689	1,211	1,333	3,391	3,809	4,010	
Belgium	762,158	782,809	902,870	915,578	997,259	1,136,259	1,332,173	1,350,972	1,048,316	1,190,140	1,374,750	1,297,678	1,259,269	
Belize	2,932	787	390	575	495	593	469	742	418	484	531	357	1,016	
Benin	14,816	15,543	16,194	23,533	40,661	53,324	58,445	78,402	68,703	72,416	167,364	63,465	71,043	
Bermuda	470	479	425	1,072	1,655	1,161	6,607	2,929	1,043	878	836	1,184	1,626	
Bhutan	104	15	76	35	1,043	576	11	28	1,827	4,984	1,618	2,608	91	
Bolivia	461	922	863	3,775	1,549	1,411	1,465	42,284	3,566	3,658	5,725	7,339	4,556	
Bosnia and Herzegovina	243	209	562	1,031	384	456	1,069	4,974	643	240	585	1,536	2,194	
Botswana	350	220	505	1,150	1,264	317	354	149	287	335	313	194	1,649	
Brazil	201,953	327,484	244,356	329,832	402,604	626,136	786,353	992,700	888,403	1,528,241	1,734,908	1,486,191	1,514,413	
British Indian Ocean Territories	269	601	12	45	372	17	22	40	3	11	4	190	1	
British Virgin Islands	847	260	495	1,021	1,014	185	726	614	661	895	23,346	448	1,372	
Brunei Darussalam	21,615	32,104	30,389	31,762	39,332	37,558	43,367	59,671	74,862	60,964	81,689	81,755	122,696	
Bulgaria	76,506	72,001	103,077	47,765	50,779	19,163	37,517	71,469	28,736	39,603	44,995	47,977	44,385	
Burkina Faso	717	1,218	2,321	1,767	4,196	2,265	2,086	2,370	2,710	5,111	5,567	4,999	9,555	
Burundi	824	2,044	329	693	61	161	122	531	2,009	758	1,411	1,409	374	
Cabo Verde	621	458	422	225	379	347	231	183	433	374	711	871	1,181	
Cambodia	72,129	68,817	79,877	71,825	93,936	103,648	121,853	174,027	201,207	217,738	259,501	292,191	312,461	
Cameroon	7,423	10,558	14,201	15,843	13,932	16,053	17,150	28,823	28,049	29,265	43,806	42,558	35,915	
Canada	390,156	377,966	382,110	436,533	464,348	551,006	550,630	645,461	512,496	731,911	960,285	792,446	782,347	
Cayman Islands	16,961	12,461	4,938	2,111	354	115	249	162	6,200	5,779	121	39	54	
Central African Republic	946	389	860	893	707	324	463	131	307	942	533	482	8,476	
Chad	0	102	224	89	378	25	208	456	225	314	1,553	1,239	364	
Chile	85,138	65,956	67,834	90,764	113,839	152,801	135,442	128,293	166,698	192,652	213,967	175,347	170,767	
China	2,200,670	2,902,948	3,802,530	4,604,733	6,662,354	8,343,571	9,675,513	11,636,504	11,499,327	15,692,611	22,941,005	21,659,503	22,601,487	
Christmas Islands	371	102	235	11	207	239	26	0	219	142	126	20	304	
Cocos (Keeling) Islands	1,611	2,949	3,880	303	0	0	0	0	0	0	0	0	0	
Colombia	34,525	36,364	46,219	68,092	84,622	100,175	108,150	111,605	84,566	118,470	139,493	170,657	132,043	
Comoros	2,126	2,215	1,145	1,077	586	640	1,484	1,573	1,118	1,533	2,483	2,567	2,808	
Congo	14,371	16,509	11,145	10,387	11,197	12,862	15,216	13,706	12,192	18,432	26,266	34,432	32,676	
Cook Islands	837	2,462	1,139	500	522	480	785	713	582	742	705	820	969	
Costa Rica	4,978	9,343	14,957	8,996	9,677	13,195	18,776	24,148	16,330	15,573	23,939	16,061	22,839	
Côte d'Ivoire	17,238	15,830	19,483	12,810	8,563	15,844	23,072	58,855	46,161	83,243	32,872	86,866	58,368	
Croatia	2,412	5,262	7,774	18,426	9,118	14,479	26,824	44,653	31,510	43,436	62,441	19,335	21,381	
Cuba	1,463	650	1,832	1,375	796	748	6,469	12,564	6,445	9,022	15,191	12,648	13,519	
Cyprus	16,525	13,023	10,694	11,396	16,962	11,257	12,492	15,606	13,752	10,777	11,424	12,557	9,813	
Czech Republic	17,025	27,772	27,566	31,548	34,871	54,689	101,905	145,354	171,357	165,736	69,420	63,790	61,992	
Democratic Republic of the Congo	4,694	7,056	3,792	3,086	433	489	0	0	0	0	44,281	29,999	28,457	
Denmark	108,813	102,522	95,825	112,198	127,192	142,753	140,781	170,880	168,765	180,207	250,162	229,370	224,504	
Djibouti	14,847	12,585	16,297	22,879	42,448	45,058	44,269	58,907	50,722	71,138	186,107	270,333	286,406	
Dominica	656	934	590	965	953	1,192	1,872	1,384	1,301	420	887	457	2,147	
Dominican Republic	14,482	15,508	8,797	8,632	14,359	15,924	16,160	24,974	17,283	20,317	24,188	23,146	31,521	
Ecuador	17,927	12,265	12,225	22,161	28,572	47,856	39,348	49,401	37,625	67,702	90,138	80,896	81,427	
Egypt	196,804	179,643	170,351	197,268	290,485	464,243	589,556	790,745	708,814	879,350	1,397,515	1,013,770	1,101,773	
El Salvador	6,138	6,219	8,337	4,500	6,650	8,391	7,279	8,916	7,777	9,241	11,351	12,851	9,609	
Equatorial Guinea	351	477	636	1,188	1,986	3,357	2,364	1,749	3,673	4,041	2,835	4,825	4,606	
Eritrea	3,100	3,895	2,098	6,120	1,106	1,043	2,418	5,501	2,517	3,498	5,252	4,318	6,153	
Estonia	2,681	9,705	4,318	6,049	5,778	6,118	18,908	24,081	19,252	21,887	34,463	41,579	46,304	
Ethiopia	6,395	11,745	19,554	30,924	44,409	31,171	14,804	22,800	20,151	14,020	16,059	30,205	42,385	
Europe Othr. Nes	0	0	0	0	0	0	0	0	0	0	0	0	0	
Falkland Islands (Malvinas)	1,804	9,026	6,527	2,563	58	183	29	4	0	0	15	7	0	
Faroe Islands	2,770	1,712	2,835	2,996	527	0	2	0	0	0	44	0	0	
Fiji	13,885	14,476	14,621	17,913	20,197	18,634	18,749	25,237	42,884	18,034	21,363	25,379	23,558	
Finland	116,144	145,101	132,129	148,297	183,485	176,649	121,342	108,441	61,180	122,742	218,989	197,760	149,112	
France	674,366	660,689	665,615	674,626	643,082	744,183	827,595	966,164	893,308	1,150,656	1,311,924	1,154,891	1,082,862	
French Polynesia	7,282	5,637	6,154	6,541	7,992	8,904	10,812	13,306	8,813	9,044	8,760	8,581	7,718	
Gabon	2,831	1,905	1,985	3,454	4,961	5,596	25,650	6,979	10,555	9,593	16,782	17,917	16,256	
Gambia	5,785	5,966	5,138	5,217	2,539	2,123	4,268	7,719	18,312	21,358	35,095	38,554	38,494	
Georgia	5,260	5,208	6,504	5,563	8,326	14,925	20,719	32,883	22,771	39,033	38,138	51,899	58,654	
Germany	1,296,979	1,269,876	1,416,768	1,654,587	1,781,580	2,025,698	2,316,011	2,465,159	2,326,669	2,984,671	3,304,651	3,074,971	2,883,423	
Ghana	15,980	23,688	32,502	46,940	53,166	89,936	118,867	135,823	96,338	119,417	163,964	159,340	246,517	
Gibraltar	75	0	33	3	0	4	6	89	222	266	567	372	470	
Greece	94,024	88,488	95,125	92,481	104,774	125,822	233,499	214,270	165,657	155,353	157,475	139,885	149,215	
Greenland	44	0	13	4	0	0	32	52	11	79	0	0	0	
Grenada	356	154	226	58	209	194	385	435	301	248	209	411	1,281	
Guatemala	11,479	14,064	7,726	8,378	9,790	11,604	11,444	16,398	16,144	22,830	21,602	28,110	35,865	
Guinea	15,127	19,051	15,954	17,406	16,447	16,771	20,410	30,136	16,758	27,324	16,219	47,503	49,400	
Guinea-Bissau	25	11	25	0	29	1,014	3,479	3,948	1,726	1,376	1,228	1,745	4,906	
Guyana	913	867	853	729	693	1,675	1,155	1,446	1,019	1,016	1,615	2,923	2,285	
Haiti	4,100	6,919	4,412	5,649	4,951	6,662	8,906	8,877	13,611	15,582	21,703	47,614	72,360	
Honduras	3,736	5,638	4,910	6,011	6,386	5,809	5,139	8,541	6,037	6,850	24,221	15,561	7,522	
Hong Kong, China	1,290,328	1,242,263	1,183,278	1,387,484	1,492,336	1,703,229	1,687,454	1,808,777	2,111,839	2,501,411	3,215,405	2,633,861	2,693,254	
Hungary	39,820	70,174	97,509	95,609	62,941	65,662	36,548	39,912	50,495	73,928	97,227	60,796	91,235	
Iceland	1,711	1,701	1,597	1,920	2,467	1,660	1,454	1,558	1,226	1,500	809	442	224	
India	1,053,940	1,301,960	1,742,488	2,170,507	2,878,348	3,390,790	4,943,906	7,163,336	7,432,893	9,915,039	13,335,706	12,496,314	13,031,303	
Indonesia	0	0	0	0	0	0	0	0	0	0	0	0	0	
Iran (Islamic Republic of)	121,498	128,586	185,022	188,381	289,540	312,925	472,936	697,368	506,988	639,375	785,298	482,663	469,356	
Iraq	82,967	62,793	12,372	43,114	85,486	65,810	11,887	264,410	40,569	51,867	154,227	44,887	45,405	
Ireland	66,990	54,549	61,548	55,433	92,954	103,086	77,951	89,836	41,212	52,680	75,769	64,969	56,038	
Israel	0	0	0	0	0	0	124	94,376	78,013	107,755	159,611	183,956	145,957	
Italy	622,258	720,900	844,604	923,859	1,008,529	1,213,010	1,387,249	1,900,882	1,651,490	2,370,476	3,168,307	2,277,010	2,128,635	
Jamaica	6,091	4,038	3,851	7,102	6,902	7,841	15,114	8,918	8,419	8,962	11,940	11,027	16,880	
Japan	13,010,175	12,045,115	13,603,494	15,962,109	18,049,140	21,732,123	23,632,790	27,743,856	18,574,730	25,781,814	33,714,696	30,135,107	27,086,259	
Jordan	68,709	91,387	89,423	310,648	156,635	181,134	119,488	352,980	131,795	137,705	153,130	158,224	159,349	
Kazakhstan	1,652	4,882	1,871	3,265	4,248	1,314	5,850	9,704	15,180	10,092	8,168	8,438	6,657	
Kenya	25,181	23,497	28,245	34,802	42,801	35,706	54,306	63,870	65,922	246,181	285,328	266,944	233,201	
Kiribati	395	259	146	292	411	410	457	643	945	650	915	1,571	1,957	
Korea, Democratic People's Republic of	3,510	1,562	1,998	3,686	6,605	13,353	428	6,957	8,026	11,816	6,407	1,021	2,870	
Korea, Republic of	3,772,463	4,107,221	4,323,757	4,830,180	7,085,636	7,693,541	7,582,734	9,116,819	8,145,208	12,574,641	16,388,801	15,049,860	11,422,476	
Kuwait	74,510	74,261	73,079	63,407	83,584	90,813	129,397	137,037	101,494	97,836	120,719	129,830	143,460	
Kyrgyzstan	865	662	729	241	243	529	1,296	1,611	1,408	1,416	2,497	2,778	858	
Lao People's Democratic Republic	1,438	710	473	1,570	1,753	4,345	3,711	3,993	4,663	5,504	8,607	23,783	5,846	
Latvia	1,074	1,033	2,154	3,291	10,807	7,314	10,737	10,562	8,564	12,090	34,990	44,449	47,793	
Lebanon	40,761	31,137	28,731	29,105	24,342	22,669	44,321	67,147	67,168	58,363	64,159	75,744	75,862	
Lesotho	361	800	1,494	2,197	2,781	1,841	4,170	4,438	1,425	1,032	601	520	325	
Liberia	1,246	1,579	2,685	4,068	5,144	3,919	10,041	6,007	8,528	13,556	9,813	32,899	21,081	
Libya	3,211	5,833	5,481	7,301	18,002	34,159	34,484	44,678	56,161	48,466	19,601	65,240	62,236	
Lithuania	5,311	5,656	6,024	5,203	6,776	9,979	19,889	34,471	32,807	29,168	46,835	37,563	29,013	
Luxembourg	9,919	10,959	9,301	10,535	9,451	14,071	360	6,344	10,399	30,566	35,688	23,692	16,318	
Macao, China	3,591	2,468	7,559	8,427	3,728	13,400	3,851	4,583	4,340	3,875	5,090	5,769	6,061	
Macedonia, The Former Yugoslav Republic of	82	188	249	193	149	75	1,789	5,837	4,436	6,731	9,643	13,388	497	
Madagascar	19,004	14,276	14,691	9,914	21,223	17,035	32,739	31,239	26,516	21,665	45,464	61,517	68,087	
Malawi	573	689	1,018	2,201	2,807	4,299	5,935	11,305	9,809	9,098	8,643	16,038	15,832	
Malaysia	1,778,626	2,029,947	2,363,850	3,016,048	3,431,300	4,110,757	5,096,064	6,432,552	6,811,824	9,362,332	10,995,847	11,280,285	10,666,609	
Maldives	11,311	10,401	10,274	14,679	17,280	19,800	23,567	28,703	19,506	22,308	22,477	25,286	24,529	
Mali	8,692	8,926	5,413	4,558	3,291	2,031	3,329	3,275	4,015	5,218	5,495	4,457	7,046	
Malta	2,154	3,136	3,602	3,910	12,839	5,161	24,338	31,216	3,620	3,247	3,702	3,185	5,344	
Marshall Islands	274	22	271	109	384	12,903	173	139	99	1,618	3,338	284	175	
Mauritania	17,510	13,437	9,098	14,023	14,148	10,533	12,262	12,197	16,382	12,730	26,421	69,676	96,111	
Mauritius	36,754	33,457	32,186	35,247	42,193	53,636	66,574	71,723	73,380	82,170	85,357	79,736	69,631	
Mayotte	0	0	0	0	0	0	0	0	0	0	0	621	1,386	
Mexico	229,928	264,222	238,106	279,439	277,085	318,052	360,984	426,079	384,041	762,661	658,393	649,881	687,275	
Micronesia (Federated States of)	54	329	384	452	993	899	1,802	948	641	716	1,007	824	922	
Mongolia	2,609	3,071	3,924	2,794	2,349	2,831	5,728	2,921	3,368	7,681	3,818	5,997	17,815	
Montenegro	0	0	0	0	0	0	0	0	0	0	1,662	0	2,064	
Montserrat	2,373	2,358	1,095	697	117	31	8	0	30	31	6	15	0	
Morocco	23,955	23,384	32,194	36,371	31,714	54,708	47,143	56,761	55,081	47,535	75,546	89,829	68,488	
Mozambique	7,968	9,503	21,585	33,694	23,893	33,134	36,108	44,277	27,362	28,849	103,478	99,882	120,765	
Myanmar	68,978	54,361	45,659	60,282	77,990	137,708	262,387	250,765	174,766	284,172	359,471	401,590	556,375	
Namibia	4,281	1,998	1,079	1,720	1,195	2,943	4,135	7,487	7,131	7,009	3,621	4,277	2,707	
Nauru	1,363	610	2,750	1,013	22	55	0	10	47	138	154	288	383	
Nepal	8,087	6,381	5,013	6,065	14,621	9,104	12,418	15,447	12,935	15,939	21,057	9,390	15,670	
Netherland Antilles	13,140	9,439	5,470	8,926	11,071	6,095	7,813	9,875	7,647	20,425	18,168	7,530	5,460	
Netherlands	1,498,205	1,618,370	1,401,474	1,797,521	2,233,541	2,518,358	2,749,459	3,926,404	2,909,075	3,722,455	5,132,477	4,664,301	4,105,967	
New Caledonia	5,431	5,011	8,252	6,620	10,807	8,662	10,898	17,265	10,338	22,406	41,955	15,577	23,469	
New Zealand	144,847	150,147	156,076	187,171	275,262	320,043	362,213	542,273	349,462	396,247	371,708	441,010	469,513	
Nicaragua	4,814	7,845	2,742	3,212	5,309	4,643	4,604	8,725	7,274	7,848	7,582	20,337	22,951	
Niger	7,037	6,276	7,927	11,211	7,427	7,664	2,894	1,885	3,706	2,259	2,930	2,662	4,077	
Nigeria	283,032	293,816	247,086	176,990	168,745	158,412	195,871	289,629	207,362	316,867	465,990	413,080	558,178	
Niue	82	58	163	37	0	0	22	0	12	4	0	0	0	
Norfolk Island	6,648	2,345	1,127	91	254	1,308	898	199	578	9,697	369	23	555	
Northern Mariana Islands	291	176	709	290	574	466	310	104	1,785	459	257	328	336	
Norway	35,155	32,381	37,993	44,659	53,568	52,284	56,738	57,517	41,289	55,711	67,556	87,050	72,705	
Oceania Nes	3,887	720	317	3	0	245	13	0	0	0	0	0	0	
Oman	19,936	18,820	16,586	20,861	29,215	45,416	98,229	153,079	92,853	115,718	186,474	237,842	209,388	
Pakistan	178,634	264,892	265,383	415,896	634,220	734,100	935,012	929,646	665,285	688,187	936,014	1,381,754	1,415,438	
Palau	142	537	433	104	264	71	54	74	84	193	192	174	185	
Palestine, State of	1,767	651	809	110	0	1,254	0	535	0	110	112	0	368	
Panama	147,380	78,232	42,856	54,418	77,313	56,685	57,395	80,054	70,820	103,304	143,184	154,076	151,668	
Papua New Guinea	28,377	30,214	34,230	36,236	49,076	65,645	69,904	81,012	88,389	153,702	305,788	199,673	175,492	
Paraguay	2,740	2,334	1,455	2,653	3,379	3,968	6,690	11,681	13,781	24,775	19,597	18,152	17,565	
Peru	21,221	25,103	22,192	25,205	27,839	34,400	42,145	49,851	51,172	94,180	161,983	159,888	178,451	
Philippines	814,785	778,197	944,666	1,237,594	1,419,120	1,405,669	1,853,683	2,053,611	2,405,864	3,180,743	3,699,027	3,707,633	3,816,963	
Poland	81,723	111,172	96,216	101,674	115,384	143,530	190,871	274,132	259,736	313,285	379,547	340,025	365,413	
Portugal	75,744	51,876	50,371	73,314	88,765	114,113	95,127	100,825	102,274	92,235	118,121	81,046	157,616	
Qatar	20,754	24,306	24,617	35,493	61,696	101,740	146,362	85,921	73,935	73,214	74,310	92,775	95,371	
Republic of Moldova	157	276	166	172	266	315	454	107	67	199	211	551	441	
Romania	9,423	13,616	23,453	24,735	33,005	47,638	59,032	78,408	49,877	93,097	132,723	106,416	97,113	
Russian Federation	62,145	66,340	110,062	153,590	244,791	273,195	337,844	342,312	316,133	609,467	863,485	867,326	930,252	
Rwanda	236	645	322	257	410	509	622	940	532	1,036	1,646	985	1,125	
Saint Helena	724	595	680	561	274	295	22	350	5	16	4	15	8	
Saint Kitts and Nevis	538	524	173	220	56	99	177	452	272	358	249	355	638	
Saint Lucia	185	331	268	164	584	858	768	956	747	830	484	416	502	
Saint Vincent and the Grenadines	54	69	187	428	268	335	475	628	461	223	448	318	367	
Samoa	5,911	5,466	2,903	2,834	3,087	9,836	16,969	12,680	7,655	9,270	7,433	7,071	6,482	
Sao Tome and Principe	700	690	528	620	538	594	679	869	433	846	1,406	1,409	708	
Saudi Arabia	482,472	474,963	434,553	418,242	524,242	672,077	944,286	1,191,950	956,245	1,167,297	1,430,126	1,776,507	1,734,017	
Senegal	20,854	11,003	14,608	11,376	14,319	10,953	11,290	16,193	16,496	17,973	39,524	43,052	54,723	
Serbia	0	0	0	0	0	2,175	2,858	5,922	2,350	1,421	1,745	1,177	1,778	
Serbia and Montenegro	692	1,466	1,890	2,674	2,974	0	0	0	0	0	0	0	0	
Seychelles	2,197	1,688	2,379	2,333	3,424	5,235	3,106	5,781	5,804	6,124	6,259	5,248	6,145	
Sierra Leone	4,812	3,658	4,303	7,801	6,310	12,118	18,346	9,707	7,619	12,588	20,498	22,399	21,185	
Singapore	5,363,831	5,349,084	5,399,658	5,999,058	7,836,585	8,929,849	10,501,617	12,862,045	10,262,665	13,723,266	18,443,890	17,135,025	16,686,239	
Slovakia	1,314	805	1,702	26,680	44,484	39,807	45,634	39,687	64,325	75,368	54,395	45,443	40,381	
Slovenia	26,619	22,612	25,533	30,728	67,749	107,238	73,917	88,115	84,779	89,273	105,453	69,432	74,472	
Solomon Islands	1,470	1,669	1,773	1,719	3,188	4,094	5,760	6,133	4,436	5,617	12,924	12,501	13,269	
Somalia	12,521	3,246	1,262	1,124	8,896	5,851	7,816	3,039	2,595	4,159	5,948	10,854	22,081	
South Africa	160,061	167,205	233,204	260,026	313,999	381,669	557,358	624,204	484,569	680,723	1,436,591	1,691,503	1,270,335	
Spain	903,598	996,361	1,022,438	837,474	1,205,484	1,641,122	1,906,223	1,665,335	1,830,458	2,328,696	2,427,862	2,069,251	1,810,444	
Sri Lanka	159,472	153,350	184,931	238,314	337,930	424,391	414,571	353,594	246,252	297,804	376,488	341,564	390,926	
Sudan (North + South)	62,140	92,580	48,230	54,611	77,794	85,058	84,541	102,494	80,078	96,957	81,235	82,521	83,343	
Suriname	1,646	1,735	2,302	3,251	2,347	2,615	3,144	4,708	4,814	4,682	4,716	7,098	5,773	
Swaziland	640	1,017	1,152	944	2,705	954	900	554	599	1,292	1,193	949	5,064	
Sweden	118,081	127,659	110,397	115,164	108,141	135,402	109,829	134,114	144,325	156,516	170,446	166,285	162,411	
Switzerland	93,773	55,261	117,422	148,181	130,638	237,101	314,269	421,435	181,160	175,064	123,695	58,503	81,946	
Syrian Arab Republic	59,771	59,212	39,775	47,538	48,443	55,716	79,481	98,773	90,061	68,660	71,923	58,597	33,030	
Taipei, Chinese	2,188,141	2,067,617	2,233,273	2,854,540	2,475,014	2,734,807	2,596,731	3,154,709	3,382,103	4,837,568	6,584,867	6,242,528	5,862,446	
Tajikistan	162	190	819	75	88	129	486	616	394	448	2,578	1,226	1,407	
Tanzania, United Republic of	36,496	57,185	70,713	80,425	84,480	80,428	63,120	54,978	107,811	131,969	298,568	236,655	192,714	
Thailand	1,063,621	1,227,352	1,392,633	1,976,236	2,246,459	2,701,549	3,054,276	3,661,252	3,233,813	4,566,569	5,896,687	6,635,141	6,061,870	
Timor-Leste	53,229	39,102	43,070	27,097	34,279	28,410	7,466	85,747	163,029	175,273	220,095	258,169	246,291	
Togo	24,195	28,023	20,524	30,922	31,119	34,183	46,665	62,591	56,064	53,737	62,865	68,312	72,946	
Tokelau	1,213	397	3,200	350	113	126	26	20	382	0	110	0	6	
Tonga	483	944	943	2,410	1,783	2,391	2,400	2,789	2,516	2,607	3,455	2,479	2,360	
Trinidad and Tobago	3,292	2,629	2,319	6,155	3,546	8,026	5,714	12,415	8,202	8,578	8,197	9,698	14,919	
Tunisia	13,377	10,240	14,277	12,540	17,855	13,537	40,555	80,866	42,530	54,185	84,770	95,576	75,894	
Turkey	176,286	237,723	263,731	356,402	565,888	724,132	1,045,195	871,615	678,441	1,073,749	1,433,402	1,369,691	1,536,241	
Turkmenistan	599	630	909	808	929	116	600	1,971	336	1,018	2,198	4,282	2,188	
Turks and Caicos Islands	509	793	376	444	1,099	964	1,110	827	112	100	88	0	91	
Tuvalu	22	10	30	25	697	321	901	225	146	841	648	147	105	
Uganda	2,115	2,284	2,771	2,754	2,441	2,946	4,294	7,188	6,552	8,780	10,392	10,737	10,105	
Ukraine	25,241	52,312	75,656	78,415	165,900	207,402	350,667	483,865	354,688	486,720	569,648	548,879	639,217	
United Arab Emirates	756,978	719,552	759,792	744,622	906,654	1,068,325	1,324,811	1,652,087	1,265,836	1,475,344	1,734,502	1,619,001	1,589,067	
United Kingdom	1,383,095	1,252,396	1,135,849	1,295,259	1,291,477	1,432,384	1,454,160	1,546,859	1,459,347	1,693,164	1,719,718	1,696,755	1,634,805	
United States Minor Outlying Islands	4,490	3,947	5,132	5,531	5,611	5,477	2,222	9,340	3,648	6,876	29,346	5,854	41,937	
United States of America	7,761,328	7,570,467	7,386,381	8,787,070	9,889,196	11,259,136	11,644,198	13,079,934	10,889,079	14,301,876	16,497,616	14,910,181	15,741,132	
Uruguay	20,197	3,981	3,861	3,996	4,786	4,732	7,256	11,644	12,450	30,387	44,654	38,157	29,495	
Uzbekistan	454	650	1,085	623	1,364	1,181	1,617	3,821	2,786	3,059	12,914	8,869	9,558	
Vanuatu	474	362	454	1,908	1,749	2,177	3,875	4,005	2,951	3,691	4,147	4,153	4,267	
Venezuela	26,184	21,791	24,445	55,210	60,525	62,131	78,436	79,195	38,291	64,637	127,090	96,001	61,914	
Viet Nam	322,047	392,897	468,123	600,990	678,445	1,052,004	1,355,156	1,672,903	1,454,234	1,946,221	2,354,191	2,273,693	2,400,880	
Wallis and Futuna Islands	45	8	53	84	73	194	147	241	171	270	251	246	145	
Western Sahara	34	34	0	0	0	0	0	0	0	0	0	0	0	
Yemen	88,587	81,983	52,423	64,039	74,924	90,204	123,754	112,835	102,858	115,001	95,253	157,191	156,312	
Zambia	818	1,811	6,246	4,513	960	1,847	4,215	2,199	835	950	2,465	1,931	935	
Zimbabwe	5,532	6,319	5,488	5,455	5,522	3,347	5,286	3,565	2,839	7,961	12,204	8,506	4,289	
