List of importing markets for a product exported by Syrian Arab Republic (Mirror) Product: TOTAL All products
"Importers"	"Exported value in 2001"	"Exported value in 2002"	"Exported value in 2003"	"Exported value in 2004"	"Exported value in 2005"	"Exported value in 2006"	"Exported value in 2007"	"Exported value in 2008"	"Exported value in 2009"	"Exported value in 2010"	"Exported value in 2011"	"Exported value in 2012"	"Exported value in 2013"	
Total	5,842,970	6,762,062	6,097,837	5,474,835	5,874,400	6,522,155	7,117,736	8,900,458	6,098,891	8,764,245	7,939,769	2,071,796	1,182,692	
Afghanistan								0	0	0	1	0		
Albania	1,056	217	333	862	1,469	1,091	1,339	1,681	1,796	1,822	2,003	954	1,040	
Algeria	24,569	126,257	111,174	52,886	36,202	27,421	22,528	30,340	62,781	69,029	77,112	44,791	22,863	
Andorra	2	1	0	0										
Antigua and Barbuda					90		78		106	108	77	62	33	
Argentina	378	265	277	1,203	306	375	582	652	470	921	2,060	2,889	85	
Armenia	3,861	374	918	1,072	2,189	4,213	1,835	5,754	3,089	4,390	5,614	2,617	1,101	
Australia	524	542	1,005	1,235	1,397	1,867	1,787	1,203	871	1,958	1,544	1,499	1,241	
Austria	190,420	175,946	135,200	47,193	62,427	279,666	338,942	153,937	133,600	324,170	160,021	5,618	720	
Azerbaijan	820	849	521	510	594	791	1,268	1,963	1,210	922	1,186	509		
Bahamas	0	0	2	0	0	0	0	0	0	0	20	0		
Bahrain	12,902	10,388	6,358	3,976	6,374	2,843	5,772	12,896	6,507	7,347	7,462			
Bangladesh	6,842	6,540	6,832	7,761	7,444	10,446	10,356							
Barbados	6	9	8	2	7	2	25	27	12	23	15	0	2	
Belarus	29	119	147	532	335	1,241	3,951	19,257	2,267	8,087	18,485	3,699	8,063	
Belgium	29,651	63,542	32,817	48,546	25,887	22,086	70,360	65,484	25,595	32,103	37,284	10,403	5,832	
Belize	0	0	0	0	0	0	1	0	0	0	0	0	0	
Benin	170	302	188	43	86	93	244	644	202	271	316	119	210	
Bolivia	129	171	144	89	156	150	154	69	144	122	163	158		
Bosnia and Herzegovina			986	1,041	2,076	2,712	3,263	3,857	2,609	2,260	2,544	1,284	589	
Botswana	0	7	0	0	1	0	0	0	0	0	0	0	1	
Brazil	11,833	3,682	11,207	5,207	55,032	40,904	9,504	32,391	4,152	47,408	44,621	2,455	1,307	
Brunei Darussalam	15	18	26	5		11				8	15	7	0	
Bulgaria	4,361	28,362	28,242	10,573	16,700	18,623	19,812	109,632	58,608	40,034	51,955	45,174	25,627	
Burkina Faso	131	173	146	213	206		140	287	206	160	250	309		
Burundi	0	0	0	0	1	0	0	0	0	74	0	0	0	
Cabo Verde	0	0	22	0	40	0	16		51	228	0	0	0	
Cambodia	79	0	7	34	9	0	6	14	0	8	12	27		
Cameroon	13	33	104	282	366	730	973	1,507	1,105	834	1,036	624		
Canada	39,687	31,800	69,316	18,835	17,971	21,913	75,110	52,977	5,199	16,251	39,353	2,870	1,719	
Central African Republic	0	0	0			0	0	0	0	0	16	34	0	
Chile	466	409	327	297	792	574	895	218	163	300	601	605	39	
China	14	14,135	26,361	28,014	17,739	50,664	8,272	9,865	10,017	40,288	26,155	10,915	4,703	
Colombia	3,220	1,797	847	753	1,537	1,234	1,438	790	891	1,022	1,179	187	139	
Comoros	0	0	0	6	455	0	21	250	182					
Congo							92	107	93	99	73	134	35	
Costa Rica	120	78	32	75	26	76	92	20	24	7	16	18	37	
Côte d'Ivoire	335	593	470	2,120	668	943	1,130	1,546	1,174	1,690	2,041	1,583		
Croatia	163,953	239,331	333,367	143,765	100,719	3,408	2,548	2,114	1,097	792	3,360	7,073	55	
Cuba	235	2	138	9	0	275								
Cyprus	149,879	143,748	119,542	71,922	13,717	16,702	11,944	14,668	12,806	11,166	7,346	3,700	2,354	
Czech Republic	14,086	203,997	141,252	78,050	17,663	4,008	2,428	13,289	2,984	4,959	7,274	1,775	745	
Denmark	2,670	4,378	2,076	3,477	2,938	1,445	2,251	1,624	680	2,005	2,238	1,708	138	
Djibouti									535					
Dominica	0	5	6	10	9	9	0	0	0	0	0	0		
Dominican Republic	24	48	71	27	80	186	184	154	659	689	237	236	323	
Ecuador	1,211	1,399	1,177	1,554	2,121	2,396	2,643	874	732	1,242	1,242	574	781	
Egypt	48,524	37,562	82,299	101,353	146,355	190,039	146,414	306,122	315,922	362,853	393,497	247,511	308,206	
El Salvador	0	16	64	71	74	41	65	1	0	0	0	0	0	
Eritrea			388											
Estonia	9	2,008	46	32	109	42	79	381	615	121	880	499	124	
Ethiopia	117	296	702	893	523	403	1,447	2,303	1,902	2,640	1,889	2,068		
Faroe Islands	0	0	1	3	6	4	1	4	1					
Fiji		0	0	2	13	1	13	6	1	1	0	0		
Finland	121	218	158	148	145	324	714	360	170	97	306	67	0	
France	576,470	484,011	377,416	413,944	556,476	522,491	779,185	1,035,610	483,906	537,302	532,208	24,541	9,873	
French Polynesia	4	14	0	5	6	6	30	9	5	9	5	4	10	
Gabon	32	0	18	92	132	153	941	578	1,977					
Gambia	119	0	0	0	0	26	36	6	41	36	52			
Georgia	424	371	420	852	2,538	2,527	2,737	5,776	2,475	1,790	2,265	1,327	582	
Germany	1,280,824	1,247,071	1,460,174	1,103,113	1,195,221	1,634,684	1,539,955	1,832,186	1,155,942	1,539,717	1,206,087	102,673	21,822	
Ghana	7		610		352	945	883	485	2,428	4,779	1,477	1,084		
Greece	17,410	13,268	21,956	21,839	24,403	23,803	35,062	123,880	42,995	55,632	79,922	16,527	11,960	
Greenland	0	0	0	0	0	1	0	0	0	0	0	0	0	
Grenada	8	9	6	15	10	27	25	77						
Guatemala	147	143	54	31	44	41	60	105	8	78	13	2	24	
Guinea	0	0		0	0	0	73	286		2,472	94	43		
Guyana	8	1	0	0	0	11	0	0	4	0	44	37	10	
Honduras	285	189	203	111	351	175	14	47	0	1	464	311	71	
Hong Kong, China	4,269	1,974	302	1,004	499	2,110	1,930	2,124	3,530	9,932	11,744	6,811		
Hungary	1,191	851	1,111	2,829	5,581	2,822	87,345	2,620	1,944	1,656	1,446	978	1,064	
Iceland	9	6	17	8	17	16	13	19	13	11	21	16	6	
India	7,078	7,425	5,908	4,399	3,952	75,916	19,565	93,573	157,263	89,230	108,522	163,870	16,547	
Indonesia	14,877	15,486	7,307	7,539	12,042	6,685	489	1,433	1,518	7,316	5,600	1,612	1,526	
Iran (Islamic Republic of)	1,602	34,598	1,817	4,864	5,951	0				29,587	25,891			
Ireland	634	1,751	436	2,731	1,869	4,273	634	199	342	429	658	43	44	
Israel	75	30	0	7	6	5	1	5	21	0	0	0	4	
Italy	1,107,821	1,133,345	867,151	927,468	1,140,078	900,087	1,271,418	1,201,573	589,259	1,504,376	1,349,496	78,463	36,307	
Jamaica	59	28	7	7	49	0	0	0	0	0	0	0		
Japan	16,374	22,139	48,214	16,813	16,690	9,903	23,005	14,881	36,201	128,651	224,148	2,660	1,865	
Jordan	66,462	96,927	153,239	207,677		251,459	364,025	344,467	306,509	375,634	376,059	238,608	259,874	
Kazakhstan	62	70	205	297	419	821	1,246	1,123	1,031	1,720	2,580	2,257	506	
Kenya	0	3	8	36	138	104	235	308	140	475	484			
Korea, Republic of	2,866	13,203	2,215	11,639	11,632	30,260	6,526	83,107	90,491	151,357	63,397	1,519	1,130	
Kuwait	53,130	90,293	58,250	73,193		76,687	94,269	94,074						
Kyrgyzstan	218	126	144	115	121	1	19	1,549	789	1,100	1,497	999		
Latvia	0	2	0	68	108	3	15	13	6	7	182	0	0	
Lebanon	327,861	207,196	259,255	239,607	196,104	177,904	206,480	270,889	233,664	339,479	310,228	265,911	181,374	
Libya							22,030	12,052	23,295	27,057				
Lithuania	41	76	117	88	38	25	38	87	60	934	382	340	300	
Luxembourg	27	7	14	1	2	4	3	131	86	107	143	163	55	
Macao, China	0	4	4	2	1	1	0	0	0	0		272		
Macedonia, The Former Yugoslav Republic of	2,897	2,612	1,394	486	135	190	86		134	127	145	81	84	
Madagascar	195	5	1	0	1	0	15	63	197	2	5	17	12	
Malawi	0	0	0	0	0	158	0	27	298	21	9	0	0	
Malaysia	853	947	407	459	1,460	1,681	1,739	1,065	1,383	1,186	2,334	1,452	417	
Maldives	0	0	0	0	0	0	40	0	0	0	4	0	151	
Mali	105	58	122	93	101	126	110	372		463	120	0		
Malta	2,755	4,776	3,180	161	182	255	509	304	299	375	410	345	134	
Mauritania	82	130	204	404	445		500	414	737	1,015	974	801		
Mauritius	50	161	110	52	26	177	163	19	18	107	39	5	50	
Mayotte	6	1	4	1	0	3	3	6	0					
Mexico	3,709	2,944	3,089	1,684	1,627	3,740	2,295	2,190	955	22,891	2,602	1,893	634	
Mongolia	0		0	0	2	0	0						8	
Montenegro						11	54	3	63	50	63	59	45	
Morocco	12,566	10,244	16,718	9,032	16,219	19,262	25,253	28,106	39,116	65,712	75,417	18,813	13,203	
Mozambique	9	88	25	54	8	34	11	0	93	124	385	135	1	
Namibia	0	0	0	0	0	0	0	95	0	0	0	0	0	
Nepal			216						0	1	0			
Netherlands	63,325	225,559	64,556	27,930	126,207	169,618	234,623	205,513	288,588	388,701	514,718	7,238	5,804	
New Caledonia	2	13	9	6	4	7	29	9	12	39	22	23	27	
New Zealand	31	26	230	100	222	150	170	8,711	109	147	121	94	41	
Nicaragua	45	0	18	0	19	0	1	0	0	0	0	0	0	
Niger	34	67	4	346	418	123	1	18	0	1	120	23	60	
Nigeria	4,437	17,838	2,006			3,849	2,936	903	113,842	0	0	22		
Norway	291	4,309	5,969	7,355	2,295	709	693	786	844	799	903	706	215	
Oman	11,593	8,639	7,828	5,195	2,539	3,725	6,448	11,910	14,631	12,942	13,709	4,720	1,159	
Pakistan			2,648	22,887	9,730	2,387	885	7,319	1,308	3,945	1,864	1,163	509	
Palestine, State of							0	0	0	0	0	0		
Panama	0	0	0		0	29	551	50	0	0	3			
Papua New Guinea	0	0	140	181							0	163		
Paraguay	0	54	739	962	809	1,124	1,301	1,153	563	676	990	538	295	
Peru	1,968	730	848	515	493	716	640	98	87	193	267	26		
Philippines	99	325	13	0	1	0	13	11	19	0	16	12	0	
Poland	115	301	373	5,623	9,146	16,091	22,568	45,486	26,143	40,172	49,155	20,352	19,245	
Portugal	41,542	56,091	31,764	35,305	7,212	38,769	9,452	6,451	44,180	10,526	9,795	2,422	5,003	
Qatar	22,308	33,018	25,460	33,474	39,583	36,170	48,037	46,311	57,524	64,716	47,391	32,801	27,976	
Republic of Moldova	56	250	137	183	382	634	1,570	1,473	2,428	1,546	1,519	1,074	45	
Romania	35,469	74,921	4,684	6,986	14,618	14,659	21,496	14,337	6,524	5,016	4,827	2,494	1,609	
Russian Federation	21,519	16,773	14,019	17,391	26,025	30,025	37,997	38,970	38,700	42,545	48,864	30,821	16,204	
Rwanda	0	0	0	48	12	18	16	17	28	22	24	18	0	
Saint Kitts and Nevis	0	0	0	1	0	0	0	0	0	0	0			
Saint Lucia	0	26	3	5	3	5	3	8						
Saint Vincent and the Grenadines	2	0	5	0	5	15	15	26	24	52	15	38		
Sao Tome and Principe	0	0	7	0	0	0	0	0	0	0	0	0	0	
Saudi Arabia	271,861	539,286	402,736	406,724	519,069	460,430	497,952	523,440	440,343	553,777	490,085	380,452		
Senegal	720	918	1,702	2,566	4,383	3,289	4,951	11,831	6,394	4,374	4,018	1,591	617	
Serbia					5,807	5,909	8,845	23,698	7,650	8,277	85,754	11,410	8,572	
Serbia and Montenegro	13,197	4,695		30,107										
Seychelles	0	0	0		0	0		2						
Sierra Leone		100												
Singapore	75,891	108,324	143,298	58,023	2,702	1,072	238	70	97	538	917	347	384	
Slovakia	64	398	308	413	183	1,311	435	323	1,217	1,395	1,160	378	323	
Slovenia	52	164	850	1,976	1,749	2,431	637	216	755	512	1,308	1,204	240	
South Africa	608	614	731	575	678	591	749	564	393	1,147	1,443	981	250	
Spain	253,066	248,225	121,996	277,100	263,179	191,685	92,404	305,513	267,117	234,821	262,970	9,392	14,280	
Sri Lanka	104	55	32	48	63	79	691	491	22	41	1,102	231		
Sudan (North + South)	15,393	17,589	19,133	27,986	47,468	40,129		32,453	52,361	151,686	36,679			
Suriname	0			0	0	0	0		0	0	0			
Sweden	916	1,221	1,725	1,666	2,835	4,998	4,837	3,150	3,167	4,515	9,269	3,204	1,475	
Switzerland	798	1,180	2,563	3,558	4,351	1,162	1,901	6,848	4,820	3,926	4,482	4,311	2,073	
Taipei, Chinese	6,911	1,489	12,381	11,405	516	26,100	1,524	29,254	38,580	72,033	131,805	679	255	
Tanzania, United Republic of	78	27	65	71	149	211	414	2,427	7,094	2,109	24,980	1,344	422	
Thailand	11,449	25,395	7,810	1,674	8,581	993	679	575	53	316	839	1,260	1,093	
Timor-Leste				1	0									
Togo	21	31	27	39	38		62	20	0	18	48	25	0	
Trinidad and Tobago	358	182	198	141	302	159	400	371	97	151				
Tunisia	15,240	12,930	5,773	13,041	35,621	26,032	48,786	17,399	10,099	17,440	19,492	7,477	2,875	
Turkey	463,476	506,247	413,349	357,656	272,180	187,250	376,959	639,213	327,681	662,651	336,646	67,448	84,865	
Uganda	64	60	102	150	217	199	156	237	262	358	984	684	77	
Ukraine	2,419	2,457	10,895	12,617	27,699	31,920	36,373	103,994	15,609	44,569	49,343	41,325	10,115	
United Arab Emirates					86,460		129,247	136,453						
United Kingdom	122,733	197,280	100,561	90,693	234,592	500,820	109,660	217,910	109,647	26,366	30,608	14,241	4,771	
United States of America	166,198	159,891	281,713	296,885	351,499	229,538	119,268	373,993	320,596	445,241	407,714	20,449	19,808	
Uruguay	2	11	2	7	77	170	2	90	171	1,149	7,134	2,372	457	
Vanuatu						0	0		97	0	0			
Venezuela	1,294	1,094	533	1,577	2,141	1,546		6,015	3,961	7,243	2,964	4,172	3,711	
Viet Nam	1,098	456	503	1,195	1,505	299	980	1,098	0	1,369	1,929	1,195		
Yemen				24,727	22,481	25,222	49,957	67,541	43,045	54,501	41,655	50,859		
Zambia	25	68	39	52	54	127	292	381	1,504	95	863	517	32	
Zimbabwe	15	535		168	8	95	110	124	41	132	140	73	0	
