List of importing markets for a product exported by Ethiopia (Mirror) Product: TOTAL All products
"Importers"	"Exported value in 2001"	"Exported value in 2002"	"Exported value in 2003"	"Exported value in 2004"	"Exported value in 2005"	"Exported value in 2006"	"Exported value in 2007"	"Exported value in 2008"	"Exported value in 2009"	"Exported value in 2010"	"Exported value in 2011"	"Exported value in 2012"	"Exported value in 2013"	
Total	349,169	367,165	434,167	547,368	838,020	1,007,517	1,178,735	1,505,753	1,334,827	1,580,243	2,070,095	2,073,619	1,862,407	
Albania	0	1	0	0	12	61	83	126	34	125	238	182	389	
Algeria	1,464	1,707	852	1,658	3,099	414	2,618	1,753	1,087	827	456	1,472	4,414	
Andorra	0	2	1	5										
Argentina	0	1	23	0	0	20	6	12	13	391	142	251	134	
Armenia	0	0	0	0	0	231	341	533	460	408	451	471	341	
Australia	1,059	893	971	1,310	2,130	2,918	3,880	6,142	6,014	10,493	12,713	17,988	13,781	
Austria	1,467	6,210	3,832	1,673	2,183	3,369	2,624	5,134	889	625	767	539	449	
Azerbaijan	9	0	0	0	0	2	4	0	0	0	0	0		
Bahamas	0	0	268	0	0	0	0	0	0	0	0	0		
Bahrain	0	3	0	3	13	0	0	182	19	1,395	2,794			
Bangladesh	0	313	705	588	123	0	17,269							
Barbados	0	0	0	0	0	0	1	6	1	0	0	3	27	
Belarus	0	2	3	10	190	242	281	414	117	302	333	320	598	
Belgium	20,978	7,843	13,667	18,851	29,612	37,052	42,994	46,858	65,329	148,783	185,573	183,113	190,162	
Benin	2	152	1	6	57	0	0	0	0	0	0	19	29	
Bermuda												5	1	
Bolivia	0	2	0	10	0	0	1	3,313	0	2	0	12		
Bosnia and Herzegovina			29	25	45	30	121	99	302	329	230	155	203	
Botswana	10	11	187	3	30	45	6	22	62	62	66	42	47	
Brazil	74	21	22	367	140	43	37	31	38	37	55	166	64	
Bulgaria	120	250	12	5	107	89	263	1,123	643	896	2,250	5,847	5,985	
Burkina Faso	0	0	64	0	1		20	53	5	69	154	37		
Burundi	97	21	53	25	61	2,530	55	50	716	381	184	248	94	
Cabo Verde	4	0	0	0	0	0	0		0	0	0	0	0	
Cambodia	0	0	12	0	1	0	3	0	8	0	5	9		
Cameroon	0	0	1	1	1	9	6	355	310	19	4	8		
Canada	3,922	3,895	4,334	4,941	7,139	6,136	7,957	11,923	14,738	14,662	17,640	17,733	17,310	
Central African Republic	0	0	0			0	0	0	0	0	0	0	0	
Chile	0	13	0	0	445	457	0	0	25	41	92	68	184	
China	1,770	3,685	4,738	14,386	85,709	131,823	87,130	81,656	214,756	273,970	292,059	309,366	315,702	
Colombia	4	0	1	23	2	3	17	107	40	3	16	6	10	
Comoros	0	0	0	0	0	0	0	0	0					
Congo							193	229	54	54	142	115	50	
Costa Rica	1	0	0	0	6	130	0	99	2	2	0	0	0	
Côte d'Ivoire	50	23	74	624	60	13	11	42	17	9	36	81		
Croatia	86	83	99	120	161	237	870	1,437	1,719	1,523	1,929	1,901	542	
Cuba	4	0	0	0	0	0								
Cyprus	79	30	31	100	290	197	336	531	590	173	194	143	128	
Czech Republic	839	779	1,118	1,243	2,157	2,879	4,717	4,535	3,211	4,974	7,328	6,901	4,760	
Denmark	336	670	1,913	1,660	2,043	2,880	650	1,285	2,525	1,542	1,659	1,625	1,580	
Djibouti									32,474					
Dominican Republic	29	118	0	8	24	1,750	130	114	59	2	4	0	0	
Ecuador	0	122	0	0	0	0	4	0	0	0	5	0	19	
Egypt	3,809	8,651	3,296	5,567	12,328	22,611	16,365	12,135	7,957	10,730	20,518	29,314	40,538	
El Salvador	0	0	0	0	0	0	0	36	1	213	10,212	3,408	43	
Eritrea			132											
Estonia	2	17	391	851	6	15	340	128	176	854	489	28	45	
Ethiopia	0	0	0	0	0	0	0	0	262	397	1,710	3,203		
Faroe Islands	0	0	2	0	0	0	0	0	1					
Fiji		0	0	8	0	0	0	0	22	0	0	0		
Finland	1,659	753	3,028	3,445	4,909	5,354	7,827	9,377	4,254	11,041	12,635	8,558	5,013	
France	16,502	15,831	14,590	19,276	27,547	32,301	34,335	36,855	34,822	55,091	82,744	66,896	50,171	
French Polynesia	1	2	41	42	75	66	72	91	95	100	135	23	212	
Gabon	2	0	0	0	0	1	8	0	4					
Gambia	0	0	0	0	1	0	0	0	0	0	0			
Georgia	0	0	5	11	0	1	0	0	0	0	0	22	42	
Germany	36,197	47,338	76,485	87,961	118,737	159,943	111,569	157,920	166,332	214,609	344,352	266,489	204,888	
Ghana	76		63		38	118	66	45	384	142	489	958		
Greece	2,981	3,522	7,416	4,412	10,424	6,313	13,037	15,585	18,679	18,014	6,828	9,076	7,379	
Guatemala	27	79	128	96	187	74	17	62	58	181	5	1	0	
Guinea	0	0		5	3	0	0	0		0	129	25		
Guyana	0	0	0	0	0	0	0	0	0	0	0	0	0	
Honduras	32	17	20	119	238	14	62	0	0	3	2,063	0	2	
Hong Kong, China	670	622	1,297	1,898	2,102	2,276	2,568	3,380	3,057	4,896	14,327	19,976		
Hungary	153	881	2,201	1,114	962	1,072	1,225	640	570	464	459	1,461	2,554	
Iceland	28	42	31	58	38	166	224	357	140	143	241	415	226	
India	18,870	10,191	7,845	8,187	10,446	9,700	13,136	11,569	15,675	28,588	32,654	30,553	28,749	
Indonesia	2,894	1,415	1,928	3,651	791	3,948	916	7,127	1,773	5,088	8,360	8,133	14,990	
Iran (Islamic Republic of)	0	0	0	0	0	0				700	171			
Ireland	14	14	107	138	285	617	1,384	295	215	463	537	1,665	1,720	
Israel	14,790	15,634	16,023	25,103	23,440	22,107	26,312	46,069	35,747	46,188	56,356	48,317	83,825	
Italy	46,399	47,149	43,455	40,926	58,623	62,133	86,851	89,033	60,908	60,083	120,764	71,610	68,677	
Jamaica	0	82	0	0	0	0	0	0	0	0	1,429	537		
Japan	45,275	42,498	45,178	73,853	74,292	92,151	78,888	31,910	10,533	45,134	48,508	61,787	91,137	
Jordan	2,008	1,620	5,077	4,620		11,175	13,120	23,244	20,214	17,353	23,453	23,052	21,978	
Kazakhstan	0	0	0	3	1	5	11	11	6	46	17	26	56	
Kenya	910	254	292	1,561	848	1,681	2,165	2,908	3,081	964	840			
Korea, Republic of	939	1,088	2,348	1,286	17,393	2,644	4,931	3,859	14,796	11,722	19,730	24,662	24,802	
Kuwait	93	235	193	278		544	1,467	0						
Kyrgyzstan	0	0	0	0	0	0	0	0	0	0	0	1		
Latvia	22	21	0	0	9	0	14	25	0	0	0	3	50	
Lebanon	458	87	158	271	115	264	1,623	2,645	4,391	953	7,572	3,998	1,604	
Lesotho	0	32	12					0	0	108				
Libya							15	0	0	54				
Lithuania	87	184	228	50	152	103	269	464	157	193	219	325	689	
Luxembourg	0	0	0	5	0	0	0	25	6	9	14	57	92	
Macao, China	1	10	0	0	55	72	107	113	56	112		154		
Macedonia, The Former Yugoslav Republic of	1	5	3	28	84	47	266		361	103	331	124	674	
Madagascar	0	1	5	7	507	3	15	53	342	588	1	3	48	
Malawi	6	211	339	96	3	93	99	12	18	42	123	79	107	
Malaysia	2,253	1,395	478	2,276	5,564	3,882	3,649	2,572	1,545	1,256	641	252	4,881	
Mali	24	49	66	10	8	3	27	102		3	28	5		
Malta	121	69	278	0	1	33	0	0	0	3	1	0	3	
Mauritania	0	3	0	0	8		0	0	0	0	44	4		
Mauritius	19	18	29	35	65	76	597	721	330	82	53	97	55	
Mayotte	0	0	1	2	1	3	6	18	3					
Mexico	13,505	280	367	572	418	1,296	751	2,706	4,123	2,293	3,278	2,364	887	
Mongolia	0		0	0	0	0	0						8	
Montenegro						1	17	1	0	23	79	45	21	
Morocco	2,038	2,193	1,557	1,750	815	1,479	2,391	1,680	2,363	978	1,697	775	1,001	
Mozambique	1	329	0	0	0	0	85	0	5	0	2	4	12	
Namibia	50	88	47	5	55	6	29	130	77	98	1	202	8	
Nepal			0						34	93	185			
Netherlands	3,506	6,931	7,960	8,574	15,765	31,352	62,332	112,014	105,835	55,065	73,628	77,921	96,174	
New Caledonia	13	45	51	51	62	93	69	127	94	95	98	138	78	
New Zealand	199	197	220	377	587	690	1,180	1,875	1,979	2,623	3,010	4,929	4,154	
Nicaragua	0	0	0	0	65	0	0	566	0	0	516	0	0	
Niger	1	1	1	1	175	243	28	0	0	0	5	35	0	
Nigeria	390	131	2,265			341	117	353	21,777	1,834	1,543	3,403		
Norway	424	2,260	3,409	2,361	4,644	13,657	8,483	6,397	6,118	13,540	15,183	16,506	16,125	
Oman	16	11	1,747	7	0	1	11	94	197	151	310	188	180	
Pakistan			644	3,012	4,106	9,663	11,816	17,744	9,091	23,500	13,987	36,763	39,933	
Palestine, State of							826	1,056	2,863	2,999	2,864	3,922		
Panama	0	0	0		0	0	1	0	0	0	0			
Papua New Guinea	0	197	636	6							25	0		
Paraguay	0	0	38	0	0	0	0	6	0	4	0	0	4	
Peru	0	0	0	0	1	1	0	5	2	275	256	103		
Philippines	11	0	15	630	796	716	809	572	20	5	145	1,099	1,330	
Poland	908	1,154	2,993	2,595	4,336	2,090	4,201	3,168	3,111	2,779	9,672	3,020	5,906	
Portugal	590	7,466	9,385	10,834	9,451	9,706	18,966	18,383	19,148	1,466	816	3,375	3,789	
Qatar	87	140	139	366	662	259	372	372	273	529	799	893	1,019	
Republic of Moldova	0	0	0	0	0	76	28	1	0	13	57	74	120	
Romania	2,202	1,888	2,067	2,273	2,647	1,891	1,721	2,908	2,251	1,717	4,486	4,298	3,974	
Russian Federation	324	311	472	1,359	2,883	4,731	7,744	8,862	9,240	11,850	17,598	20,373	22,438	
Rwanda	17	54	51	32	34	58	442	205	208	526	149	119	149	
Saint Kitts and Nevis	0	0	0	0	0	0	0	2	0	0	0			
Saint Lucia	0	0	0	2	0	0	0	0						
Saint Vincent and the Grenadines	0	0	0	0	0	0	0	1	0	0	0	0		
Sao Tome and Principe	0	0	0	0	0	0	0	0	0	167	0	0	0	
Saudi Arabia	25,985	25,204	33,927	49,522	66,175	71,590	90,460	129,415	110,622	146,078	158,735	198,369		
Senegal	0	0	1	34	2	10	40	280	9	2	12	162	103	
Serbia					85	143	282	581	363	335	426	430	1,115	
Serbia and Montenegro	85	255		82										
Seychelles	0	0	0		0	0		3						
Singapore	2,447	1,894	777	696	1,911	315	3,072	6,771	5,130	2,020	4,077	6,564	20,143	
Slovakia	354	585	612	814	1,077	1,574	2,590	3,385	4,998	2,871	6,010	5,096	6,136	
Slovenia	186	141	295	303	325	464	485	739	845	570	877	1,013	703	
South Africa	365	1,002	1,541	3,573	1,424	3,580	4,531	5,214	4,925	6,050	5,880	13,115	9,442	
Spain	4,078	4,970	3,482	4,110	5,920	5,044	8,842	14,032	7,421	7,683	12,361	11,880	23,769	
Sri Lanka	113	316	325	10	83	874	416	0	0	201	13	207		
Sudan (North + South)	283	205	412	413	494	14,279		75,032	7,717	1,901	478			
Suriname	0			0	0	0	0		0	15	26			
Swaziland	0	0	0	0	0	0	0							
Sweden	711	2,045	3,940	7,212	13,843	18,899	14,879	19,057	11,377	29,809	48,828	33,977	19,224	
Switzerland	3,685	3,245	2,728	5,749	7,037	5,256	9,069	14,879	14,407	23,927	45,987	36,358	32,660	
Syrian Arab Republic	0	0	499	570	0	177	1,685	395	4,551	1,725				
Taipei, Chinese	771	2,172	5,934	2,904	1,186	1,057	1,682	1,914	1,392	2,182	3,770	4,419	8,077	
Tanzania, United Republic of	531	694	125	1,035	1,072	170	67	27	149	77	756	1,035	612	
Thailand	1,878	1,542	1,217	1,129	1,711	2,035	1,137	2,429	1,307	2,412	9,543	11,498	12,955	
Timor-Leste				0	0									
Togo	1	7	19	4	10		17	0	7	46	28	8	211	
Trinidad and Tobago	0	22	6	6	0	0	0	0	2	1				
Tunisia	48	130	125	267	390	272	322	1,105	205	866	521	321	174	
Turkey	450	7,677	20,131	18,017	30,293	23,678	42,746	39,304	35,071	40,934	41,799	46,956	57,102	
Uganda	36	88	55	149	359	217	140	1,042	697	975	406	276	221	
Ukraine	20	51	67	126	119	153	191	327	378	1,019	1,192	1,584	1,471	
United Arab Emirates					35,923		123,540	172,719						
United Kingdom	20,872	35,708	23,651	26,732	31,546	30,044	33,852	33,368	40,668	37,994	67,101	69,964	56,705	
United States of America	32,226	28,354	33,638	45,421	66,658	85,443	93,335	158,943	119,458	133,938	149,431	189,434	201,756	
Uruguay	0	0	0	0	0	0	0	0	0	0	0	0	0	
Venezuela	0	20	0	0	0	0		12	5	128	197	979	0	
Viet Nam	9	27	256	55	22	40	0	0	0	0	207	3,306		
Yemen				8,513	16,620	28,494	26,523	17,754	20,964	14,747	14,037	21,516		
Zambia	22	53	160	45	25	150	123	210	40	88	223	234	55	
Zimbabwe	4	212		176	81	40	79	38	82	214	84	246	210	
