List of importing markets for a product exported by Saudi Arabia (Mirror) Product: TOTAL All products
"Importers"	"Exported value in 2001"	"Exported value in 2002"	"Exported value in 2003"	"Exported value in 2004"	"Exported value in 2005"	"Exported value in 2006"	"Exported value in 2007"	"Exported value in 2008"	"Exported value in 2009"	"Exported value in 2010"	"Exported value in 2011"	"Exported value in 2012"	"Exported value in 2013"	
Total	70,155,888	67,214,903	88,685,635	117,289,485	163,260,573	205,917,875	219,987,440	326,742,015	180,061,469	240,498,683	351,747,199	378,925,179	356,394,522	
Afghanistan								26,589	44,113	53,695	50,976	0		
Albania	900	974	1,784	546	791	1,362	458	299	1,471	4,781	5,570	1,752	1,838	
Algeria	37,543	29,819	39,739	62,547	63,839	94,709	119,393	141,242	169,263	362,885	448,009	482,631	608,920	
Andorra	2	0	1	0										
Anguilla	0	3	0											
Antigua and Barbuda					94		68		0	5	1	2	0	
Argentina	13,772	11,974	4,989	10,539	688	387	23,616	26,997	1,993	28,874	33,763	75,290	19,573	
Armenia	0	0	26	83	212	744	1,661	2,412	2,993	5,165	5,047	3,173	3,439	
Aruba					36				0	0	0	0		
Australia	671,940	657,239	597,744	770,446	1,026,869	915,918	831,120	754,583	499,676	364,592	399,620	495,892	200,701	
Austria	125,277	156,981	339,706	381,234	421,700	381,248	307,196	381,499	139,446	3,630	669,930	672,240	470,444	
Azerbaijan	1,875	1,902	1,632	927	1,275	1,149	1,377	1,644	1,214	1,568	392	23,932		
Bahamas	149	0	13	0	143	5	0	2	32	6	0	1,093		
Bahrain	247,316	292,171	325,302	381,896	388,477	470,627	552,189	780,366	604,838	483,624	8,090,864			
Bangladesh	151,957	98,761	96,955	78,758	184,693	207,599	197,166							
Barbados	1	17	130	52	106	77	53	51	76	200	183	135	176	
Belarus	15	132	425	391	843	4,341	1,775	1,931	5,824	28,991	82,500	92,355	70,561	
Belgium	204,712	244,430	305,812	578,483	765,321	1,172,290	1,390,005	1,466,006	982,865	1,559,726	1,753,596	1,643,521	2,010,896	
Belize	5	0	1	1	0	0	0	308	0	0	0	2	8	
Benin	6,531	4,671	1,809	9,876	1,457	45	1,305	164	3,984	7,729	2,847	779	1,517	
Bermuda												5	0	
Bhutan					1,526	1,742	1,790	2,090	1,533	2,175	2,504			
Bolivia	13	19	36	43	3	54	8	21	143	163	651	762		
Bosnia and Herzegovina			131	758	1,418	1,640	1,716	1,067	777	2,939	3,719	6,373	1,952	
Botswana	0	50	12	194	136	70	105	210	133	196	79	399	115	
Brazil	815,911	654,569	894,614	1,232,029	1,339,504	1,616,965	1,708,845	2,911,979	1,597,422	2,059,255	3,093,033	3,192,911	3,194,222	
Brunei Darussalam	238	808	1,260	1,036		664				2,422	2,539	1,700	1,710	
Bulgaria	361	635	529	787	2,643	3,923	2,527	6,974	6,865	10,411	16,401	11,517	14,869	
Burkina Faso	9,423	729	929	4,321	899		568	1,056	1,283	1,372	2,148	3,015		
Burundi	15,267	3,669	1,128	239	847	1,794	116,086	1,476	4,359	2,305	270,007	82,317	88,753	
Cabo Verde	39	35	0	2,168	4,607	68	787		24	1	106	216	50	
Cambodia	28	117	842	332	479	1,690	339	1,824	62	670	327	3,984		
Cameroon	16,995	12,127	2,965	3,888	6,622	6,122	8,713	9,020	5,761	21,367	17,129	11,010		
Canada	517,016	477,333	657,389	945,226	1,404,728	1,516,742	1,748,627	2,073,083	1,348,962	1,964,820	2,765,290	2,851,617	2,631,715	
Central African Republic	48	192	172			69	281	628	324	880	1,366	649	36	
Chile	5,252	4,077	473	1,727	5,824	1,739	33,789	61,735	7,905	28,706	70,503	74,740	52,742	
China	2,715,895	3,435,351	5,172,322	7,522,645	12,245,715	15,084,532	17,560,476	31,022,698	23,620,244	32,829,048	49,467,520	54,861,126	53,488,557	
Colombia	618	1,055	3,408	1,028	4,791	3,150	1,987	7,724	9,323	19,827	39,512	54,265	62,216	
Comoros	223	132	287	348	292	678	717	709	1,997					
Congo							573	254	133	128	1,491	1,441	958	
Cook Islands					0									
Costa Rica	6,629	44	29	22	402	177	419	2,621	1,826	11,484	16,878	5,809	6,559	
Côte d'Ivoire	23,503	15,668	18,628	19,186	25,297	22,651	26,472	26,173	21,780	45,028	38,166	39,975		
Croatia	1,055	1,905	3,510	8,804	13,813	18,804	7,622	17,098	25,931	35,443	77,781	44,693	24,489	
Cuba	214	89	13,046	42	13	680								
Cyprus	16,240	11,415	19,543	18,023	14,698	19,994	62,414	17,895	7,995	19,554	22,898	17,996	8,703	
Czech Republic	1,163	3,472	4,159	7,552	8,838	10,765	14,497	14,775	6,574	10,925	14,938	23,118	14,731	
Denmark	4,002	4,992	3,271	4,745	30,254	25,361	4,789	55,582	11,744	25,356	49,078	77,093	87,762	
Djibouti									38,701					
Dominica	0	0	0	7	0	26	0	3	0	9	0	34		
Dominican Republic	507	108	3	406	2,372	1,289	473	225	487	1,065	1,135	1,835	708	
Ecuador	17,180	112	381	20,208	47,271	69,431	125,469	31,224	26,772	6,462	24,958	20,687	28,558	
Egypt	678,674	344,360	252,824	496,958	957,429	1,424,944	2,238,078	3,102,074	2,014,980	2,120,138	2,546,395	2,722,363	3,042,520	
El Salvador	51	77	9	0	50	5	142	4,856	3	226	1,043	1,308	3,459	
Eritrea			45,380											
Estonia	87	212	544	936	1,666	2,774	4,906	5,595	13,482	7,394	7,902	7,830	9,935	
Ethiopia	201,071	110,982	131,314	412,862	600,751	929,798	664,040	1,233,004	933,802	1,023,250	896,806	1,674,684		
Faroe Islands	1	1	1	1	0	14	1	2	25					
Fiji		272	902	299	39	74	3	11,548	31	77	173	2,586		
Finland	1,641	2,216	4,190	10,284	13,956	16,703	29,792	28,957	1,269	1,540	3,522	2,934	4,919	
France	2,187,645	2,117,471	2,395,100	3,856,877	4,463,425	5,106,712	4,005,328	5,763,081	3,135,097	3,531,691	6,340,451	7,085,713	8,065,847	
French Polynesia	24	67	59	244	48	68	74	216	32	84	81	29	200	
Gabon	8,443	0	1,219	397	5,997	6,931	3,598	1,559	715					
Gambia	382	179	157	304	416	426	607	484	360	481	691			
Georgia	2	135	175	1,078	20	189	54	153	384	204	415	1,042	1,136	
Germany	848,209	792,012	1,053,669	1,317,637	1,689,513	2,040,563	1,463,522	2,217,304	892,878	845,493	1,270,053	2,231,248	2,254,661	
Ghana	31,872		10,831		20,789	27,743	28,668	28,651	23,260	39,405	74,482	72,846		
Greece	1,048,809	883,942	1,232,530	1,597,020	2,248,491	2,436,272	1,288,553	1,952,632	864,906	1,551,984	1,948,545	3,437,692	1,559,254	
Greenland	0	0	1	0	0	0	0	2	0	5	0	8	8	
Grenada	29	19	3	7	2	0	0	0						
Guatemala	81	161	164	91	1,953	7,785	5,412	7,095	7,878	16,312	28,209	24,096	27,115	
Guinea	833	1,028		1,665	2,006	6,756	1,895	6,385		16,028	7,058	9,586		
Guyana	29	54	41	89	18	17	143	438	68	225	170	44	276	
Honduras	103	117	331	75	114	121	8	3,585	19	41	261	298	1,528	
Hong Kong, China	183,410	221,919	261,043	370,640	435,755	482,671	470,790	428,981	462,876	630,072	710,002	671,458		
Hungary	2,781	3,310	4,186	660	400	219	976	1,823	2,366	603	6,898	2,120	18,870	
Iceland	0	0	1,397	163	403	408	839	1,776	1,086	430	529	906	539	
India	504,321	469,161	687,397	1,155,462	1,526,573	10,783,079	16,570,154	22,982,841	14,494,390	20,374,084	28,423,659	32,826,639	36,596,585	
Indonesia	1,314,136	1,103,519	1,498,197	1,966,770	2,712,275	3,384,386	3,372,825	4,804,977	3,135,814	4,360,840	5,426,593	5,199,395	6,526,424	
Iran (Islamic Republic of)	162,970	261,504	397,986	249,025	254,082	0				194,729	141,152			
Ireland	2,409	24,645	7,642	3,025	4,526	5,726	69,093	10,082	6,961	15,020	8,002	96,478	99,659	
Israel	0	0	11	0	0	4	21	65	263	560	1,435	1,474	50,767	
Italy	1,913,924	1,790,852	2,490,283	3,648,216	5,273,021	5,319,410	4,970,116	6,279,737	2,753,388	4,282,783	9,796,257	9,564,054	7,300,712	
Jamaica	2	0	38	0	112	16	8	0	0	10	36	21		
Japan	12,322,320	11,630,904	14,596,230	18,458,723	28,721,949	37,191,496	35,286,965	51,116,474	29,150,984	35,972,010	50,558,157	54,845,469	49,856,199	
Jordan	156,488	144,571	647,930	1,616,690		2,933,857	2,847,854	3,640,675	2,435,149	3,024,141	4,176,719	4,871,313	4,019,283	
Kazakhstan	2,358	1,744	803	436	1,525	1,648	2,314	2,656	2,768	3,613	9,639	17,450	26,860	
Kenya	231,065	171,417	275,394	410,716	366,818	369,084	261,407	373,129	356,448	406,845	597,988			
Kiribati					0		0	0	0	0	523	0		
Korea, Republic of	8,057,956	8,322,776	9,267,844	11,799,580	16,105,792	20,552,110	21,163,501	33,781,495	19,736,848	26,820,002	36,972,612	39,707,051	37,665,214	
Kuwait	508,699	581,207	745,754	1,000,545		1,368,960	1,288,274	1,393,285						
Kyrgyzstan	220	15	11	15	366	79	135	123	85	311	58	196		
Latvia	15	0	38	25	107	170	165	113	0	15	25	158	52	
Lebanon	259,489	138,840	219,599	413,452	328,953	296,382	282,380	289,828	309,923	406,764	531,781	423,716	440,218	
Lesotho	0	0	1					1	109	21				
Libya							33,908	59,253	60,180	84,404				
Lithuania	287	764	727	297	357	478	6,206	0	3,176	9,313	24,062	12,267	6,757	
Luxembourg	981	691	1,514	4,732	5,817	8,741	25,562	55,381	50,894	44,974	25,787	50,309	6,873	
Macao, China	10,117	9,163	9,952	12,104	13,243	19,964	27,592	29,576	26,540	28,703		32,351		
Macedonia, The Former Yugoslav Republic of	61	195	108	127	49	808	775		178	1,188	2,980	3,521	4,225	
Madagascar	6,970	3,669	9,005	41,037	11,506	14,335	15,899	54,196	15,566	42,831	27,173	9,506	10,963	
Malawi	2,930	26,205	19,891	4,345	4,095	3,836	2,466	5,480	4,366	4,626	31,972	55,159	23,348	
Malaysia	636,486	397,292	581,890	1,007,639	1,544,258	2,331,001	1,971,943	2,263,023	1,111,324	2,007,813	2,766,995	2,444,813	1,977,410	
Maldives	733	514	412	1,294	1,131	1,080	1,521	1,568	1,284	991	1,550	1,718	919	
Mali	2,073	1,514	5,085	4,013	4,404	2,825	2,556	3,958		6,276	10,597	5,079		
Malta	366	761	890	449	439	746	2,591	2,251	1,158	1,267	2,944	3,853	2,879	
Mauritania	1,631	2,993	2,251	2,657	2,504		5,898	7,671	7,068	7,401	8,823	9,740		
Mauritius	38,081	50,582	58,733	51,445	122,512	125,931	43,368	22,433	2,666	4,867	4,312	5,976	6,144	
Mayotte	273	379	511	583	598	467	6,868	31,161	12,838					
Mexico	187,419	186,691	182,056	257,797	357,095	303,624	590,013	588,715	380,110	429,843	778,205	667,353	464,998	
Mongolia	0		0	0	3	1	60						329	
Montenegro						74	32	12	99	38	64	6	159	
Montserrat	0	0	0	0	0	0	0	0	0			0	2	
Morocco	521,367	696,133	717,638	955,857	1,375,092	1,588,176	1,747,298	2,832,719	1,438,636	2,107,916	3,049,821	2,831,562	2,812,808	
Mozambique	656	903	18,404	6,322	31,573	37,514	23,784	3,863	49,296	7,108	20,378	11,044	18,178	
Myanmar										44,083				
Namibia	1,070	292	0	110	398	348	296	793	284	1,964	137	321	3,933	
Nepal			21,056						112,134	33,411	52,336			
Netherland Antilles					50	97	88	87						
Netherlands	2,079,466	1,481,217	2,277,536	3,676,150	5,087,489	5,513,599	4,521,986	5,096,800	2,528,278	3,281,631	6,664,857	8,448,816	6,234,295	
New Caledonia	224	0	12	3	13	231	540	60	970	36	1,242	637	3,599	
New Zealand	169,774	179,767	145,984	164,980	255,221	339,748	435,300	389,538	172,946	220,582	706,254	831,822	684,007	
Nicaragua	67	106	34	8	4	23	361	1,362	83	492	4,787	4,503	4,105	
Niger	1,338	278	1,102	5,157	796	1,368	1,008	2,007	1,568	1,047	4,617	5,173	3,148	
Nigeria	49,670	19,556	22,405			64,728	221,918	57,854	229,797	864,337	153,291	122,276		
Norway	4,598	5,593	4,288	11,010	45,263	51,181	53,581	61,039	37,407	72,313	63,818	9,823	13,240	
Oman	185,033	220,459	127,453	121,235	253,580	376,592	389,508	585,990	629,420	626,190	1,181,686	1,170,403	1,990,390	
Pakistan			1,416,666	2,068,795	2,650,629	3,033,230	4,011,781	5,954,944	3,500,108	3,837,918	4,668,279	4,283,523	3,847,222	
Palestine, State of							2,728	2,367	2,987	11,117	23,044	34,621		
Panama	9,489	486	90		56	134	85	97	83	0	139			
Papua New Guinea	697	571	778	800							1,360	470		
Paraguay	646	619	452	427	8	6	1	62	7	398	55	1,768	3,189	
Peru	10,316	642	1,216	3,388	7,481	4,795	14,147	52,778	7,452	19,416	43,649	82,068		
Philippines	929,422	1,027,802	1,248,717	1,345,556	2,251,582	3,016,802	3,592,317	5,154,362	1,558,493	2,452,187	3,266,464	3,485,378	2,866,457	
Poland	11,857	13,915	28,421	60,971	135,750	147,790	207,754	226,472	135,059	209,446	261,501	267,552	101,116	
Portugal	369,954	328,253	357,606	376,038	528,167	672,673	592,060	987,376	562,717	693,561	1,269,014	1,190,664	923,626	
Qatar	201,229	252,079	291,089	571,130	575,028	839,260	1,143,585	1,361,086	1,332,029	1,222,413	1,170,982	1,222,485	1,218,806	
Republic of Moldova	3	7	24	111	235	491	308	245	128	133	519	47	249	
Romania	4,269	5,110	2,846	10,402	30,598	9,409	26,469	37,451	35,815	6,449	3,374	37,371	5,616	
Russian Federation	593	2,109	2,185	5,515	4,695	6,383	10,488	22,763	28,357	68,755	208,880	270,151	288,623	
Rwanda	29,598	23,293	28,826	37,749	39,928	31,352	12,724	17,505	11,479	6,516	8,357	28,451	39,641	
Saint Kitts and Nevis	0	6	0	0	0	0	0	0	22	2	21			
Saint Lucia	12	3	0	50	52	27	5	20						
Saint Vincent and the Grenadines	1	1	0	0	27	3	3	1	12	8	2	1		
Samoa	0	0	0	0	0	0	19	0	21	0	0	1	0	
Sao Tome and Principe	0	0	0	0	15	36	5	8	63	85	15	150	45	
Senegal	9,840	26,751	14,382	6,168	17,429	7,718	10,079	17,938	14,760	13,364	24,239	23,766	40,323	
Serbia					2,875	2,309	2,808	5,783	3,243	7,050	9,693	8,763	13,414	
Serbia and Montenegro	40	131		1,046										
Seychelles	10	59,495	64,800		155,219	200,211		147,695						
Sierra Leone		1,399												
Singapore	4,221,208	3,817,142	3,917,884	5,546,641	8,942,634	9,302,963	8,799,676	14,675,126	8,106,737	11,233,332	17,636,594	17,210,513	12,857,969	
Slovakia	390	1,194	2,060	4,068	2,843	3,318	3,793	4,038	2,952	3,775	4,384	5,262	6,661	
Slovenia	1,236	2,170	3,277	3,288	3,143	3,651	4,736	123,396	4,868	10,644	50,581	153,007	90,359	
Solomon Islands								0	42	18	0			
South Africa	1,745,050	1,299,980	1,966,311	2,654,980	3,046,844	3,612,450	3,606,265	5,522,995	3,204,053	3,243,496	4,445,213	7,877,009	8,026,551	
Spain	1,214,938	1,531,333	1,814,456	2,372,665	3,052,022	3,845,217	4,461,670	6,209,752	3,383,074	4,691,313	8,089,377	7,784,385	7,762,513	
Sri Lanka	35,645	155,616	75,352	119,374	129,184	163,514	150,056	195,277	42,165	203,066	79,138	611,372		
Sudan (North + South)	198,679	316,697	380,097	441,148	591,278	789,549		4,096,607	650,387	660,751	772,335			
Swaziland	0	0	0	0	5,325	0	0							
Sweden	149,187	24,421	37,462	91,781	63,128	100,149	86,585	60,276	69,705	176,280	156,968	119,053	131,112	
Switzerland	48,886	193,256	177,366	89,253	189,367	285,168	321,146	239,765	104,202	95,571	184,584	124,020	157,477	
Syrian Arab Republic	160,583	178,928	203,168	330,304	343,876	588,512	830,112	670,939	625,058	807,722				
Taipei, Chinese	2,745,433	2,406,313	4,275,450	5,558,447	7,436,501	9,760,160	10,426,935	15,127,247	8,682,199	11,880,553	13,873,349	14,798,311	15,647,859	
Tanzania, United Republic of	58,121	47,791	51,973	56,464	43,869	246,369	220,881	263,375	164,708	199,060	149,468	230,904	223,324	
Thailand	1,352,524	1,224,837	1,715,580	2,316,257	4,064,003	4,251,757	4,574,844	7,251,836	3,989,236	5,646,047	7,385,762	8,240,085	8,405,097	
Togo	2,109	4,048	9,602	14,967	4,696		479	694	299	1,360	1,635	16,259	28,730	
Tonga	0	0	0					5	0	8	14	3		
Trinidad and Tobago	79	196	379	305	703	1,011	1,285	795	1,047	629				
Tunisia	44,291	60,480	103,927	113,206	107,959	122,061	144,199	228,283	107,713	178,798	209,233	216,489	262,655	
Turkey	729,645	788,004	969,127	1,231,507	1,888,784	2,252,139	2,439,988	3,322,389	1,691,953	2,437,156	2,001,519	2,171,061	2,014,870	
Turks and Caicos Islands	1	0	5	1							0	23		
Uganda	8,089	7,332	12,270	14,893	22,776	52,277	47,422	115,665	169,472	239,295	217,924	296,140	104,686	
Ukraine	2,861	900	1,529	2,123	3,040	4,695	3,953	12,238	8,301	37,359	92,532	149,619	184,021	
United Arab Emirates					2,094,148		3,507,299	4,396,067						
United Kingdom	1,247,329	948,136	988,507	1,817,948	2,541,871	1,878,500	1,690,288	1,110,128	947,185	771,417	1,395,132	1,992,308	3,027,609	
United States of America	14,414,438	13,891,460	19,524,968	22,502,213	28,965,899	33,086,759	37,164,682	57,005,381	23,243,140	32,650,735	48,760,005	57,327,164	53,098,032	
Uruguay	1,495	1,056	1,256	2,157	86	5	7	16	141	382	849	1,780	21,346	
Vanuatu						0	0		3	59	41			
Venezuela	6,675	626	243	200	1,253	7,268		11,842	28,911	17,513	3,453	1,481	1,309	
Viet Nam	23,154	28,818	38,373	65,654	91,313	102,251	131,151	173,198	351,954	601,468	783,516	886,534		
Yemen				251,640	343,425	332,495	428,145	448,474	461,566	567,304	869,626	637,845		
Zambia	2,962	4,571	1,615	4,869	251	1,659	163	2,000	3,446	2,632	3,602	13,914	50,378	
Zimbabwe	869	3,743		3,125	4,212	4,912	1,276	549	356	1,564	313	1,088	1,210	
