List of importing markets for a product exported by France (Mirror) Product: TOTAL All products
"Importers"	"Exported value in 2001"	"Exported value in 2002"	"Exported value in 2003"	"Exported value in 2004"	"Exported value in 2005"	"Exported value in 2006"	"Exported value in 2007"	"Exported value in 2008"	"Exported value in 2009"	"Exported value in 2010"	"Exported value in 2011"	"Exported value in 2012"	"Exported value in 2013"	
Total	295,936,458	304,298,372	360,354,488	422,499,866	439,280,452	489,634,055	557,500,146	615,793,825	483,946,052	520,385,266	589,810,110	557,864,605	557,233,180	
Afghanistan								2,630	1,785	3,753	3,382	0		
Albania	12,554	16,691	20,313	32,622	32,325	29,245	45,650	62,779	95,278	100,162	129,974	78,191	126,922	
Algeria	2,381,841	2,697,461	3,236,499	4,124,341	4,472,291	4,370,250	4,613,613	6,503,786	6,159,889	6,119,686	7,115,360	6,433,334	6,257,798	
Andorra	265,248	294,137	363,552	393,336										
Anguilla	1,706	2,474	2,482											
Antigua and Barbuda					6,557		5,296		5,422	4,823	3,874	4,441	5,219	
Argentina	737,282	262,201	320,074	587,249	712,475	909,114	1,061,117	1,482,781	811,124	1,529,361	1,634,912	1,600,768	2,062,944	
Armenia	11,905	12,108	15,108	17,278	38,411	70,326	148,493	125,608	73,129	76,359	81,328	66,230	62,604	
Aruba					12,065				7,655	9,096	16,625	13,953		
Australia	1,333,603	1,761,573	2,491,278	3,078,173	3,813,882	3,112,638	3,880,128	4,241,156	3,238,654	3,433,571	3,867,854	3,946,471	3,843,813	
Austria	2,864,839	2,814,055	3,557,404	4,448,732	4,844,589	4,998,626	5,019,937	5,427,395	4,261,359	4,405,599	5,351,314	4,683,387	4,873,715	
Azerbaijan	26,138	118,111	155,953	120,134	121,810	55,838	103,802	132,731	142,121	136,440	608,857	185,835		
Bahamas	10,938	10,335	11,718	9,035	10,216	13,473	17,128	10,909	11,467	7,306	7,222	22,836		
Bahrain	97,027	136,813	128,228	226,829	175,290	102,969	171,672	263,756	197,926	270,730	241,911			
Bangladesh	79,744	54,011	115,087	75,126	79,441	142,428	143,425							
Barbados	14,793	19,064	26,989	16,732	29,697	29,661	19,779	28,122	22,507	25,271	26,435	34,746	34,577	
Belarus	87,209	94,888	116,432	165,075	176,143	270,562	345,775	561,374	393,319	384,993	428,942	435,478	495,861	
Belgium	24,062,292	24,938,893	30,719,798	35,071,972	36,206,011	39,068,689	45,896,235	51,928,597	40,872,938	43,135,054	49,422,497	46,015,944	51,108,054	
Belize	8,111	1,267	581	707	866	977	783	2,629	2,779	656	749	1,398	1,412	
Benin	138,616	173,867	216,099	194,612	165,391	172,850	284,422	288,200	271,669	243,064	343,550	321,044	332,727	
Bermuda												7,688	5,896	
Bhutan					3,527	1,777	729	2,002	3,564	4,290	715			
Bolivia	16,998	18,746	19,483	21,744	31,230	31,823	30,531	57,133	42,711	87,140	47,685	59,325		
Bosnia and Herzegovina			66,466	93,526	160,706	142,450	208,100	263,630	171,200	185,011	224,936	211,532	198,896	
Botswana	19,799	63,350	43,439	37,506	8,357	5,780	9,815	25,579	66,863	16,992	16,570	14,791	15,651	
Brazil	2,083,747	1,777,413	1,770,744	2,293,278	2,703,583	2,844,485	3,531,556	4,700,840	3,624,809	4,778,490	5,471,313	5,918,552	6,509,359	
Brunei Darussalam	18,858	15,865	20,746	13,322		16,998				12,120	39,387	31,039	17,385	
Bulgaria	438,287	451,444	614,437	764,873	851,388	955,251	1,129,049	1,348,809	825,331	836,640	1,057,061	954,608	1,018,368	
Burkina Faso	115,581	130,062	169,593	212,471	216,661		238,471	258,948	239,899	211,489	291,707	295,085		
Burundi	10,949	9,209	6,989	10,387	14,063	18,893	15,573	28,820	18,377	28,921	42,888	29,818	17,037	
Cabo Verde	8,228	5,935	11,840	10,663	9,914	14,672	70,846		11,348	14,315	18,161	12,605	11,617	
Cambodia	41,110	48,379	38,199	44,598	177,057	47,520	47,665	33,846	40,846	50,588	43,635	46,129		
Cameroon	445,280	454,064	392,002	539,692	509,291	540,375	716,118	804,617	714,767	748,073	879,263	778,301		
Canada	3,557,541	3,733,365	3,627,241	4,107,773	4,126,280	4,554,663	4,751,037	5,701,051	4,950,578	5,277,691	5,605,036	5,016,772	5,227,853	
Central African Republic	27,089	25,828	29,740			6,505	48,722	58,524	47,984	50,678	68,076	55,712	31,941	
Chile	572,936	618,634	590,090	514,045	754,646	993,854	944,424	1,316,676	762,771	824,344	1,218,508	1,554,975	2,428,255	
China	4,106,236	4,255,734	6,102,649	7,654,866	9,016,839	11,288,722	13,351,621	15,644,105	13,031,124	17,116,565	22,078,793	24,124,460	23,116,437	
Colombia	350,436	236,463	382,398	289,997	386,102	429,735	541,187	928,788	1,514,311	1,182,124	1,819,195	1,154,134	1,446,171	
Comoros	15,977	16,088	18,866	23,240	15,208	21,604	13,014	51,127	38,912					
Congo							474,496	362,376	549,171	533,811	577,201	613,297	759,291	
Cook Islands					68									
Costa Rica	76,326	64,989	194,751	90,872	157,104	225,187	196,265	118,104	76,355	88,758	90,329	91,924	95,239	
Côte d'Ivoire	537,711	555,523	1,150,249	1,539,635	1,623,326	1,485,377	1,451,784	999,559	991,459	931,378	791,100	1,210,320		
Croatia	397,916	555,159	749,349	731,935	777,459	849,716	932,491	1,000,655	631,763	543,212	672,197	649,647	443,636	
Cuba	300,291	214,432	186,784	152,900	184,508	178,540								
Cyprus	197,536	208,387	229,151	359,592	231,798	298,134	464,547	433,902	312,647	435,237	485,904	434,655	397,844	
Czech Republic	1,751,471	2,235,029	2,525,374	3,181,926	3,468,969	4,463,305	5,357,723	5,784,067	4,055,562	4,151,365	4,911,601	4,410,729	4,664,613	
Denmark	2,518,259	3,212,505	2,717,355	3,066,683	3,182,972	3,755,115	3,977,573	4,013,617	2,845,702	2,687,790	3,152,051	2,773,343	2,902,122	
Djibouti									197,545					
Dominica	2,366	2,481	3,080	7,307	3,918	4,494	4,327	3,728	7,558	3,450	3,736	4,220		
Dominican Republic	42,163	47,056	46,727	33,583	54,409	69,112	104,616	127,636	89,891	112,611	177,525	154,662	162,366	
Ecuador	56,423	59,122	70,036	68,860	63,637	70,070	75,821	89,874	98,692	89,601	230,428	163,476	211,293	
Egypt	507,249	539,201	448,670	414,068	595,825	622,193	575,084	1,335,772	1,597,946	1,886,073	2,053,241	2,278,003	2,128,841	
El Salvador	32,012	29,869	34,957	67,151	80,640	47,409	61,661	51,721	43,889	36,274	42,204	34,038	57,031	
Eritrea			9,953											
Estonia	79,165	99,013	175,366	200,504	294,956	344,078	430,723	423,058	321,194	272,799	346,684	368,167	437,376	
Ethiopia	58,198	25,853	74,279	62,031	98,281	135,091	95,051	133,972	108,248	106,430	142,933	217,827		
Faroe Islands	14,537	17,042	19,329	19,338	16,135	20,680	25,181	21,723	14,976					
Fiji		5,804	3,390	20,398	6,996	14,982	18,030	8,279	6,013	15,245	6,778	9,429		
Finland	1,478,309	1,368,190	1,991,583	2,324,392	2,083,178	2,255,084	2,884,058	3,098,761	2,545,624	2,468,120	2,496,347	2,175,636	2,378,386	
France	3,218,479	3,482,504	4,336,384	5,157,211	5,000,066	5,344,874	6,681,094	7,133,680	6,600,057	7,110,451	8,204,274	6,306,183	6,523,238	
French Polynesia	385,378	587,075	654,615	509,154	603,813	478,587	485,093	653,721	517,548	484,353	429,753	410,960	448,070	
Gabon	403,740	443,838	308,365	393,775	569,931	689,052	759,985	907,785	823,738					
Gambia	8,230	7,956	10,169	13,937	9,732	12,782	9,540	8,766	10,243	5,405	7,989			
Georgia	19,171	15,219	55,693	62,780	60,639	68,720	100,680	92,562	62,828	70,802	97,348	106,179	164,579	
Germany	44,218,349	45,241,467	55,222,050	64,886,762	66,712,113	78,032,709	88,900,117	98,292,434	75,882,124	81,804,227	92,181,815	83,240,680	84,268,914	
Ghana	118,750		118,406		159,128	197,337	173,211	235,018	294,836	498,442	269,191	240,777		
Greece	1,798,448	1,778,412	3,004,027	3,382,083	3,145,904	3,777,125	4,222,237	4,559,383	3,640,117	3,127,527	3,034,153	2,678,288	2,852,399	
Greenland	84	27	4,214	34	899	5,202	584	6,405	3,140	6,499	5,779	7,088	4,605	
Grenada	1,804	3,050	4,679	2,831	4,463	4,166	4,139	3,211						
Guatemala	35,430	45,794	58,772	63,143	84,791	68,024	56,383	54,423	133,561	63,437	52,393	69,221	89,654	
Guinea	104,719	107,652		103,250	96,841	110,716	108,959	185,429		198,490	140,689	162,321		
Guinea-Bissau			180	266	3,614									
Guyana	2,728	1,391	1,695	987	2,036	5,917	3,377	2,108	3,996	4,030	2,947	2,180	4,810	
Honduras	4,842	21,676	21,579	17,967	25,334	28,140	31,813	39,722	31,540	42,731	42,082	43,524	50,334	
Hong Kong, China	3,064,917	1,943,549	2,089,947	2,395,006	2,530,747	2,671,960	2,978,861	3,254,104	3,053,750	3,878,392	5,367,859	6,007,306		
Hungary	1,579,152	1,808,097	2,288,787	2,776,299	3,259,322	3,672,134	4,133,376	4,729,529	3,384,456	3,237,860	3,693,345	3,402,428	3,504,833	
Iceland	72,087	70,515	90,387	112,285	169,241	240,574	191,095	145,707	69,838	71,596	89,170	102,187	112,075	
India	776,545	1,036,059	1,097,033	1,312,605	2,212,071	4,388,425	2,545,481	6,404,518	4,397,220	3,820,409	3,898,179	4,342,332	3,375,237	
Indonesia	397,502	406,515	454,058	547,188	707,609	954,947	1,446,711	1,692,508	1,634,154	1,340,871	2,007,449	1,926,195	1,594,458	
Iran (Islamic Republic of)	907,250	1,207,455	1,948,439	2,680,540	2,703,157	2,205,475				1,988,504	1,887,491			
Ireland	2,528,986	2,131,422	2,116,492	2,778,099	2,387,621	2,794,341	3,645,874	3,524,897	3,044,136	2,441,741	2,772,814	2,683,647	2,772,128	
Israel	1,253,816	1,186,722	1,182,523	1,248,956	1,203,847	1,301,669	1,480,794	1,889,167	1,428,616	1,517,233	1,625,612	1,687,881	1,583,476	
Italy	26,500,218	28,137,463	33,671,121	38,615,241	38,113,067	40,855,462	46,399,467	47,798,968	36,690,483	42,558,694	46,525,205	40,446,644	40,117,563	
Jamaica	22,238	22,600	47,987	40,776	31,766	33,533	35,832	63,712	24,259	39,579	34,402	39,111		
Japan	6,182,930	6,535,817	7,247,667	8,357,015	8,528,451	8,984,657	10,050,954	10,642,732	9,160,757	10,300,605	11,853,276	12,830,577	11,669,664	
Jordan	185,932	208,500	180,249	225,257		279,523	331,915	377,652	463,007	346,308	371,539	355,328	377,905	
Kazakhstan	141,554	110,250	196,923	313,692	291,062	459,725	705,478	812,983	460,408	501,707	687,703	584,257	924,711	
Kenya	149,410	196,730	167	154,274	184,845	147,478	245,324	237,647	206,798	235,789	228,117			
Kiribati					80		502	0	4,579	12	19	21		
Korea, Republic of	2,096,032	2,125,176	2,227,803	2,492,144	2,767,483	3,244,608	4,051,488	4,885,112	4,013,561	4,289,205	6,319,790	4,927,663	6,016,572	
Kuwait	282,783	289,776	319,657	386,029		414,498	574,964	510,030						
Kyrgyzstan	4,433	5,152	3,817	6,143	6,147	24,845	17,575	18,257	20,894	31,398	32,311	33,897		
Latvia	84,778	106,215	147,564	161,963	176,761	280,136	350,782	365,625	239,326	269,822	365,500	295,712	336,424	
Lebanon	615,311	517,216	583,158	730,731	789,196	760,904	883,418	1,336,729	1,567,744	1,196,635	1,509,764	1,534,003	1,535,485	
Lesotho	97	485	92					258	468	1,134				
Libya							199,705	256,666	240,850	882,464				
Lithuania	239,357	297,070	407,351	396,818	430,630	611,978	856,130	891,212	457,609	602,333	737,439	724,702	964,388	
Luxembourg	1,418,004	1,761,548	1,926,830	2,331,278	2,086,164	2,250,020	2,596,980	3,465,431	2,361,783	3,035,299	3,267,064	3,125,365	3,080,673	
Macao, China	101,179	111,665	94,845	111,665	130,686	184,496	224,814	285,002	369,202	504,837		782,915		
Macedonia, The Former Yugoslav Republic of	30,281	53,056	51,475	67,533	61,005	66,270	89,572		91,423	85,084	126,360	86,624	94,687	
Madagascar	137,341	89,416	202,117	210,865	249,360	232,842	261,505	343,664	330,973	366,159	201,047	160,356	205,755	
Malawi	3,911	17,913	5,670	24,753	11,457	12,968	16,025	16,683	52,213	62,802	9,780	6,591	9,015	
Malaysia	1,142,576	1,122,220	1,205,685	1,456,489	1,489,017	2,101,114	2,247,315	2,266,579	2,009,712	1,950,104	3,475,161	4,215,101	4,280,181	
Maldives	4,712	23,236	12,387	12,354	16,256	16,927	11,841	14,958	15,353	11,456	11,327	15,896	34,609	
Mali	184,790	171,582	229,237	216,817	194,506	277,290	325,901	464,814		630,296	344,406	374,206		
Malta	409,013	474,512	581,272	706,678	361,204	511,556	580,611	412,045	475,247	446,841	521,579	473,644	351,571	
Mauritania	116,267	108,245	109,395	132,750	137,676		226,833	267,628	245,857	243,519	300,434	332,226		
Mauritius	187,851	240,880	285,944	252,245	241,566	521,563	415,594	363,740	438,523	388,592	465,035	479,448	441,317	
Mayotte	97,394	105,099	118,335	140,217	140,542	167,634	224,315	230,402	244,593					
Mexico	1,578,118	1,807,769	2,017,832	2,398,546	2,569,505	2,667,350	3,108,229	3,517,281	2,507,086	3,033,219	3,364,571	3,471,934	3,690,618	
Mongolia	6,033		10,729	14,860	29,354	16,770	14,189						62,548	
Montenegro						50,175	76,284	91,596	38,370	35,491	43,551	28,459	23,269	
Montserrat	148	163	195	126	130	154	39	90	73			279	331	
Morocco	2,479,237	2,437,710	2,927,158	3,290,349	3,778,387	3,840,171	5,007,745	6,354,906	5,117,971	5,507,688	6,308,934	5,548,461	5,903,404	
Mozambique	12,746	30,320	35,363	35,746	26,188	25,860	26,010	24,130	30,400	22,299	76,318	24,749	67,623	
Myanmar										24,509				
Namibia	8,606	14,491	9,020	4,680	5,283	9,210	114,093	19,223	36,544	26,226	38,776	30,172	24,473	
Nepal			21,943						31,223	29,881	16,501			
Netherland Antilles					8,767	5,156	7,701	10,576						
Netherlands	11,300,794	11,178,840	12,863,382	15,417,085	15,921,147	17,922,369	20,598,848	24,876,047	19,556,221	19,470,212	24,057,713	23,144,263	23,231,682	
New Caledonia	390,821	426,190	716,215	658,398	572,700	637,961	646,106	852,947	730,284	736,942	816,310	721,537	746,951	
New Zealand	256,790	314,003	522,758	689,679	707,165	505,405	492,377	570,153	846,596	424,036	696,599	744,010	994,981	
Nicaragua	10,130	8,358	11,032	11,522	14,778	16,520	15,435	15,820	18,140	18,127	21,079	28,881	32,857	
Niger	63,699	67,291	82,435	100,045	116,425	132,346	179,527	152,910	219,682	252,455	233,500	198,357	172,475	
Nigeria	371,698	363,795	479,990			1,028,960	1,245,908	1,331,764	1,962,446	2,587,569	2,873,163	736,963		
Norway	1,702,900	1,626,070	1,728,542	2,034,174	2,201,774	2,529,535	2,930,513	3,245,828	2,494,737	2,762,905	2,950,816	2,833,330	3,005,993	
Oman	180,415	142,658	7,355	341,614	184,990	191,306	388,142	306,767	268,127	448,176	386,583	390,442	334,890	
Pakistan			129,744	171,948	297,210	369,310	463,749	471,162	395,877	399,175	497,512	451,359	351,265	
Palau												50		
Palestine, State of							23,475	27,646	38,755	43,514	48,216	62,381		
Panama	45,734	17,709	18,220		24,373	160,602	196,076	214,971	175,955	209,910	278,268			
Papua New Guinea	3,669	2,539	3,374	3,625							44,043	43,975		
Paraguay	23,069	19,052	16,662	25,436	41,601	40,476	41,218	52,357	42,452	65,269	89,048	88,054	108,447	
Peru	137,346	115,838	126,263	127,513	146,467	172,202	183,067	266,815	205,717	247,215	304,770	351,477		
Philippines	312,370	336,526	315,379	376,071	417,565	363,145	626,932	821,335	546,429	693,665	766,222	935,887	1,677,956	
Poland	3,382,828	3,802,591	4,769,661	5,924,097	6,094,739	6,883,600	8,380,469	9,946,829	6,892,824	7,503,654	8,725,388	7,499,965	7,598,872	
Portugal	4,029,116	4,098,688	4,615,906	5,318,685	5,176,647	5,398,060	6,534,489	7,164,125	5,982,882	5,466,051	5,517,658	4,356,260	5,102,582	
Qatar	167,715	168,719	162,654	1,606,094	425,094	635,077	830,941	1,025,803	1,233,624	1,108,249	749,406	768,241	758,633	
Republic of Moldova	25,601	23,560	35,173	52,667	64,425	62,679	94,821	103,360	61,313	68,338	87,024	103,652	101,732	
Romania	978,806	1,139,607	1,747,886	2,316,739	2,729,891	3,342,151	4,375,440	4,738,280	3,339,581	3,674,360	4,403,627	3,983,108	4,209,636	
Russian Federation	1,538,614	1,897,097	2,347,631	3,073,356	3,676,555	5,866,449	7,700,160	10,066,092	8,430,083	8,206,800	9,825,079	13,806,116	13,021,146	
Rwanda	10,072	10,115	10,558	9,507	14,573	13,488	48,388	32,940	29,493	15,775	20,739	24,712	19,433	
Saint Kitts and Nevis	2,116	917	1,254	1,084	808	1,089	1,954	1,615	1,308	1,285	1,389			
Saint Lucia	6,555	7,788	7,699	7,892	10,731	10,480	7,259	8,360						
Saint Vincent and the Grenadines	2,475	3,280	1,350	2,997	2,555	3,043	3,079	8,594	3,320	2,611	2,024	2,082		
Samoa	40	89	12	29	45	16	4	4,868	204	264	202	49	27	
Sao Tome and Principe	3,367	238	605	215	167	529	225	191	354	386	3,453	927	1,046	
Saudi Arabia	1,194,473	1,161,541	1,349,794	1,564,559	2,051,545	2,692,144	3,068,784	4,065,529	3,826,606	3,616,752	3,891,336	4,449,509		
Senegal	478,972	426,967	590,610	688,778	731,992	894,558	1,113,388	1,121,696	955,870	943,267	1,018,421	948,741	1,074,107	
Serbia					290,281	342,384	579,861	741,676	522,232	481,976	537,142	518,156	603,503	
Serbia and Montenegro	128,986	182,209		368,939										
Seychelles	46,640	50,396	43,711		44,289	61,203		68,305						
Sierra Leone		4,664												
Singapore	2,078,060	2,121,195	2,485,106	4,159,456	3,811,264	5,373,138	6,185,826	7,891,264	8,410,122	7,442,244	8,490,571	9,124,646	8,102,464	
Slovakia	570,405	733,293	958,790	1,081,848	1,118,547	1,408,903	2,203,648	2,905,947	2,368,741	2,336,954	2,606,109	2,279,633	2,287,560	
Slovenia	1,060,727	1,090,324	1,351,896	1,470,256	1,436,499	1,433,583	1,649,983	1,791,215	1,306,584	1,431,802	1,393,415	1,164,718	1,246,297	
Solomon Islands								113	50	149	185			
South Africa	957,767	1,076,107	2,063,722	2,890,133	2,419,257	2,495,441	2,680,269	2,502,565	1,993,185	2,334,035	2,669,324	2,476,921	2,319,161	
Spain	25,956,856	27,251,311	33,582,586	39,610,467	40,840,989	42,106,007	48,041,718	46,502,458	33,672,479	33,872,078	39,334,045	34,213,525	36,209,385	
Sri Lanka	79,988	78,640	140,856	123,209	141,992	140,085	154,517	182,864	99,882	151,149	228,771	145,115		
Sudan (North + South)	59,035	48,035	56,175	71,111	204,507	292,581		147,383	113,297	166,062	88,459			
Suriname	2,792			4,552	5,420	3,895	6,788		6,922	9,872	15,847			
Swaziland	3,891	4,593	187	791	3	0	2							
Sweden	4,110,467	3,743,930	4,657,518	5,619,320	5,690,584	6,023,997	7,537,628	8,525,547	6,075,387	6,814,025	7,983,845	6,903,503	6,559,895	
Switzerland	8,627,384	9,367,313	11,373,663	12,166,958	12,699,047	14,133,709	15,243,146	17,323,547	14,598,900	14,992,674	17,937,075	16,670,670	16,706,876	
Syrian Arab Republic	193,186	162,052	132,607	140,218	183,732	404,356	320,769	202,194	226,485	349,659				
Taipei, Chinese	2,131,633	1,552,298	1,538,602	2,016,631	2,543,223	2,224,762	2,391,044	2,301,684	1,792,541	2,246,007	2,732,772	2,963,101	2,665,555	
Tanzania, United Republic of	41,494	39,403	41,246	40,886	72,393	56,895	131,925	162,066	112,238	128,991	163,600	108,912	103,665	
Thailand	931,957	849,360	1,010,938	1,045,971	1,875,831	1,477,381	1,301,960	1,492,156	1,853,189	1,445,593	2,185,810	3,217,914	4,160,107	
Timor-Leste				0	53									
Togo	67,777	82,493	118,736	108,739	104,279		151,064	181,625	127,642	174,678	162,385	157,106	154,325	
Tonga	1,949	234	421					450	204	82	93	35		
Trinidad and Tobago	29,460	38,036	45,940	45,763	56,068	54,655	57,825	72,767	36,634	42,065				
Tunisia	2,456,801	2,435,422	2,838,635	3,189,846	3,092,252	3,391,697	4,082,181	4,546,315	3,832,095	4,203,198	4,380,868	4,017,498	4,436,712	
Turkey	2,283,939	3,047,501	4,164,120	6,201,348	5,887,817	7,239,953	7,849,709	9,022,013	7,089,761	8,176,579	9,229,545	8,589,893	8,079,740	
Turks and Caicos Islands	0	0	0	0							50	255		
Tuvalu		4												
Uganda	25,879	12,864	15,669	35,752	35,326	37,399	100,975	179,614	158,627	64,505	63,516	66,766	124,836	
Ukraine	455,699	479,992	530,278	652,022	799,138	990,611	1,331,837	1,683,877	973,504	1,108,769	1,504,474	1,667,216	1,730,584	
United Arab Emirates					2,393,404		3,100,394	3,835,326						
United Kingdom	27,932,119	29,674,672	33,949,318	37,904,205	38,823,135	44,720,572	45,330,932	45,021,986	33,934,945	37,227,452	39,439,263	37,745,972	40,513,412	
United States of America	30,980,360	29,024,413	29,897,479	32,617,720	34,771,521	38,082,574	42,492,266	44,886,714	34,582,355	39,178,550	40,738,445	42,488,402	46,339,864	
Uruguay	128,581	65,912	50,540	52,444	67,821	82,208	83,750	102,455	82,759	136,878	186,746	189,139	240,614	
Vanuatu						6,770	6,264		7,323	6,767	10,003			
Venezuela	302,596	221,666	222,033	202,039	274,371	359,961		486,351	423,166	512,811	478,512	536,947	576,953	
Viet Nam	300,532	299,237	410,995	617,732	447,719	421,773	1,156,596	816,506	864,396	968,967	1,204,967	1,589,076		
Yemen				177,128	112,924	150,847	234,376	209,203	263,502	328,397	235,374	232,426		
Zambia	5,142	12,001	30,195	71,824	89,821	23,007	117,482	40,768	15,539	26,039	45,424	45,432	36,313	
Zimbabwe	27,654	31,883		20,448	5,032	11,139	10,959	16,907	10,648	12,761	19,672	30,627	40,502	
