List of importing markets for a product exported by New Zealand (Mirror) Product: TOTAL All products
"Importers"	"Exported value in 2001"	"Exported value in 2002"	"Exported value in 2003"	"Exported value in 2004"	"Exported value in 2005"	"Exported value in 2006"	"Exported value in 2007"	"Exported value in 2008"	"Exported value in 2009"	"Exported value in 2010"	"Exported value in 2011"	"Exported value in 2012"	"Exported value in 2013"	
Total	15,010,526	14,615,713	17,479,752	20,590,309	22,222,618	22,865,651	26,646,411	31,028,912	25,232,759	30,740,015	38,035,994	37,486,850	36,558,379	
Afghanistan								95	54	71	180	0		
Albania	147	318	309	215	478	745	932	1,129	1,120	1,188	894	409	577	
Algeria	51,285	62,902	47,161	79,340	115,782	160,978	176,765	238,836	217,140	188,697	364,103	371,352	368,048	
Andorra	39	42	31	38										
Antigua and Barbuda					6,464		757		916	865	1,554	383	582	
Argentina	19,213	6,900	6,819	12,226	13,073	11,717	14,686	16,091	14,037	13,408	15,789	21,431	16,204	
Armenia	0	58	0	25	2	836	818	7,646	7,664	10,675	11,595	16,631	17,604	
Aruba					240				0	0	0	0		
Australia	2,452,028	2,655,712	3,265,199	3,819,562	4,125,695	4,144,870	5,186,837	6,447,129	5,200,516	6,469,129	7,829,937	7,528,441	6,996,420	
Austria	26,041	27,452	34,690	44,708	46,474	55,256	61,562	95,765	31,378	26,258	67,889	31,903	32,801	
Azerbaijan	8,521	9,018	7,942	5,909	2,850	4,098	6,678	6,277	11,814	18,642	16,552	17,556		
Bahamas	376	5	0	263	228	234	236	24	53	20	314	146		
Bahrain	9,580	9,715	10,642	12,131	13,370	9,737	10,706	43,899	53,589	67,508	56,416			
Bangladesh	13,244	14,511	15,449	22,372	19,967	24,575	36,328							
Barbados	10,777	11,516	12,659	16,349	13,456	12,515	16,332	25,167	15,982	22,212	21,839	21,428	23,845	
Belarus	113	169	344	1,491	2,477	2,335	4,350	7,425	6,560	15,061	6,773	4,641	3,488	
Belgium	293,116	327,233	434,572	502,678	520,914	497,632	496,922	605,927	440,590	409,497	448,233	322,283	378,802	
Belize	181	107	133	263	125	374	376	489	276	336	560	602	599	
Benin	0	81	365	908	1,004	847	29	73	105	61	6	114	74	
Bermuda												2,663	3,162	
Bhutan					24	0	0	86	286	384	112			
Bolivia	2,709	2,106	1,530	2,537	887	1,459	1,997	1,816	796	722	1,179	758		
Bosnia and Herzegovina			61	124	446	704	1,609	2,921	1,301	981	338	1,002	1,169	
Botswana	125	475	209	326	143	207	113	518	1,223	609	90	71	197	
Brazil	35,081	34,135	22,768	27,763	29,961	27,591	28,668	77,678	52,189	44,621	47,206	63,330	157,951	
Brunei Darussalam	2,804	2,376	1,926	4,193		7,999				12,808	15,181	9,086	10,721	
Bulgaria	269	1,066	522	904	2,499	6,266	5,661	4,939	4,218	4,270	4,104	6,128	6,082	
Burkina Faso	9	155	851	2,274	1,550		88	483	481	1,224	1,440	3,796		
Burundi	0	0	0	0	135	293	62	0	0	3	0	7	0	
Cabo Verde	0	0	0	0	3	23	3		1	2	4	88	2	
Cambodia	1,137	481	1,928	376	2,632	322	981	2,528	0	0	2,246	1,337		
Cameroon	88	229	216	17	1,674	3,796	3,824	5,953	8,195	4,654	13,880	16,030		
Canada	338,359	353,906	386,970	414,238	463,293	435,110	476,403	453,732	399,116	434,570	555,967	534,611	499,047	
Central African Republic	0	14	3			0	31	20	65	0	0	9	26	
Chile	27,897	17,799	18,560	25,172	40,948	46,601	44,311	61,086	34,322	35,573	53,136	65,648	112,437	
China	736,742	803,344	1,023,584	1,413,218	1,325,995	1,314,431	1,538,199	1,892,346	2,477,073	3,763,103	4,980,969	5,810,232	8,252,191	
Colombia	12,283	9,187	2,979	11,253	3,036	4,921	6,696	8,304	5,516	6,561	7,975	8,283	11,667	
Comoros	0	3	0	0	0	0	0	328	234					
Congo							939	3,468	2,124	1,695	2,041	670	3,435	
Cook Islands					60,052									
Costa Rica	1,722	3,035	2,844	1,504	1,646	1,524	2,522	2,533	2,064	2,899	3,149	4,588	3,420	
Côte d'Ivoire	557	984	1,685	3,433	5,173	3,703	3,119	5,717	7,333	16,215	9,341	11,061		
Croatia	1,413	966	3,787	5,158	5,028	5,379	8,390	6,944	5,122	2,808	5,143	6,756	3,576	
Cuba	60,018	39,377	40,680	52,069	58,023	52,049								
Cyprus	5,037	6,155	6,768	11,531	12,117	10,656	13,792	23,146	15,555	13,583	17,194	16,104	9,598	
Czech Republic	7,171	11,671	12,147	7,458	12,220	14,285	15,887	18,891	15,171	18,536	23,690	23,755	30,206	
Denmark	51,891	50,982	100,010	155,770	142,522	128,805	136,485	191,821	102,427	162,607	196,372	92,189	87,914	
Djibouti									120					
Dominica	4	5	0	0	0	1	1	113	135	54	0	68		
Dominican Republic	12,169	14,869	11,462	12,284	10,410	13,916	18,610	20,755	11,770	19,136	18,539	7,899	13,067	
Ecuador	1,022	1,799	3,787	855	1,327	1,305	1,990	3,693	1,034	2,571	4,503	3,065	4,371	
Egypt	51,210	53,090	44,256	36,819	29,603	46,833	77,368	158,444	146,287	148,320	213,881	321,010	312,480	
El Salvador	15,409	11,408	11,415	12,808	12,432	18,518	18,638	19,121	12,869	17,253	14,682	17,039	15,678	
Eritrea			149											
Estonia	6,415	1,624	8,146	3,378	3,711	3,399	3,473	5,150	2,095	3,114	4,325	4,554	4,952	
Ethiopia	1,878	160	1,461	293	270	1,560	2,031	2,803	4,910	4,315	3,047	3,639		
Faroe Islands	1,216	1,412	1,660	1,543	1,881	2,428	2,754	3,772	2,892					
Fiji		162,374	203,986	255,164	289,482	286,992	314,827	300,156	228,156	287,422	300,138	312,330		
Finland	13,454	16,484	19,826	23,339	22,632	29,927	36,430	37,222	10,160	13,576	20,357	14,752	10,864	
France	246,903	302,429	357,076	401,295	459,481	433,168	502,838	521,129	463,383	478,171	527,939	439,614	474,377	
French Polynesia	86,653	94,464	102,917	115,768	116,982	102,554	122,136	134,167	128,683	139,736	138,663	143,574	145,391	
Gabon	346	0	196	741	353	1,027	2,250	2,575	1,615					
Gambia	0	20	0	0	13	0	0	19	90	40	27			
Georgia	493	838	445	569	2,096	7,924	8,223	7,186	6,001	7,973	5,847	5,351	4,861	
Germany	505,939	545,459	594,267	668,107	757,990	840,371	889,810	938,163	702,647	714,964	975,379	792,355	793,096	
Ghana	3,159		3,855		6,550	22,226	31,267	51,974	19,284	35,202	66,168	36,724		
Greece	35,532	33,556	42,577	41,785	55,104	43,668	48,272	51,616	48,872	43,287	55,500	37,985	39,586	
Greenland	0	0	213	0	0	276	42	385	819	863	1,057	1,373	1,775	
Grenada	1,353	1,855	1,609	1,923	1,728	1,779	1,640	3,017						
Guatemala	26,149	29,410	19,148	19,500	31,200	25,087	25,137	18,127	33,359	15,561	17,531	18,277	18,682	
Guinea	12	83		672	12	205	408	172		639	6,348	1,736		
Guyana	5,159	4,663	4,542	7,124	8,006	7,084	8,569	14,982	7,912	11,582	12,551	19,727	28,719	
Honduras	3,596	11,548	10,812	5,197	6,221	5,791	7,499	2,232	10,733	7,514	10,646	7,769	6,516	
Hong Kong, China	354,153	291,687	282,680	317,447	288,260	344,313	380,943	430,205	428,199	459,967	522,229	603,248		
Hungary	4,335	4,073	10,599	4,010	1,443	2,714	1,976	2,374	8,173	11,580	10,640	126,399	9,986	
Iceland	938	1,232	1,373	1,915	2,075	3,445	3,133	3,875	1,537	2,908	2,272	3,324	2,911	
India	77,687	78,257	78,175	98,518	206,485	257,335	312,624	468,291	421,470	651,371	715,951	764,429	634,389	
Indonesia	210,979	155,668	153,731	223,654	263,004	333,754	503,488	706,651	556,825	726,919	729,228	696,254	805,988	
Iran (Islamic Republic of)	28,842	26,364	32,629	41,218	46,725	69,955				74,276	89,028			
Ireland	20,057	20,289	27,589	30,187	37,998	40,234	56,739	58,545	49,842	58,511	56,153	72,855	75,257	
Israel	5,905	6,946	5,470	8,149	9,974	9,235	10,789	21,791	12,946	16,167	11,865	9,436	16,443	
Italy	270,560	247,687	288,809	298,949	341,883	361,082	349,211	347,560	272,148	265,896	369,498	297,526	324,965	
Jamaica	21,221	18,275	12,708	18,559	26,832	23,882	32,555	34,891	23,057	32,677	37,990	28,857		
Japan	2,053,385	1,900,397	2,059,940	2,468,565	2,507,788	2,531,973	2,693,204	2,910,286	2,123,412	2,711,174	3,110,018	3,026,020	2,698,537	
Jordan	12,564	17,601	34,000	19,280		32,657	26,945	48,361	39,163	46,575	52,523	66,854	63,247	
Kazakhstan	1,017	5,680	942	3,312	4,656	3,466	3,665	2,497	3,785	1,416	2,548	2,268	6,117	
Kenya	2,583	1,450	944	1,411	1,792	3,601	4,852	5,674	27,552	8,486	7,714			
Kiribati					4,032		4,117	2,809	4,441	3,399	5,012	7,150		
Korea, Republic of	743,398	0	707,745	879,555	891,031	967,471	1,171,187	1,121,644	879,361	1,175,876	1,474,131	1,339,162	1,395,114	
Kuwait	21,559	22,749	30,991	30,406		50,210	86,785	123,115						
Kyrgyzstan	22	8	37	10	10	1,215	1,234	33	1,258	528	541	642		
Latvia	362	548	1,362	1,442	1,653	2,169	2,561	2,047	866	1,508	2,723	2,811	2,566	
Lebanon	4,868	3,822	4,995	7,548	12,053	13,502	13,170	14,990	20,282	8,834	8,440	10,176	21,804	
Lesotho	0	0	0					0	0	3				
Libya							757	3,805	11,962	15,084				
Lithuania	3,988	4,143	7,552	926	2,150	3,897	3,576	5,671	3,203	4,350	9,345	8,175	9,829	
Luxembourg	134	370	213	263	242	92	108	3,099	2,469	2,412	2,635	2,349	2,688	
Macao, China	5,662	4,987	5,977	5,492	5,644	7,151	6,746	7,333	9,388	11,423		21,278		
Macedonia, The Former Yugoslav Republic of	152	184	195	172	178	268	408		205	977	1,650	784	1,070	
Madagascar	638	54	104	1,827	2,747	2,557	188	2,249	45,029	164	834	447	548	
Malawi	319	383	608	1,038	250	107	119	53	101	899	443	512	544	
Malaysia	342,182	306,227	302,989	339,915	339,091	337,651	487,397	770,833	467,608	613,039	787,682	783,606	872,309	
Maldives	5,546	2,428	3,073	8,384	6,058	11,106	15,933	15,178	6,413	12,438	7,709	7,692	12,968	
Mali	12	23	14	135	38	911	1,018	714		5,566	5,845	3,354		
Malta	6,421	6,236	9,167	4,074	5,535	7,889	7,426	11,853	6,309	3,964	6,359	4,154	7,355	
Mauritania	0	0	0	0	64		44	0	2	36	1,809	96		
Mauritius	14,829	13,260	19,983	18,361	27,841	26,827	42,550	53,365	42,759	54,246	76,611	89,963	71,223	
Mayotte	52	248	80	137	179	210	1,278	1,337	1,891					
Mexico	260,486	245,912	278,367	280,310	385,438	339,939	510,600	416,546	327,342	373,766	434,740	335,043	370,700	
Mongolia	25		917	1,874	1,547	1,048	1,138						19,768	
Montenegro						171	23	214	428	446	150	387	429	
Montserrat	6	1	1	3	0	0	0	42	38			0	0	
Morocco	13,392	16,127	11,858	12,901	23,501	30,930	25,642	44,541	38,425	53,120	79,850	58,109	68,503	
Mozambique	144	65	464	433	983	4,479	3,292	5,892	3,525	2,542	5,330	2,741	3,610	
Myanmar										11,585				
Namibia	132	71	28	244	11	135	664	1,055	1,944	2,803	1,069	857	219	
Nepal			20,731						11,464	13,812	15,265			
Netherland Antilles					27	603	128	38						
Netherlands	204,909	244,791	343,822	285,348	312,328	395,597	427,163	434,319	473,983	430,879	591,736	622,445	623,464	
New Caledonia	48,053	54,432	65,112	79,991	97,745	94,642	96,665	129,618	97,780	125,770	154,361	142,450	128,104	
New Zealand	0	0	0	0	0	0	0	0	0	0	114,905	131,735	170,307	
Nicaragua	8,080	6,790	5,384	6,438	4,609	7,641	7,244	4,598	4,894	6,092	6,949	5,587	5,793	
Niger	0	56	940	4,011	2,557	2,386	845	954	568	289	479	778	649	
Nigeria	3,883	6,048	10,465			52,516	174,976	89,317	131,170	233,635	488,857	233,411		
Norway	14,437	16,136	20,253	23,687	22,732	20,983	32,668	49,761	29,219	36,847	47,605	48,106	49,560	
Oman	11,260	16,033	186	66,559	31,051	30,248	64,043	57,583	56,910	36,810	51,125	87,516	65,126	
Pakistan			15,799	15,069	26,266	46,406	68,418	64,198	63,457	60,416	58,311	44,600	43,165	
Palau												108		
Palestine, State of							369	440	427	489	312	233		
Panama	14,427	14,278	15,114		25,509	22,654	27,512	27,761	23,435	26,919	20,703			
Papua New Guinea	43,798	47,366	62,996	48,260							175,524	233,776		
Paraguay	247	180	28	144	195	769	756	559	270	912	869	399	968	
Peru	34,728	22,562	16,204	23,358	17,718	19,432	22,376	36,339	23,691	56,494	67,880	119,081		
Philippines	244,366	238,689	272,513	289,667	291,347	288,604	372,093	427,930	318,326	426,749	544,522	476,916	489,733	
Poland	9,489	10,065	17,653	20,216	22,776	22,111	27,268	32,732	16,283	16,754	23,624	25,276	27,870	
Portugal	19,405	16,498	32,226	22,968	23,171	24,071	23,961	30,383	24,077	24,303	37,200	28,748	21,956	
Qatar	5,021	4,845	6,364	4,268	11,706	16,415	20,125	34,138	24,239	25,927	26,829	33,709	25,138	
Republic of Moldova	42	308	304	472	1,742	1,953	3,337	3,350	1,809	1,905	2,095	3,943	3,596	
Romania	1,168	828	1,606	2,304	3,514	5,578	2,287	2,676	1,761	2,271	3,731	5,413	4,121	
Russian Federation	35,481	57,761	62,570	55,764	63,732	88,158	90,676	140,152	120,106	150,915	215,868	210,000	238,126	
Rwanda	253	6	2	37	209	442	555	337	30	36	618	91	69	
Saint Kitts and Nevis	74	138	157	161	79	132	131	159	112	165	202			
Saint Lucia	1,507	1,356	1,517	2,100	2,277	2,392	2,340	3,306						
Saint Vincent and the Grenadines	598	314	446	515	716	740	841	823	1,379	925	1,997	1,662		
Samoa	42,917	45,771	54,536	68,318	79,633	90,186	81,542	65,548	66,952	95,234	96,466	83,679	109,571	
Sao Tome and Principe	0	0	0	0	0	0	0	4	0	0	51	0	0	
Saudi Arabia	120,488	108,507	157,135	211,796	305,146	281,169	418,499	586,702	350,483	482,518	594,843	628,636		
Senegal	958	1,229	3,738	1,425	676	15,671	7,393	3,428	20,076	20,698	21,152	21,396	15,288	
Serbia					1,244	1,579	1,393	2,526	2,089	1,446	1,464	1,759	1,111	
Serbia and Montenegro	380	433		1,184										
Seychelles	2,105	1,278	2,021		1,394	2,565		4,017						
Sierra Leone		18												
Singapore	180,411	195,043	220,019	268,337	319,407	351,770	467,787	775,580	574,915	575,668	997,256	698,064	849,244	
Slovakia	2,730	2,673	2,980	4,100	3,941	3,996	3,311	3,909	2,102	1,391	1,414	1,174	1,317	
Slovenia	2,519	2,467	3,461	4,437	4,579	6,893	7,433	9,218	4,724	1,429	1,519	1,282	1,139	
Solomon Islands								15,033	13,670	20,912	27,703			
South Africa	50,900	54,589	64,552	83,758	113,010	131,611	152,701	184,430	132,894	152,701	197,004	190,128	179,245	
Spain	108,642	109,552	140,588	187,433	207,970	190,288	196,038	210,889	164,540	173,607	215,446	149,430	151,316	
Sri Lanka	70,617	64,188	81,355	88,821	95,014	137,127	156,512	246,472	85,269	71,246	272,860	244,501		
Sudan (North + South)	3,559	3,771	4,447	5,309	7,762	13,445		8,321	47,749	43,648	42,839			
Suriname	27			7	343	273	118		309	50	1			
Swaziland	14	8,062	0	0	0	0	0							
Sweden	27,350	26,081	35,147	38,194	48,755	46,081	55,272	54,332	49,543	53,971	64,264	56,446	50,482	
Switzerland	57,995	61,646	73,162	83,487	73,920	74,385	81,049	94,247	85,459	88,447	98,438	88,676	105,453	
Syrian Arab Republic	3,100	4,860	6,008	9,704	16,365	58,603	53,743	100,075	45,993	60,863				
Taipei, Chinese	344,778	340,285	381,333	457,673	506,760	502,210	566,413	571,350	460,717	611,459	728,977	693,090	748,024	
Tanzania, United Republic of	957	1,396	1,627	2,233	1,668	1,699	2,440	3,133	2,208	3,811	3,276	2,476	3,339	
Thailand	210,303	189,229	211,472	237,156	253,030	317,976	412,413	648,540	311,185	510,547	587,789	603,327	618,450	
Timor-Leste				1	18									
Togo	0	10	13	31	11		23	90	30	86	811	341	219	
Tonga	32,159	35,186	37,470					46,993	44,027	50,634	58,351	59,663		
Trinidad and Tobago	11,439	10,460	13,252	17,005	23,283	18,334	29,941	42,586	28,471	37,353				
Tunisia	4,718	4,842	3,010	1,610	4,088	5,904	7,074	10,211	4,263	5,011	3,873	7,398	5,345	
Turkey	15,537	17,642	17,392	18,001	27,270	32,728	36,812	48,843	28,279	48,030	57,704	54,586	82,373	
Turks and Caicos Islands	0	0	0	0							65	35		
Tuvalu		1,533												
Uganda	36	233	263	271	77	202	289	434	134	294	432	1,624	616	
Ukraine	1,241	899	1,138	948	2,412	4,545	7,744	20,038	7,213	13,789	22,575	38,258	41,902	
United Arab Emirates					109,415		177,682	214,508						
United Kingdom	752,352	840,196	953,061	1,104,251	1,179,713	1,146,288	1,428,871	1,416,546	1,276,659	1,287,225	1,453,458	1,351,342	1,296,815	
United States of America	2,384,305	2,470,711	2,600,945	3,177,442	3,368,302	3,325,599	3,316,219	3,352,229	2,721,200	2,941,064	3,344,483	3,622,733	3,667,241	
Uruguay	3,424	4,553	5,268	3,959	3,648	3,960	5,265	8,796	5,596	4,906	9,169	12,891	10,259	
Vanuatu						24,759	33,794		37,807	37,443	35,613			
Venezuela	51,000	31,070	55,270	35,445	36,027	35,349		240,538	129,082	120,006	224,821	411,294	310,782	
Viet Nam	141,859	60,375	90,097	109,228	118,676	159,736	246,358	237,181	249,663	352,968	383,946	384,858		
Yemen				18,928	26,454	18,702	28,384	21,739	29,380	40,137	22,514	38,438		
Zambia	1,450	464	143	662	506	698	470	1,199	319	1,288	1,168	1,377	2,869	
Zimbabwe	2,431	1,794		234	814	354	259	134	579	541	1,598	644	2,887	
