List of importing markets for a product exported by Lithuania Product: TOTAL All products
"Importers"	"Exported value in 2001"	"Exported value in 2002"	"Exported value in 2003"	"Exported value in 2004"	"Exported value in 2005"	"Exported value in 2006"	"Exported value in 2007"	"Exported value in 2008"	"Exported value in 2009"	"Exported value in 2010"	"Exported value in 2011"	"Exported value in 2012"	"Exported value in 2013"	
World	4,583,050	5,475,632	7,162,433	9,302,609	12,070,444	14,135,190	17,162,396	23,769,895	16,496,339	20,813,923	28,068,648	29,652,662	32,611,866	
Afghanistan	0	177	79	252	10,716	3,517	7,610	9,492	5,165	2,642	4,308	14,722	39,973	
Africa not elsewhere specified	0	0	0	0	0	0	138	0	0	0	0	0	0	
Albania	8	32	1,025	1	4	23	25	59	117	418	843	1,266	2,738	
Algeria	3,373	1,911	1,682	994	580	206	14,749	76,080	14,083	580	2,138	974	134,114	
Andorra	0	0	0	2	0	0	1	1	0	0	0	8	150	
Angola	117	187	898	781	415	359	383	548	1,604	773	34,891	3,487	2,007	
Anguilla	0	0	0	0	0	288	0	0	0	0	14	0	0	
Antigua and Barbuda	345	7	603	8,443	12,812	4,027	4,293	127	74	60	7	89	160	
Area Nes	3,340	4,789	6,794	7,638	4,939	0	0	0	0	0	441,584	83,670	22,914	
Argentina	78	15	1	71	125	110	12,343	28,954	960	11,004	7,987	35,319	16,876	
Armenia	4,612	2,791	819	713	1,755	1,337	1,360	1,579	2,457	5,387	6,213	7,178	10,248	
Aruba	40	0	0	0	13	0	8	0	0	0	0	0	0	
Australia	628	1,595	4,089	4,766	7,114	4,842	4,111	20,459	12,020	13,850	16,552	19,545	23,892	
Austria	12,151	11,408	22,315	28,342	27,639	39,328	73,164	71,424	61,524	70,450	80,560	82,002	108,092	
Azerbaijan	783	1,692	2,547	6,999	8,128	8,757	12,232	22,034	24,590	43,274	32,335	45,135	37,164	
Bahamas	159	19	8	3,496	7,675	448	43	26,866	376	136	1,136	235	404	
Bahrain	42	83	42	97	164	267	360	608	473	327	238	359	358	
Bangladesh	451	675	2,448	576	1,423	3,925	478	780	3,232	5,635	6,971	6,425	5,434	
Barbados	1	0	0	0	2,552	14	12	16	83	46	0	33	85	
Belarus	178,624	173,399	226,869	296,817	406,672	536,371	689,576	1,059,701	779,235	1,088,791	1,459,398	1,358,867	1,693,662	
Belgium	74,880	104,726	154,077	259,015	229,658	174,923	288,876	389,210	281,994	323,516	316,498	313,864	402,287	
Belize	35	494	737	76	9,671	3,418	7,206	4,959	502	447	1,499	407	422	
Benin	68	79	350	122	149	459	951	1,201	1,337	1,765	2,931	5,287	9,331	
Bermuda	0	0	0	1	0	3	0	0	5	43	0	0	40	
Bolivia	147	9	18	15	3	24	58	300	256	218	217	437	112	
Bosnia and Herzegovina	307	620	1,580	998	1,187	861	1,047	1,015	1,035	2,263	2,015	2,227	2,891	
Botswana	0	0	0	0	0	0	0	0	0	3	0	72	5	
Brazil	135	273	143	244	557	3,013	3,182	39,685	2,660	4,656	3,317	18,737	18,020	
British Indian Ocean Territories	0	0	0	0	0	0	0	0	54	0	0	0	0	
British Virgin Islands	762	1,264	2	423	1,090	2,600	1,911	7,189	419	424	636	9,699	12	
Brunei Darussalam	0	0	0	0	0	0	0	0	0	2	0	53	174	
Bulgaria	3,037	4,842	14,431	14,749	14,037	30,915	26,518	40,115	24,331	43,844	55,300	61,449	69,202	
Burkina Faso	13	33	63	432	502	475	70	0	126	72	231	215	1,040	
Burundi	0	0	0	0	0	0	0	0	0	0	0	0	0	
Cabo Verde	0	0	0	0	0	2	0	116	49	18	34	16	34	
Cambodia	10	0	2	1	11	52	8	1	0	12	3	197	1,322	
Cameroon	17	88	251	616	364	8,402	4,324	1,101	1,839	3,241	2,930	767	931	
Canada	15,689	28,915	30,197	85,267	338,330	278,124	75,996	297,084	85,885	353,651	319,408	80,163	73,165	
Cayman Islands	18	6	8	18	1	7	17,351	0	0	0	0	1,752	12	
Central African Republic	0	0	0	23	25	0	35	0	0	14	0	0	633	
Chad	0	0	0	0	0	0	0	0	0	0	0	0	4	
Chile	349	202	215	149	1,095	1,234	930	1,895	2,266	2,954	2,558	4,318	6,579	
China	1,887	2,810	8,515	11,662	15,233	18,800	21,032	28,051	30,631	36,946	80,564	85,933	117,271	
Colombia	1,289	2,503	2,816	326	552	455	1,194	934	1,145	1,153	3,972	1,180	1,568	
Comoros	0	0	0	0	5	28	3,277	241	21	7	131	145	19	
Congo	0	0	6,888	29	110	208	332	3,347	5,324	1,043	875	6,240	4,330	
Cook Islands	0	0	0	0	2,758	0	0	4	3	33	0	0	0	
Costa Rica	0	32	16	70	63	118	209	227	136	140	188	167	832	
Côte d'Ivoire	3	52	162	102	2,474	3,757	3,514	2,605	1,562	3,775	198	2,342	4,709	
Croatia	595	2,057	3,001	8,253	8,382	10,513	14,407	12,543	11,612	13,585	22,997	16,678	10,793	
Cuba	1,579	53	41	49	222	1,318	328	864	1,049	3,579	5,647	10,798	11,835	
Cyprus	2,276	68,338	58,206	7,667	6,034	23,426	6,002	8,544	4,360	4,384	4,682	6,007	13,560	
Czech Republic	21,303	24,727	26,639	45,546	68,294	114,158	154,335	171,867	112,485	137,676	176,168	188,445	253,499	
Democratic Republic of the Congo	0	0	0	71	236	105	0	3,364	9,058	2,887	150	904	8,375	
Denmark	205,548	278,939	338,744	442,742	509,475	592,846	696,995	1,114,003	627,271	625,028	576,344	603,498	667,823	
Djibouti	0	0	0	6	0	7	22,008	16	0	72	88	0	179	
Dominica	0	0	0	5	17	2	127	54	542	303	199	29	386	
Dominican Republic	818	196	19	46	23	69	3,167	212	138	103	80	136	199	
Ecuador	9	21	26	22	34	49	198	193	227	2,150	601	444	738	
Egypt	289	714	533	460	825	1,187	1,733	7,493	34,590	30,821	53,960	53,547	50,787	
El Salvador	0	0	0	0	0	32	37	263	1	0	19	284	912	
Equatorial Guinea	0	1	0	4	33	4	0	150	187	255	445	362	1,101	
Eritrea	0	45	0	13	0	0	0	0	0	0	0	0	0	
Estonia	148,807	207,885	308,117	465,849	692,015	913,542	997,695	1,360,301	1,159,513	1,051,343	1,820,696	2,320,681	2,457,118	
Ethiopia	397	190	1,342	0	0	12,531	6,163	44,676	18,361	10	29,795	46	96	
Falkland Islands (Malvinas)	0	0	0	0	0	0	0	0	0	0	0	0	0	
Faroe Islands	2	341	132	10,122	330	1,348	1,668	3,313	2,233	2,949	2,620	3,260	2,334	
Fiji	0	0	0	0	0	0	0	0	0	0	0	0	4	
Finland	63,779	64,317	109,722	81,090	116,265	122,173	229,092	324,517	271,049	288,348	367,973	352,873	441,255	
France	150,335	224,370	363,192	590,015	825,242	588,094	625,770	1,156,181	522,277	688,771	1,146,524	927,022	762,071	
French Polynesia	0	0	0	0	0	0	0	0	3	0	16	0	0	
French South Antarctic Territories	0	0	0	6	14	20	27	35	55	0	0	0	0	
Gabon	0	0	0	14	63	102	108	20	123	59	223	349	90	
Gambia	0	40	163	184	278	293	522	705	411	409	373	573	135	
Georgia	2,261	2,107	2,015	5,279	30,622	6,123	15,161	22,724	13,254	24,251	32,920	44,356	37,292	
Germany	575,780	567,731	709,494	952,591	1,104,454	1,218,707	1,797,646	1,701,036	1,597,591	2,046,222	2,568,823	2,307,780	2,328,324	
Ghana	36	55	50	364	475	249	181	605	291	446	22,924	1,603	2,407	
Gibraltar	4	0	99	20	1	1,347	9,250	57,611	353	329	25,005	45,256	86,267	
Greece	949	23,003	61,344	29,534	10,350	21,469	16,296	17,313	23,400	20,156	19,136	21,512	23,646	
Greenland	4	0	0	1,430	319	82	174	71	21	222	135	85	75	
Grenada	0	0	69	13	0	0	0	245	83	0	0	23	0	
Guatemala	67	0	0	19	102	100	143	218	71	3,018	132	283	99	
Guinea	41	35	93	353	452	153	230	2,317	252	6	119	130	305	
Guinea-Bissau	0	0	0	0	31	14	20	19	0	0	23	6	8	
Guyana	35	0	0	0	0	0	0	0	59	136	6	35	43	
Haiti	0	0	0	0	0	78	0	31	34	47	37	0	1	
Honduras	8	437	3	8	9	14	13	72	25	12	13	6	4	
Hong Kong, China	1,349	38,182	23,008	3,522	4,953	8,331	9,106	8,234	8,649	19,846	35,898	36,075	62,180	
Hungary	15,363	28,051	44,799	51,075	49,264	55,817	76,693	78,950	74,544	75,929	107,870	143,461	149,935	
Iceland	1,034	2,400	5,785	19,113	67,722	97,378	129,833	26,325	20,200	95,526	18,423	17,732	20,656	
India	3,806	4,861	6,246	18,414	28,792	19,091	13,117	399,321	92,707	139,991	166,458	18,406	19,301	
Indonesia	259	4,102	890	7,028	124	215	409	689	1,861	1,418	11,617	4,886	5,837	
Iran (Islamic Republic of)	315	145	927	899	764	847	904	790	1,769	1,452	18,294	261,335	289,947	
Iraq	8	15	91	12	623	728	24,748	26,199	7,503	2,380	707	560	1,192	
Ireland	9,219	13,638	35,028	37,982	60,625	53,513	72,050	65,538	54,250	76,037	78,476	78,263	116,458	
Israel	4,345	7,769	4,501	6,485	7,592	17,167	19,872	20,890	11,990	20,554	32,798	34,469	32,587	
Italy	92,330	153,215	155,605	193,934	226,077	299,449	390,139	378,365	329,874	398,053	502,361	506,247	553,343	
Jamaica	311	30	22	0	3,392	90	32	42	0	10	0	3	14	
Japan	18,242	12,952	39,833	12,590	16,427	16,270	17,039	19,655	17,744	18,610	25,853	34,491	46,800	
Jordan	261	59	58	292	9,273	300	487	668	1,213	884	870	2,240	15,054	
Kazakhstan	21,391	33,192	53,948	84,515	114,991	216,953	331,667	269,146	282,744	313,082	443,463	443,981	586,307	
Kenya	0	11	0	15	58	114	9,801	429	14,242	2,193	15,374	2,427	2,805	
Kiribati	0	0	0	0	0	0	0	0	0	0	0	33	0	
Korea, Democratic People's Republic of	4	13	150	2	0	0	0	0	0	0	0	0	0	
Korea, Republic of	4,060	29,046	11,649	19,451	14,155	10,600	8,418	10,003	7,306	26,514	23,700	24,970	36,508	
Kuwait	81	417	412	380	1,101	628	2,019	1,682	1,230	669	1,278	1,898	3,114	
Kyrgyzstan	3,571	6,785	5,978	8,128	11,325	16,998	36,010	44,820	20,573	36,915	125,292	89,702	118,272	
Lao People's Democratic Republic	0	0	0	0	0	0	0	0	0	0	0	23	121	
Latvia	579,085	530,472	692,133	947,372	1,206,757	1,569,443	2,210,570	2,750,871	1,658,739	1,987,678	2,740,033	3,224,035	3,255,470	
Lebanon	142	242	365	460	194	278	329	4,840	1,377	3,109	1,839	1,452	2,599	
Lesotho	0	0	0	0	0	0	0	0	0	0	1	0	3	
Liberia	444	1,111	131	6,671	16,931	71	6,479	125	139	460	358	1,820	1,194	
Libya	0	19	59	106	40	325	15,952	5,138	39,566	10,622	1,273	19,921	2,304	
Luxembourg	416	463	914	299	1,074	6,707	29,815	41,571	17,630	11,703	4,823	4,878	6,710	
Macao, China	0	0	0	0	13	4	131	85	1	28	29	519	350	
Macedonia, The Former Yugoslav Republic of	2,539	648	8	314	613	613	856	745	480	2,274	2,023	1,015	784	
Madagascar	23	12	0	14	9	0	0	6	13	2	2	0	222	
Malawi	101	263	163	144	117	12	50	0	31	243	7,881	678	1,200	
Malaysia	3,594	2,283	6,103	7,680	9,645	11,019	36,966	19,356	4,064	4,335	4,328	5,488	3,329	
Maldives	0	0	0	0	0	1	37	0	6	117	7	13	24	
Mali	0	0	0	355	165	475	164	410	228	6	64	1	1	
Malta	101	166	1,189	7,600	1,897	2,913	8,412	11,411	874	2,817	3,528	984	2,468	
Marshall Islands	1	179	678	781	3,043	3,756	905	683	122	85	203	97	512	
Mauritania	1,679	893	281	299	999	771	222	592	4,577	812	6,363	472	12,632	
Mauritius	18	0	86	112	12	91	2	68	1,255	815	1,848	584	565	
Mayotte	0	0	0	15	101	0	62	0	0	0	0	0	92	
Mexico	2,022	12,840	1,605	4,240	7,762	18,517	7,360	72,675	25,179	15,122	21,455	13,844	10,891	
Mongolia	50	92	251	431	436	389	4,017	3,070	1,259	2,126	17,102	8,150	17,117	
Montenegro	0	0	0	0	0	479	53	642	0	500	501	329	492	
Montserrat	0	0	0	0	0	0	0	0	0	0	0	0	0	
Morocco	256	277	265	6,388	2,184	3,470	27,462	47,265	21,283	1,135	6,493	2,566	11,998	
Mozambique	12	37	84	56	3,619	4,992	853	7	48	9,499	707	2,289	5,917	
Myanmar	0	14	0	0	898	1	4	0	0	0	0	593	17	
Namibia	20	0	8,998	135	216	218	143	7,174	209	128	85	471	222	
Nepal	96	169	13	44	89	148	2	43	5	2	3,218	1,681	345	
Netherland Antilles	0	1	0	7	3,926	42	0	76	45	24	0	1	11	
Netherlands	134,662	174,460	245,150	446,863	375,268	683,120	511,330	806,783	840,157	1,150,979	1,701,892	1,720,193	1,417,880	
New Caledonia	0	0	3	0	0	0	0	0	0	7	33	68	89	
New Zealand	0	0	51	715	1,418	3,881	7,132	29,859	5,787	1,595	3,158	2,085	1,900	
Nicaragua	4	0	16	43	18	95	9	18	23	3	17	24	24	
Niger	592	270	0	12	105	14	53	76	20	2	68	8	0	
Nigeria	323	263	241	57	96	42	144	10,500	115,952	94,871	82,432	109,375	17,766	
Norfolk Island	0	0	0	0	0	0	0	0	0	0	0	0	0	
Northern Mariana Islands	0	0	0	0	0	0	0	0	0	0	0	0	0	
Norway	59,765	131,725	165,020	197,031	216,495	263,684	394,350	498,140	411,115	477,871	567,755	580,780	692,430	
Oman	13	16	75	280	580	1,173	917	32,928	839	545	680	1,271	1,631	
Pakistan	3,916	7,227	1,835	9,558	17,293	25,901	31,820	5,524	71,389	2,370	24,183	16,632	24,326	
Palestine, State of	0	0	9	13	0	0	0	12	10	11	9	18	0	
Panama	1,120	1,536	653	6,069	17,267	6,599	16,977	10,493	8,769	7,558	11,140	5,054	4,536	
Papua New Guinea	0	0	18	42	65	44	96	108	94	125	0	0	57	
Paraguay	0	0	0	0	0	6	111	240	550	1,152	2,333	98	134	
Peru	222	140	253	47	54	2,016	485	364	611	700	16,373	563	3,834	
Philippines	2,940	3,074	519	1,434	941	363	844	284	611	589	2,474	5,230	3,727	
Pitcairn	0	0	0	0	1	0	18	0	0	0	0	0	0	
Poland	287,067	193,783	241,137	449,007	643,568	860,118	1,074,824	1,376,448	1,193,007	1,606,473	1,917,455	1,791,069	2,407,812	
Portugal	5,960	10,212	11,749	32,358	64,950	44,173	40,568	65,954	56,890	51,906	68,804	60,819	72,859	
Qatar	1	37	39	57	74	332	3,876	3,398	310	221	709	769	1,289	
Republic of Moldova	10,516	6,217	12,305	15,104	18,392	15,390	22,022	31,056	25,921	35,906	38,852	38,954	41,264	
Romania	1,438	2,596	6,617	11,792	19,590	25,584	55,249	52,298	30,666	48,242	61,119	69,363	82,159	
Russian Federation	504,931	663,828	725,867	863,559	1,374,897	1,807,286	2,579,867	3,799,761	2,188,922	3,239,568	4,648,612	5,598,041	6,467,854	
Rwanda	371	45	0	0	244	16	0	0	2	94	2,351	1,699	548	
Saint Helena	0	0	0	0	0	0	0	0	0	0	0	0	0	
Saint Kitts and Nevis	0	0	2	6	0	4	5	5	7	2	35	118	100	
Saint Lucia	0	0	0	0	0	0	0	0	20	0	0	0	0	
Saint Vincent and the Grenadines	23	3,137	115	4,702	4,860	2,729	871	639	333	241	3,247	23	65	
Samoa	0	0	0	0	0	0	0	0	0	0	0	10	0	
Sao Tome and Principe	0	0	0	0	0	0	0	0	0	13	0	0	0	
Saudi Arabia	342	248	503	716	2,423	29,606	66,310	0	21,717	70,496	84,289	114,635	198,816	
Senegal	24	116	526	234	335	2,249	464	30,980	2,569	913	127	823	67	
Serbia	0	0	0	0	0	3,213	4,431	8,135	4,263	5,408	18,575	27,634	20,553	
Serbia and Montenegro	1,493	2,770	1,971	5,905	3,275	0	0	0	0	0	0	0	0	
Seychelles	330	0	1,114	0	667	857	972	336	0	32	1,398	752	73	
Ship stores and bunkers	0	0	0	0	7,653	9,244	7,040	12,837	12,573	11,999	0	82,386	82,217	
Sierra Leone	0	0	333	179	85	2	3	0	1,175	551	638	668	509	
Singapore	1,007	409	1,035	13,746	329,851	325,680	77,002	104,970	34,338	47,863	20,734	9,218	32,384	
Slovakia	5,413	7,097	9,927	11,853	18,266	21,540	31,912	39,427	35,124	34,126	58,034	86,746	95,737	
Slovenia	633	451	1,763	3,504	4,311	6,427	12,615	13,076	30,760	11,558	14,649	16,802	36,335	
Somalia	0	17	0	0	0	0	0	0	0	0	58	0	0	
South Africa	513	499	937	646	761	966	1,980	1,394	4,295	7,269	13,182	7,657	19,733	
Spain	61,848	59,693	63,150	174,408	315,628	267,103	241,178	391,234	272,526	212,304	342,511	218,569	240,967	
Special categories	0	0	0	0	0	0	0	0	0	0	0	0	0	
Sri Lanka	708	336	1,230	394	2,130	290	978	576	2,634	178	195	410	367	
Sudan (North + South)	652	877	0	0	120	12	478	1	64	191	165	125	14	
Suriname	13	0	0	99	0	37	0	0	0	144	1	51	2,711	
Swaziland	0	0	0	0	0	0	0	0	0	0	0	0	0	
Sweden	167,817	229,404	286,890	471,118	586,778	635,306	652,108	805,122	595,427	742,246	987,394	968,761	1,076,590	
Switzerland	27,307	96,053	833,335	424,057	71,722	98,265	47,557	224,406	73,660	60,749	53,367	61,573	83,576	
Syrian Arab Republic	68	115	196	293	488	309	224	8,320	5,215	5,803	1,312	509	145	
Taipei, Chinese	1,788	1,628	1,104	2,460	2,853	6,661	8,972	8,272	4,828	7,260	8,070	5,953	10,247	
Tajikistan	1,459	2,938	3,776	11,462	20,637	18,996	34,895	50,968	29,405	33,099	53,907	66,355	88,543	
Tanzania, United Republic of	64	9	20	176	62	7,277	2	137	5,374	7,318	222	64	243	
Thailand	810	467	5,625	770	4,891	1,240	2,035	2,153	1,209	2,426	3,795	11,132	10,225	
Timor-Leste	0	0	0	0	0	0	0	0	0	0	0	0	0	
Togo	60	35	288	352	524	535	865	949	1,126	1,462	1,944	116,244	1,787	
Tokelau	0	0	0	0	0	0	0	0	0	0	0	0	0	
Tonga	0	0	0	0	26	0	0	0	0	30	0	0	0	
Trinidad and Tobago	9	0	0	0	155	86	43	29	2	31	23	62	150	
Tunisia	1,699	136	117	97	466	409	7,776	6,535	1,780	2,777	28,303	3,447	1,463	
Turkey	65,041	94,875	120,625	150,730	149,437	134,393	130,166	170,467	90,189	118,912	173,363	199,189	168,634	
Turkmenistan	902	1,669	4,442	1,424	1,187	430	502	2,943	6,380	17,886	17,370	26,746	34,121	
Turks and Caicos Islands	0	0	0	0	0	0	0	0	0	0	0	0	12	
Tuvalu	0	0	0	0	0	0	0	0	0	0	0	0	0	
Uganda	0	11	10	55	44	0	109	290	65	101	113	111	248	
Ukraine	154,725	143,301	171,735	213,161	281,379	366,307	469,390	775,911	497,325	747,648	929,325	1,061,558	1,128,572	
United Arab Emirates	1,477	611	1,688	1,803	3,035	4,212	8,208	8,736	75,196	18,648	24,433	30,740	28,182	
United Kingdom	633,153	730,642	455,265	494,092	551,244	623,296	782,087	1,115,484	724,654	1,018,670	1,104,747	1,858,057	1,608,270	
United States Minor Outlying Islands	0	0	0	0	0	0	13	0	0	0	0	2	0	
United States of America	174,196	194,331	200,741	440,135	562,650	604,659	439,542	761,127	487,508	599,132	729,669	447,362	910,112	
Uruguay	12	20	0	15	26	6,613	670	6,691	12,404	3,695	122	10,071	403	
Uzbekistan	19,808	10,947	5,544	12,646	23,689	13,161	17,499	19,108	17,933	31,052	31,141	48,207	102,422	
Vanuatu	1	0	1	0	0	0	0	14	0	0	8	9	168	
Venezuela	245	21	0	2,837	2,742	256	136	21	40	924	868	986	3,524	
Viet Nam	592	768	753	972	1,525	1,897	1,025	1,173	7,971	14,475	9,929	9,306	7,183	
Yemen	75	57	13	6	2	7	46	4,907	478	442	418	2,010	961	
Zambia	7	40	23	26	0	0	0	72	30	103	24	107	258	
Zimbabwe	24	84	89	28	0	1	0	24	11	64	43	288	185	
