List of importing markets for a product exported by Belgium Product: TOTAL All products
"Importers"	"Exported value in 2001"	"Exported value in 2002"	"Exported value in 2003"	"Exported value in 2004"	"Exported value in 2005"	"Exported value in 2006"	"Exported value in 2007"	"Exported value in 2008"	"Exported value in 2009"	"Exported value in 2010"	"Exported value in 2011"	"Exported value in 2012"	"Exported value in 2013"	
World	190,309,495	215,803,005	255,553,661	307,690,420	335,691,778	366,835,492	431,743,843	471,797,820	370,879,194	407,595,914	475,957,504	446,854,421	511,492,495	
Afghanistan	7,202	6,205	6,403	8,237	17,499	14,336	19,102	14,499	22,924	37,261	23,533	33,007	50,909	
Africa not elsewhere specified	2,136	2,332	2,959	3,145	4,206	3,858	30,547	8,775	771	676	832	834	1,602	
Albania	6,733	8,995	11,982	17,891	13,586	16,846	17,595	18,596	18,751	23,232	25,961	20,313	26,683	
Algeria	377,446	414,665	504,538	721,775	690,765	714,182	1,061,972	1,338,638	1,355,967	1,467,801	1,397,205	1,379,939	1,540,771	
Andorra	5,526	5,294	5,572	5,496	5,009	8,425	7,756	9,177	11,966	9,949	11,043	8,595	11,895	
Angola	112,988	141,539	143,337	147,868	170,165	241,569	348,491	550,810	457,448	377,397	362,633	566,300	589,703	
Anguilla	195	141	174	734	2,599	4,169	99	162	122	113	60	26	129	
Antigua and Barbuda	833	415	571	512	571	510	3,692	1,872	1,193	612	538	1,592	58,397	
Area Nes	0	0	0	0	0	0	0	0	0	231,945	0	0	1,873	
Argentina	224,082	106,030	157,354	197,023	231,702	362,952	549,189	477,374	302,493	420,452	619,520	594,332	1,421,524	
Armenia	47,634	90,876	129,693	121,768	136,197	137,837	131,001	101,817	65,910	70,640	68,317	85,787	106,177	
Aruba	2,533	2,986	1,594	1,985	2,644	1,472	2,186	3,145	2,876	2,099	2,232	2,472	4,186	
Australia	793,036	1,122,509	1,248,823	1,405,554	1,509,187	1,439,790	1,715,796	1,870,310	1,730,314	2,162,432	2,395,365	2,340,047	2,624,861	
Austria	2,066,079	2,261,845	2,685,489	3,345,887	3,189,429	3,713,711	4,369,266	4,708,127	3,720,738	3,982,153	4,541,797	4,226,678	4,960,408	
Azerbaijan	13,695	10,497	36,402	55,309	36,509	31,432	48,203	68,327	48,570	64,809	77,780	82,702	96,665	
Bahamas	2,370	6,067	3,516	2,892	8,087	3,051	3,637	2,944	3,316	5,119	7,991	3,118	55,056	
Bahrain	44,296	43,789	62,208	94,225	66,138	81,990	85,866	97,105	75,552	87,440	130,508	78,074	84,847	
Bangladesh	42,913	51,394	43,853	53,378	57,403	56,909	59,639	78,055	83,458	129,343	163,893	171,850	131,176	
Barbados	2,796	3,822	4,466	4,642	3,896	5,308	5,548	5,220	3,943	5,033	4,856	3,888	4,500	
Belarus	64,127	55,395	65,694	85,517	118,464	138,694	185,767	250,941	193,315	267,717	330,891	338,570	409,518	
Belize	270	955	532	460	577	2,373	1,951	3,650	4,855	2,520	814	1,716	2,831	
Benin	37,409	48,556	66,499	58,280	66,117	84,505	139,780	155,869	210,850	130,922	392,660	259,964	261,562	
Bermuda	1,704	2,004	1,820	2,869	1,873	64,070	885	842	672	10,000	16,830	1,147	1,774	
Bhutan	701	614	213	562	205	278	414	241	323	1,297	727	770	3,097	
Bolivia	6,209	8,592	6,468	8,511	12,032	11,060	11,378	22,205	17,634	17,862	41,220	30,391	35,505	
Bosnia and Herzegovina	26,452	26,954	34,823	46,436	53,518	53,652	80,059	92,861	55,629	54,080	64,306	57,386	73,352	
Botswana	2,098	2,468	6,950	2,986	8,547	19,784	55,717	74,370	46,174	43,767	52,694	65,394	140,164	
Brazil	869,333	817,564	889,169	1,250,838	1,391,980	1,611,373	2,042,407	2,749,656	2,081,936	3,041,076	3,534,988	3,453,222	4,884,351	
British Indian Ocean Territories	16	142	17	8	13	5	133	171	0	17	0	0	0	
British Virgin Islands	659	1,306	366	2,505	2,441	4,730	1,124	3,943	9,309	5,294	6,191	3,060	4,950	
Brunei Darussalam	838	4,146	3,866	5,192	2,072	3,451	14,287	15,783	6,593	5,956	14,982	15,750	13,644	
Bulgaria	148,327	137,972	196,380	242,910	272,919	337,924	563,292	702,746	440,736	437,506	545,586	569,157	708,116	
Burkina Faso	18,508	20,120	36,416	33,536	30,258	38,835	46,974	45,966	51,423	65,451	86,694	83,002	104,957	
Burundi	15,218	14,846	14,935	18,343	25,875	27,792	30,707	33,947	36,181	34,307	44,107	41,113	46,310	
Cabo Verde	9,150	8,926	13,044	13,493	21,396	16,207	24,402	22,486	16,884	28,172	20,248	27,243	45,575	
Cambodia	10,106	17,072	18,499	20,475	22,879	25,930	37,281	45,474	25,052	33,820	39,441	46,738	41,248	
Cameroon	101,797	112,026	144,485	157,674	146,730	158,846	188,371	247,880	236,968	233,673	296,829	304,264	433,973	
Canada	797,478	1,429,292	1,654,097	1,846,236	2,343,125	2,726,243	2,949,934	3,098,162	2,791,555	2,697,714	2,587,067	2,561,386	3,302,538	
Cayman Islands	796	416	577	186	137	299	37,377	368	1,192	172	414	461	368	
Central African Republic	3,915	3,907	3,927	10,200	7,640	7,203	8,700	11,516	12,135	10,027	13,067	11,169	12,896	
Chad	9,348	11,932	10,449	17,747	29,872	23,487	18,889	24,911	32,389	38,782	38,983	32,511	72,337	
Chile	120,625	117,161	140,277	168,788	235,607	267,247	378,706	454,968	297,632	432,885	522,018	615,518	685,561	
China	1,514,472	1,897,933	2,572,157	2,938,227	3,365,504	3,681,597	4,577,034	5,050,398	6,081,559	7,165,866	10,202,472	9,813,982	10,457,524	
Christmas Islands	18	0	0	38	0	26	66	0	2	0	5	80	1	
Cocos (Keeling) Islands	3	0	0	0	0	0	90	106	0	1	1	4	40	
Colombia	97,604	112,462	104,458	114,983	147,630	157,630	218,225	278,641	217,737	314,491	428,750	451,303	540,406	
Comoros	3,718	2,998	3,701	3,453	4,957	3,866	3,411	4,207	4,887	6,275	4,606	6,218	3,995	
Congo	55,968	61,445	56,217	64,611	68,551	99,352	130,156	145,594	140,472	109,487	151,112	173,081	205,563	
Cook Islands	1	0	0	141	0	0	30	77	38	8	83	73	33	
Costa Rica	22,301	28,139	30,877	27,344	28,620	35,984	73,765	81,056	57,686	64,441	50,848	44,865	58,172	
Côte d'Ivoire	79,120	91,578	100,350	124,164	112,288	129,431	197,571	245,036	185,178	243,635	184,807	295,750	329,998	
Croatia	170,486	208,848	245,143	265,924	251,513	316,304	326,386	367,417	243,675	261,908	299,518	295,509	286,831	
Cuba	24,039	21,033	30,487	34,278	55,554	50,567	44,666	46,536	24,766	37,403	49,845	45,503	65,723	
Cyprus	90,841	89,317	95,408	155,937	133,061	219,757	256,722	297,157	273,508	282,182	327,664	281,280	282,561	
Czech Republic	960,042	1,165,739	1,435,064	1,765,899	2,122,649	2,648,487	3,613,135	4,407,689	3,320,762	3,424,509	3,958,762	3,491,255	3,916,885	
Democratic Republic of the Congo	111,067	120,249	142,704	187,152	237,692	230,907	283,498	394,184	326,385	357,164	440,137	449,953	489,162	
Denmark	1,549,335	1,627,031	2,044,456	2,449,540	2,670,026	2,974,561	3,650,763	4,093,886	2,997,190	3,000,875	3,419,357	3,159,742	3,541,719	
Djibouti	6,922	8,721	10,024	14,414	6,047	30,031	21,370	15,397	21,642	22,754	17,457	17,649	21,564	
Dominica	1,220	289	1,705	802	554	571	1,019	501	438	446	594	989	732	
Dominican Republic	42,579	39,423	67,321	35,640	41,176	46,943	62,335	76,179	52,410	64,330	56,918	54,455	61,737	
Ecuador	39,036	36,285	33,455	37,319	43,710	53,943	58,420	81,314	62,573	140,046	119,860	118,756	179,319	
Egypt	327,651	307,738	350,380	459,332	589,025	606,353	782,067	1,154,599	1,027,793	1,145,997	1,607,609	1,711,346	1,796,408	
El Salvador	13,122	13,481	15,121	15,240	23,347	17,567	19,329	30,407	30,649	24,021	40,409	35,768	33,387	
Equatorial Guinea	2,844	8,566	14,677	16,931	16,570	28,787	42,780	43,510	40,578	57,617	75,738	50,650	75,125	
Eritrea	6,317	7,688	7,088	4,004	6,757	5,229	3,969	3,309	3,585	8,402	7,739	19,714	7,121	
Estonia	75,018	95,410	124,363	159,019	201,286	258,425	325,783	375,283	267,318	250,821	373,798	431,888	456,372	
Ethiopia	25,973	18,617	24,747	26,700	48,368	64,251	124,065	88,603	67,663	74,692	179,677	268,055	234,366	
Europe Othr. Nes	0	0	0	0	0	0	0	0	0	0	0	0	452	
Falkland Islands (Malvinas)	13	31	106	0	293	139	320	0	467	561	1,852	3,012	255	
Faroe Islands	1,227	1,272	1,164	1,471	2,009	3,342	3,841	6,914	3,693	2,024	5,248	5,424	4,326	
Fiji	704	1,735	1,428	1,399	1,000	1,010	3,181	2,042	875	1,200	1,738	3,376	4,152	
Finland	1,055,628	1,116,061	1,407,433	1,761,773	1,891,785	2,349,399	2,811,545	3,398,224	2,266,399	2,664,129	2,957,965	2,635,439	2,817,441	
France	33,091,491	35,241,199	44,109,485	52,705,250	57,659,468	61,730,845	72,302,197	82,435,029	66,296,049	67,673,875	78,194,427	69,591,369	79,661,816	
French Polynesia	12,278	17,830	21,112	24,974	21,758	24,925	29,364	30,090	23,325	26,303	31,826	21,901	30,576	
French South Antarctic Territories	0	0	48	347	225	121	2,705	9,191	5,829	4,601	7,315	6,091	8,440	
Gabon	34,322	31,686	43,662	48,140	61,443	77,191	136,157	121,836	108,212	133,266	194,690	202,320	263,671	
Gambia	25,281	17,305	13,283	15,810	13,555	18,386	20,975	22,413	19,057	16,561	22,797	15,267	14,977	
Georgia	8,681	9,449	21,845	22,189	27,002	34,663	45,187	59,360	32,857	45,132	57,366	90,853	133,922	
Germany	34,503,388	40,235,874	49,759,677	60,634,652	64,547,771	72,001,083	83,981,562	93,191,911	71,617,425	75,642,492	86,287,756	77,807,529	86,563,905	
Ghana	45,908	61,105	82,275	107,158	121,830	291,037	319,137	286,887	257,065	295,545	378,246	369,964	725,407	
Gibraltar	23,599	6,705	6,224	22,393	2,665	51,666	134,899	78,425	506,919	403,352	462,945	1,080,396	3,264,262	
Greece	1,264,134	1,330,513	1,624,233	2,040,958	2,050,330	2,311,337	3,016,543	3,321,296	2,707,772	2,225,639	2,214,384	1,658,203	1,814,419	
Greenland	6,155	3,073	879	1,715	1,605	2,900	1,128	2,178	1,558	1,240	1,411	1,643	1,529	
Grenada	263	595	585	490	515	853	1,000	779	546	593	675	527	448	
Guatemala	25,267	36,825	45,320	49,524	50,499	50,230	46,367	32,845	25,351	32,869	56,674	48,740	63,001	
Guinea	55,177	59,098	59,872	58,148	71,473	90,415	91,100	100,805	92,980	70,354	103,945	138,163	149,367	
Guinea-Bissau	2,965	2,779	2,356	3,674	5,896	4,276	1,602	2,691	1,907	3,281	5,969	5,942	3,153	
Guyana	1,619	2,699	2,109	2,370	2,076	2,675	4,257	14,834	9,347	7,267	15,054	13,373	10,628	
Haiti	5,028	11,711	4,128	2,778	6,013	5,015	6,318	16,812	17,991	25,925	14,923	12,102	12,789	
Honduras	8,596	14,876	13,439	15,289	11,103	10,708	11,371	12,685	14,328	20,982	31,486	23,521	27,413	
Hong Kong, China	1,365,144	1,655,767	1,779,003	2,057,175	2,218,022	2,470,253	2,835,206	2,538,741	2,533,085	3,275,026	3,475,990	3,027,774	3,290,459	
Hungary	857,099	995,227	1,307,330	1,346,089	1,603,166	1,742,390	1,991,759	2,582,507	1,829,619	2,008,715	2,314,696	2,148,436	2,501,066	
Iceland	44,400	36,779	56,434	61,665	83,488	105,437	150,290	110,104	76,583	93,961	94,759	74,034	85,722	
India	2,702,439	3,856,367	4,357,001	5,330,689	6,459,814	5,816,785	7,395,916	7,358,570	6,314,033	8,989,374	11,123,143	10,211,783	11,557,552	
Indonesia	202,730	211,169	231,961	285,492	352,661	351,452	369,534	465,070	432,894	581,242	624,371	645,885	656,274	
Iran (Islamic Republic of)	255,665	321,588	487,845	618,834	577,562	552,502	545,151	708,532	593,615	750,007	748,400	401,361	344,072	
Iraq	88,363	108,948	56,674	92,616	67,990	73,861	63,062	74,656	129,194	99,213	131,326	220,251	311,612	
Ireland	1,487,747	1,683,551	1,702,085	2,302,370	3,568,341	2,956,679	3,014,065	2,883,299	2,006,224	2,271,836	2,437,204	1,895,354	2,488,962	
Israel	2,750,508	2,911,935	2,647,755	3,606,089	3,763,817	3,306,619	4,008,485	3,299,670	1,982,629	2,893,701	3,241,156	2,779,547	3,065,275	
Italy	10,994,864	11,716,086	13,670,860	16,114,580	17,605,170	18,888,761	22,322,758	22,090,430	17,522,873	18,640,355	21,121,991	19,197,073	22,753,404	
Jamaica	22,489	32,780	17,335	16,540	26,983	33,025	40,818	49,777	40,564	81,773	27,479	36,041	76,027	
Japan	1,968,007	2,101,479	2,496,562	3,377,726	3,435,679	3,213,229	3,365,005	3,106,903	3,098,617	4,046,361	4,712,724	4,898,751	5,066,373	
Jordan	104,990	113,821	133,111	124,250	154,119	163,564	154,530	273,162	216,662	207,350	269,632	238,390	281,816	
Kazakhstan	54,551	44,750	61,583	146,898	101,731	150,524	156,713	185,518	140,055	180,466	221,328	271,106	408,232	
Kenya	61,805	68,051	77,044	93,236	99,075	111,197	159,606	175,098	132,400	141,742	217,315	189,936	173,330	
Kiribati	4	1	12	9	55	16	31	2	0	28	0	96	72	
Korea, Democratic People's Republic of	7,134	9,438	12,265	17,562	10,795	12,903	2,606	4,993	4,783	2,001	632	13,767	247	
Korea, Republic of	616,194	715,733	707,423	1,003,667	1,141,659	1,084,390	1,385,900	1,762,990	1,367,213	1,528,172	2,019,001	2,154,254	1,938,704	
Kuwait	84,503	96,963	141,331	152,610	164,802	195,111	251,407	226,738	203,926	240,761	205,451	237,404	240,484	
Kyrgyzstan	2,566	3,199	3,301	4,522	7,566	9,362	15,477	18,948	17,462	21,689	20,440	24,874	26,210	
Lao People's Democratic Republic	2,752	2,509	3,512	10,634	11,286	6,485	9,300	13,261	27,568	18,561	31,128	34,067	31,311	
Latvia	85,583	95,327	102,349	119,373	162,038	207,184	312,892	294,850	175,437	213,299	298,785	333,545	411,071	
Lebanon	222,706	259,090	250,753	271,697	253,760	241,751	289,743	337,512	308,021	371,406	398,402	396,023	546,070	
Lesotho	35	104	379	519	480	211	559	1,492	1,456	1,427	2,201	2,476	1,327	
Liberia	8,750	4,348	10,905	12,944	10,551	10,363	11,944	17,657	15,305	73,639	25,058	19,169	21,272	
Libya	112,250	132,975	104,474	148,029	148,496	212,880	173,498	207,913	265,750	299,101	122,568	315,382	338,150	
Lithuania	148,599	171,057	207,443	238,246	307,173	430,913	672,864	771,308	536,463	796,416	1,107,698	1,041,904	1,272,749	
Luxembourg	3,739,452	3,888,792	4,770,295	6,028,952	6,729,253	6,873,240	7,440,186	8,879,969	6,394,405	7,143,399	8,567,956	7,744,563	8,634,232	
Macao, China	1,706	1,257	495	1,189	1,285	1,047	19,115	34,873	2,804	9,734	7,612	4,482	4,882	
Macedonia, The Former Yugoslav Republic of	13,037	17,674	19,638	19,761	25,118	40,090	35,365	47,996	32,874	30,456	44,849	78,202	62,633	
Madagascar	32,485	26,627	52,509	57,687	43,997	40,662	50,145	104,416	83,807	38,068	52,349	70,681	112,469	
Malawi	3,451	7,642	8,275	12,586	8,708	15,824	11,592	9,574	19,894	17,920	15,610	30,497	31,977	
Malaysia	255,872	265,774	304,498	340,673	332,189	350,107	476,470	544,418	470,623	581,681	597,739	612,452	874,369	
Maldives	1,307	1,290	1,042	1,360	1,560	2,146	1,667	2,170	2,273	2,205	3,073	2,376	3,740	
Mali	31,390	29,427	30,557	46,203	55,150	82,882	92,720	86,947	81,488	74,892	102,493	81,770	103,900	
Malta	61,228	63,978	82,042	94,600	138,953	95,171	120,667	140,252	100,730	136,106	158,083	140,519	198,894	
Marshall Islands	60	131	24	203	34	35	95	511,552	535	374	30,159	225	561	
Mauritania	49,967	59,044	48,891	49,868	55,417	90,882	98,036	118,143	89,814	131,556	135,760	168,566	186,780	
Mauritius	29,614	35,967	33,266	51,005	56,007	61,625	54,153	58,943	56,009	76,346	88,505	87,170	118,113	
Mayotte	1,541	2,789	2,567	2,961	3,410	4,833	7,681	10,428	6,973	8,526	8,223	6,988	15,146	
Mexico	641,176	792,424	709,184	802,881	872,712	890,987	1,021,919	1,252,245	985,281	1,155,852	1,361,099	1,478,468	1,538,951	
Micronesia (Federated States of)	16	1	173	0	0	15	0	0	87	2	0	4	22	
Mongolia	3,183	3,478	6,751	3,450	6,357	2,607	7,185	16,780	9,091	10,331	49,345	28,910	28,226	
Montenegro	0	0	0	0	0	2,954	7,834	10,953	10,036	7,248	9,088	12,095	12,047	
Montserrat	1	153	56	3	0	17	82	53	19,896	5	11	8	4	
Morocco	222,184	290,834	345,202	408,393	480,078	700,807	739,322	785,635	730,697	824,264	989,940	1,062,379	1,146,974	
Mozambique	5,610	7,071	9,916	9,261	14,097	11,809	12,160	15,996	18,368	46,309	31,948	71,347	81,633	
Myanmar	7,215	6,056	3,267	2,478	5,139	9,592	5,539	9,910	7,273	8,914	21,562	8,644	34,798	
Namibia	8,350	2,976	10,362	7,031	13,805	28,372	23,948	23,066	19,837	23,969	26,882	31,816	22,007	
Nauru	152	27	45	1	6	0	162	62	4	9	4	6	3	
Nepal	7,354	7,835	17,025	12,438	14,049	13,148	8,539	15,601	5,237	7,008	4,760	6,174	9,189	
Netherland Antilles	17,842	16,845	11,322	14,779	19,997	24,945	23,160	22,846	22,614	17,744	28,652	26,537	15,316	
Netherlands	23,189,399	25,193,205	29,926,013	36,043,766	39,244,446	43,771,876	51,317,154	57,559,868	44,009,878	48,491,298	58,021,949	55,960,956	62,625,460	
New Caledonia	9,505	12,200	19,127	20,100	26,519	56,898	39,559	37,459	34,238	37,058	36,237	51,813	37,257	
New Zealand	136,956	167,318	196,923	211,006	201,048	182,686	207,862	225,858	170,869	241,987	270,816	239,003	298,183	
Nicaragua	3,835	9,173	14,840	15,197	8,431	11,815	33,654	14,170	16,206	9,742	11,961	10,086	14,654	
Niger	23,364	20,585	17,386	24,294	35,148	37,133	87,378	64,452	46,334	61,596	101,672	56,521	101,345	
Nigeria	246,177	244,970	253,840	233,321	273,069	519,688	858,116	1,224,370	1,157,179	903,392	1,994,945	1,910,590	2,866,545	
Niue	0	0	0	0	1,217	0	73	416	0	0	0	0	0	
Norfolk Island	0	3	0	0	0	21	40	6	651	0	184	2	6	
Northern Mariana Islands	0	55	0	2,361	0	11	43	377	1	0	0	6	0	
Norway	658,179	758,644	885,824	1,193,652	1,391,618	1,605,362	1,836,011	2,191,368	1,859,089	2,012,585	2,617,278	2,208,178	2,704,756	
Oman	64,950	60,878	68,757	88,761	73,732	122,738	126,928	168,376	194,256	144,004	188,415	370,227	269,480	
Pakistan	118,249	159,262	194,729	210,373	340,980	287,748	301,609	335,064	326,749	379,776	371,778	386,123	504,517	
Palau	19	6	0	1	0	121	60	29	2	0	16	13	10,530	
Palestine, State of	0	1,999	542	513	477	881	933	2,924	1,267	3,073	4,007	5,284	3,057	
Panama	51,516	93,320	74,252	157,563	115,360	71,984	92,232	116,618	133,321	89,561	131,899	230,370	156,215	
Papua New Guinea	546	689	725	1,728	1,501	1,110	1,730	1,884	1,800	3,649	20,639	15,943	9,326	
Paraguay	5,838	2,090	3,248	4,461	6,686	6,672	9,949	15,159	12,199	29,246	36,718	30,209	35,557	
Peru	57,733	53,147	53,129	64,687	78,507	84,181	124,048	190,086	131,860	206,708	277,883	276,755	383,329	
Philippines	142,714	153,882	177,933	192,388	225,184	246,557	258,948	293,539	234,461	299,404	375,105	344,780	386,204	
Pitcairn	3	0	149	0	0	0	44	18	14	44	1	180	330	
Poland	1,595,877	1,840,205	2,252,873	3,130,825	3,744,507	4,621,900	6,145,070	7,588,709	5,758,174	6,560,636	7,638,483	6,987,886	8,291,765	
Portugal	1,447,887	1,427,448	1,617,570	1,930,370	2,115,242	2,178,652	2,670,049	2,922,944	2,358,886	2,369,110	2,358,816	2,099,255	2,373,019	
Qatar	32,271	53,797	53,742	65,274	139,527	244,439	357,157	473,575	473,296	267,382	226,235	219,203	227,805	
Republic of Moldova	15,645	17,762	24,302	30,756	39,413	44,133	45,020	42,989	32,754	37,639	52,594	42,101	51,062	
Romania	327,046	359,375	467,433	616,737	763,266	996,873	1,378,097	1,614,399	1,040,555	1,172,764	1,431,977	1,396,364	1,732,188	
Russian Federation	1,083,892	1,188,791	1,478,529	2,053,642	2,545,972	3,537,309	4,520,482	5,345,726	3,150,756	4,584,415	6,522,521	6,959,081	7,482,061	
Rwanda	20,528	23,045	21,976	30,249	28,958	29,754	41,562	55,834	49,647	36,451	43,395	56,907	64,533	
Saint Helena	16	19	0	0	0	75	36	6	1	0	0	0	319	
Saint Kitts and Nevis	802	121	150	237	751	218	293	573	317	432	343	413	192	
Saint Lucia	933	832	1,827	1,171	12,619	2,450	3,519	1,898	1,472	1,515	1,801	1,529	1,884	
Saint Vincent and the Grenadines	2,118	721	783	1,924	2,767	412	5,908	954	154	152	181	133	182	
Samoa	63	125	596	368	200	94	241	763	378	1,414	1,227	1,080	308	
Sao Tome and Principe	2,339	3,343	3,044	2,433	3,187	3,762	2,842	9,045	2,874	3,402	3,273	3,017	3,171	
Saudi Arabia	507,165	650,276	759,462	860,107	943,022	1,138,427	1,268,255	1,611,186	1,319,137	1,358,714	2,141,053	1,954,173	2,452,847	
Senegal	70,070	122,144	116,585	128,908	122,634	127,494	206,455	265,702	151,476	188,306	241,314	508,905	596,481	
Serbia	0	0	0	0	0	192,224	249,194	282,216	191,202	216,685	266,004	259,899	319,854	
Serbia and Montenegro	61,893	89,562	122,501	167,772	171,359	0	0	0	0	0	0	0	0	
Seychelles	4,797	4,685	4,402	3,583	3,867	3,547	6,310	8,954	6,416	7,703	9,183	7,725	11,565	
Ship stores and bunkers	978,452	1,157,718	1,561,992	1,626,532	2,415,717	3,113,915	3,942,778	5,095,088	2,902,049	4,543,481	5,931,137	5,483,573	6,707,917	
Sierra Leone	14,630	12,611	15,863	15,626	10,186	15,992	15,685	49,480	16,780	26,250	36,079	71,220	85,149	
Singapore	428,270	462,825	491,518	548,901	614,696	659,086	742,517	955,777	1,020,636	1,013,400	1,439,983	1,624,577	1,746,064	
Slovakia	265,629	326,389	443,904	626,254	669,567	831,600	1,131,266	1,264,374	805,433	1,011,857	1,176,263	1,179,045	1,338,456	
Slovenia	179,891	206,426	287,741	353,127	445,343	515,031	684,310	778,291	558,532	593,960	689,120	619,612	735,548	
Solomon Islands	85	22	141	159	240	317	164	320	8	952	171	961	3,891	
Somalia	1,016	112	148	79	460	1,173	1,243	4,975	641	655	7,127	3,863	1,457	
South Africa	591,999	602,427	704,330	993,127	1,204,370	1,364,277	1,530,095	1,807,734	1,321,973	1,675,699	2,279,028	2,241,499	2,149,032	
Spain	7,347,335	7,821,602	10,113,527	11,960,269	12,473,667	13,421,874	15,625,695	15,436,110	12,082,045	12,135,180	12,577,971	10,232,084	12,097,626	
Special categories	216,543	71,023	61,763	74,619	96,261	87,329	116,425	315,632	289,128	214,842	181,156	280,374	392,873	
Sri Lanka	158,613	180,697	204,086	242,576	274,972	294,398	326,347	345,259	323,170	313,456	402,711	360,204	245,865	
St. Pierre and Miquelon	110	158	122	334	1,793	195	305	211	165	1,135	904	967	1,725	
Sudan (North + South)	24,905	19,968	33,110	62,258	123,011	147,917	60,048	65,431	49,614	71,836	80,975	70,146	73,759	
Suriname	10,390	10,119	14,494	16,686	21,563	13,209	17,210	22,065	23,374	24,317	29,548	27,862	42,431	
Swaziland	850	361	255	192	1,356	660	1,041	1,467	1,376	18,212	1,648	2,658	922	
Sweden	2,650,552	2,964,370	3,568,136	4,181,878	4,639,602	5,322,995	6,421,693	6,671,331	4,947,470	5,844,014	6,748,854	6,233,503	7,105,845	
Switzerland	2,769,759	2,723,241	3,006,408	3,329,763	3,861,662	5,222,270	7,631,155	6,684,058	4,383,647	5,216,790	7,438,879	7,035,204	7,106,563	
Syrian Arab Republic	159,410	174,835	205,460	262,185	240,859	265,996	200,490	290,170	238,473	288,077	274,354	122,423	72,630	
Taipei, Chinese	556,936	508,541	442,515	599,083	582,741	612,564	587,115	610,374	708,135	870,304	1,171,117	1,030,240	1,014,246	
Tajikistan	2,524	2,945	1,821	1,707	987	1,780	2,805	2,656	2,086	3,903	3,079	3,985	6,880	
Tanzania, United Republic of	22,412	26,521	30,355	40,053	43,992	69,663	73,823	65,708	55,301	56,595	103,249	101,087	106,802	
Thailand	583,723	612,347	747,306	792,655	738,842	852,443	896,912	952,825	709,392	1,065,149	1,368,573	1,231,591	1,466,887	
Timor-Leste	238	94	313	540	42	996	634	1,061	635	142	191	428	1,813	
Togo	29,265	32,319	50,482	46,749	42,220	137,151	81,622	58,138	53,194	52,684	270,725	577,623	2,071,363	
Tokelau	0	0	0	11	83	1	35	3,879	108	3,852	294	15	4	
Tonga	0	2	579	148	26	17	195	23	13	159	587	0	6	
Trinidad and Tobago	13,732	10,842	20,787	28,856	19,512	19,047	27,277	85,947	25,078	17,050	23,724	25,235	29,466	
Tunisia	398,014	366,212	406,036	470,902	483,856	477,174	558,642	603,974	493,447	549,065	533,536	524,885	544,928	
Turkey	1,136,157	1,552,926	2,187,040	3,073,039	3,312,413	3,780,374	4,416,988	5,132,381	4,133,954	5,512,625	6,554,982	5,844,212	6,741,486	
Turkmenistan	7,890	5,017	8,104	19,553	14,675	11,409	16,611	38,020	24,022	19,352	31,173	30,448	17,866	
Turks and Caicos Islands	109	34	117	1,986	2,435	283	172	351	229	241	50	45	73	
Tuvalu	147	120	111	0	3	0	145	18	3	0	0	13	1	
Uganda	18,299	21,970	20,505	43,789	52,986	35,946	47,594	63,858	55,759	29,104	49,444	75,488	67,187	
Ukraine	239,629	290,898	362,335	458,766	474,089	628,996	790,541	972,711	540,483	679,076	884,025	1,128,686	1,118,014	
United Arab Emirates	783,339	922,308	902,870	1,194,067	1,509,732	1,808,985	2,330,246	2,764,740	2,035,841	2,173,177	3,154,216	3,094,615	4,634,380	
United Kingdom	19,140,928	20,749,902	23,246,735	26,613,118	27,392,316	28,861,548	32,639,369	34,012,020	26,466,014	28,500,928	33,115,127	31,604,051	38,850,478	
United States Minor Outlying Islands	1,404	942	626	889	959	689	1,073	1,660	1,928	15,327	3,427	3,358	1,406	
United States of America	10,567,856	16,765,833	17,143,117	19,998,173	21,907,320	22,735,062	24,869,431	23,029,794	19,954,538	23,371,397	24,157,853	26,457,181	26,269,104	
Uruguay	26,327	12,528	18,663	23,109	19,906	21,083	39,093	52,598	51,157	77,474	97,908	116,207	148,902	
Uzbekistan	10,880	12,903	15,236	13,684	14,349	17,606	33,844	26,650	28,503	28,547	43,407	33,349	63,898	
Vanuatu	194	51	28	99	12	94	193	248	160	213	158	122	356	
Venezuela	182,717	155,718	91,243	190,357	201,186	224,132	281,463	425,330	284,824	273,027	343,275	469,042	410,512	
Viet Nam	91,977	99,889	109,579	120,631	162,439	175,856	248,715	243,703	258,872	270,282	324,532	358,108	558,809	
Wallis and Futuna Islands	210	141	512	185	112	120	153	225	286	158	428	185	463	
Yemen	21,786	20,912	22,483	33,294	56,022	52,187	95,899	49,315	57,722	61,490	130,664	281,525	557,681	
Zambia	6,904	9,147	5,123	6,039	16,609	18,401	22,536	29,061	16,009	20,091	26,274	33,982	64,564	
Zimbabwe	10,069	9,050	9,713	10,359	6,707	7,640	12,994	10,495	11,839	23,927	9,815	8,159	19,387	
