List of importing markets for a product exported by Pakistan Product: TOTAL All products
"Importers"	"Exported value in 2003"	"Exported value in 2004"	"Exported value in 2005"	"Exported value in 2006"	"Exported value in 2007"	"Exported value in 2008"	"Exported value in 2009"	"Exported value in 2010"	"Exported value in 2011"	"Exported value in 2012"	"Exported value in 2013"	
World	11,930,076	13,379,015	16,050,201	16,932,873	17,838,407	20,279,046	17,554,698	21,413,103	25,343,769	24,613,676	25,120,883	
Afghanistan	408,203	464,572	1,064,748	991,503	837,678	1,447,620	1,373,863	1,684,666	2,660,295	2,099,282	1,998,110	
Albania	273	142	237	290	27	208	554	1,365	2,030	1,995	2,806	
Algeria	8,186	8,592	12,664	16,287	26,782	22,302	24,490	37,382	27,512	39,382	35,768	
America not elsewhere specified	3,593	0	2,476	1,923	19	0	0	0	0	0	0	
Andorra	0	0	0	7	24	0	0	1	3	0	0	
Angola	7,971	9,354	10,162	5,332	6,113	14,745	10,165	13,315	16,334	24,761	34,273	
Anguilla	0	2	3	0	0	0	71	0	3	3	0	
Antigua and Barbuda	0	42	0	2	5	45	6	39	10	6	10	
Area Nes	0	495	0	0	0	0	0	0	0	0	0	
Argentina	13,958	27,319	35,032	40,282	46,883	51,183	30,690	51,784	56,316	45,878	56,826	
Armenia	108	256	411	225	33	514	301	382	267	155	112	
Aruba	28	82	20	102	43	2	122	26	142	35	4	
Australia	115,433	125,312	120,348	124,859	124,991	141,156	118,294	148,162	166,560	177,387	261,579	
Austria	26,047	26,278	30,660	33,729	29,876	17,289	15,771	17,584	19,047	15,985	21,577	
Azerbaijan	1,089	1,963	2,320	3,935	7,489	8,464	5,476	3,942	14,789	15,413	49,694	
Bahamas	1,896	2,134	1,371	1,948	32	225	48	33	20	125	30	
Bahrain	39,429	44,123	41,672	46,437	70,431	80,278	65,693	74,257	77,407	68,331	94,168	
Bangladesh	166,235	197,656	234,411	266,835	279,252	422,337	367,379	636,809	947,228	696,009	718,382	
Barbados	153	81	51	103	240	318	392	352	377	315	513	
Belarus	827	437	508	1,087	909	245	227	278	725	479	569	
Belgium	255,352	272,842	342,052	340,864	361,034	428,316	396,464	518,872	657,628	494,860	571,934	
Belize	146	429	40	274	369	89	37	24	32	64	126	
Benin	3,976	2,693	32,098	30,802	41,259	55,361	78,590	75,286	56,806	41,954	83,147	
Bermuda	7	20	127	41	89	121	148	136	100	103	47	
Bhutan	285	173	242	51	30	19	0	0	0	1	0	
Bolivia	287	260	258	680	339	427	250	375	471	452	690	
Bosnia and Herzegovina	152	724	949	435	260	262	165	140	366	31	72	
Botswana	404	510	1,234	3,860	1,254	301	2,329	1,352	1,747	1,827	3,578	
Brazil	4,536	6,440	11,683	31,397	50,439	78,477	36,691	70,077	88,814	83,372	86,895	
British Antarctic Territories	0	130	0	0	0	0	0	0	0	0	0	
British Indian Ocean Territories	0	0	0	14	0	0	0	0	0	1	0	
British Virgin Islands	0	0	6	42	0	66	72	6	23	3	2	
Brunei Darussalam	4,659	663	1,815	1,783	385	288	403	390	779	506	404	
Bulgaria	2,390	2,306	6,933	4,199	7,579	15,268	11,875	10,155	16,168	13,445	12,667	
Burkina Faso	121	101	26	0	8	19	597	282	57	56	100	
Burundi	80	361	441	568	59	15	5	10	76	40	88	
Cabo Verde	0	2	0	210	0	42	2	391	130	86	90	
Cambodia	6,007	11,856	13,164	19,255	21,853	25,045	23,279	23,107	22,618	40,941	48,001	
Cameroon	4,299	8,237	46,633	15,107	10,395	37,033	29,000	30,190	34,548	20,761	24,139	
Canada	199,796	177,696	211,706	211,630	195,119	188,497	174,864	227,880	213,468	222,312	233,910	
Cayman Islands	0	25	98	15	16	33	48	22	15	7	40	
Central African Republic	57	76	381	318	35	144	8	33	4	0	0	
Chad	329	2,711	526	1,286	2,117	44	379	17	82	99	139	
Chile	37,161	46,711	51,121	64,872	69,277	75,200	49,372	78,270	75,844	84,020	86,150	
China	259,637	300,581	435,682	506,642	613,759	726,711	997,854	1,435,944	1,678,959	2,619,944	2,652,223	
Christmas Islands	26	0	5,531	5	0	0	0	3	0	0	0	
Cocos (Keeling) Islands	0	0	15	0	0	0	0	0	0	0	0	
Colombia	6,207	10,686	18,545	30,451	36,863	32,932	24,709	41,172	54,530	58,579	50,462	
Comoros	1,455	4,973	6,667	9,332	6,627	12,737	23,723	21,814	24,182	29,856	25,624	
Congo	3,689	9,861	10,846	6,529	2,578	5,310	1,944	4,799	2,439	1,938	1,213	
Cook Islands	0	0	0	0	0	0	22	20	61	8	7	
Costa Rica	817	837	2,957	10,118	16,587	9,061	1,456	2,190	1,787	2,800	3,019	
Côte d'Ivoire	452	8,454	42,817	69,649	34,799	77,044	41,663	61,512	33,801	23,723	49,183	
Croatia	2,722	3,291	6,937	7,708	11,617	16,269	7,459	8,331	9,883	7,493	8,467	
Cuba	532	998	495	428	1,108	1,993	922	1,063	1,914	4,015	5,917	
Cyprus	8,505	6,965	7,565	8,277	11,123	8,301	4,921	4,889	5,604	4,322	3,180	
Czech Republic	9,232	9,816	11,115	17,596	18,724	21,470	15,268	18,799	26,272	23,800	31,089	
Democratic Republic of the Congo	128	220	1,689	1,243	4,382	4,290	6,631	3,664	9,016	3,307	15,312	
Denmark	41,866	47,701	50,829	61,424	66,769	85,389	70,214	74,272	93,546	90,163	99,389	
Djibouti	4,578	2,215	3,710	5,096	31,322	78,277	91,897	41,601	58,120	34,855	44,785	
Dominica	40	214	186	5	73	7	9	38	75	0	1	
Dominican Republic	1,700	3,990	5,609	6,356	11,406	21,983	16,800	19,938	12,989	11,688	8,436	
Ecuador	1,061	1,715	4,188	4,103	3,594	8,699	6,230	31,293	8,756	9,124	8,273	
Egypt	41,079	48,232	52,084	72,504	80,997	98,590	100,296	102,387	180,358	219,518	155,650	
El Salvador	3,217	5,349	8,528	15,327	19,311	15,486	1,201	2,410	2,950	3,292	1,304	
Equatorial Guinea	466	724	940	1,365	2,716	5,421	1,530	478	515	302	1,695	
Eritrea	341	770	157	189	829	557	394	1,790	240	669	383	
Estonia	9,450	9,756	15,294	14,597	17,940	29,412	12,338	15,400	17,238	28,819	27,814	
Ethiopia	2,352	3,537	3,311	4,644	1,663	1,060	1,867	1,520	6,553	3,093	1,239	
Europe Othr. Nes	0	0	46	202	113	373	0	0	0	184	0	
European Union Nes	0	86	0	0	0	0	0	0	0	0	0	
Falkland Islands (Malvinas)	879	139	141	235	58	2	0	0	4	0	0	
Faroe Islands	82	0	10	74	0	71	0	0	0	5	1	
Fiji	1,142	1,199	921	538	989	2,423	1,265	2,616	2,247	2,431	2,120	
Finland	21,412	24,530	39,483	41,934	51,026	55,193	35,599	51,840	71,630	71,227	75,315	
France	315,137	378,755	363,253	348,968	362,418	367,651	314,033	357,602	405,028	331,512	405,320	
French Polynesia	0	26	9	0	528	65	96	74	69	124	77	
French South Antarctic Territories	0	0	0	0	21	0	0	0	0	0	0	
Gabon	208	444	137	440	253	708	977	1,621	1,675	2,277	2,929	
Gambia	2,553	5,393	8,347	3,795	3,779	20,650	9,469	10,970	9,867	12,555	16,802	
Georgia	145	881	541	908	2,165	2,567	1,803	4,200	6,518	7,339	7,139	
Germany	608,147	665,096	724,412	697,539	725,954	879,997	719,250	981,216	1,312,204	988,518	1,080,984	
Ghana	5,072	3,871	27,018	7,683	9,712	17,764	7,756	13,283	26,537	18,857	10,237	
Gibraltar	122	341	139	557	153	38	0	27	1	13	6	
Greece	76,035	98,968	93,726	85,091	96,418	94,848	69,240	62,488	57,685	49,484	59,952	
Greenland	181	13	218	210	2	19	0	11	0	0	2	
Grenada	0	16	311	225	163	593	473	313	444	325	183	
Guatemala	3,554	7,459	10,212	18,014	9,056	19,270	22,441	21,615	17,806	11,667	8,725	
Guinea	310	9,041	11,667	29,062	14,043	36,646	30,952	43,643	46,207	18,218	35,667	
Guinea-Bissau	372	3,029	6,659	757	487	4,915	1,628	14,206	9,285	9,759	4,863	
Guyana	574	611	852	575	454	980	367	524	858	460	589	
Haiti	4,142	3,774	2,538	4,758	3,310	3,137	3,874	10,652	4,286	1,462	3,700	
Honduras	8,320	10,607	10,072	12,220	10,816	15,147	9,066	14,699	3,984	4,842	2,755	
Hong Kong, China	546,811	589,937	598,917	678,725	608,054	461,183	355,256	495,233	420,726	416,221	408,462	
Hungary	18,385	17,799	18,160	29,476	20,567	19,084	13,862	14,486	15,457	13,420	11,529	
Iceland	731	740	984	879	474	269	252	262	271	271	176	
India	83,546	158,498	337,218	326,704	291,696	354,637	235,323	274,983	272,864	347,994	402,747	
Indonesia	47,395	57,219	68,167	61,929	66,458	63,048	67,073	73,853	188,527	236,323	144,380	
Iran (Islamic Republic of)	82,122	102,779	178,425	178,782	146,236	426,150	252,160	182,188	153,272	141,954	62,635	
Iraq	3,609	4,411	17,521	38,456	40,037	31,952	89,745	128,026	61,110	42,197	26,164	
Ireland	26,538	34,269	41,378	40,886	37,638	43,651	45,663	44,755	47,157	52,820	47,999	
Italy	401,922	532,517	582,502	621,631	682,608	702,325	555,437	642,244	777,468	521,398	641,873	
Jamaica	763	567	729	3,299	1,487	7,587	1,271	1,536	1,481	1,769	1,635	
Japan	139,142	160,621	143,352	133,840	124,397	155,653	98,323	123,382	206,430	191,281	184,316	
Jordan	24,591	21,195	25,625	23,472	24,991	27,620	31,750	36,061	37,813	51,623	58,873	
Kazakhstan	10,037	8,747	9,968	8,517	6,287	6,061	4,217	5,921	5,770	4,240	5,416	
Kenya	85,482	59,582	66,448	75,029	96,920	118,402	150,851	129,193	267,176	209,877	258,381	
Kiribati	2	0	0	10	6	0	0	7	0	0	0	
Korea, Democratic People's Republic of	1,415	6,405	4,325	1,075	645	1,277	467	63	55	58	87	
Korea, Republic of	206,023	182,393	200,112	177,477	182,045	207,706	237,909	279,378	401,848	332,446	397,266	
Kuwait	76,916	75,920	77,447	76,037	94,862	132,715	87,094	93,194	90,619	82,641	96,202	
Kyrgyzstan	2,776	5,325	2,085	1,029	1,225	1,406	1,181	1,245	922	780	771	
Lao People's Democratic Republic	73	125	45	184	232	97	171	80	253	470	764	
Latvia	3,340	1,427	2,755	3,720	7,668	6,215	3,898	7,355	10,709	16,290	21,294	
Lebanon	10,643	14,859	21,314	12,362	13,302	19,374	16,827	16,943	17,071	19,467	31,174	
Lesotho	245	528	5,834	4,419	2,992	3,124	2,139	5,750	4,618	7,579	10,391	
Liberia	1,480	5,437	1,895	638	296	1,335	4,384	2,625	12,734	6,234	2,614	
Libya	2,668	2,410	3,411	4,383	5,324	5,379	10,603	8,000	2,782	14,784	13,001	
Lithuania	6,247	19,090	18,464	27,209	29,854	41,713	18,706	32,955	34,903	39,705	51,854	
Luxembourg	572	1,259	711	1,604	107	103	197	18,154	134	203	195	
Macao, China	582	396	443	289	228	196	35	63	103	161	115	
Macedonia, The Former Yugoslav Republic of	0	42	0	0	0	0	0	0	0	0	11	
Madagascar	19,375	16,499	28,144	23,997	68,301	37,742	35,997	58,626	84,813	68,904	112,267	
Malawi	1,521	951	1,760	1,783	1,918	1,256	1,365	1,939	1,973	1,868	1,956	
Malaysia	93,960	65,814	66,614	60,971	81,334	138,068	158,256	145,585	243,054	233,479	204,464	
Maldives	2,573	1,948	2,932	2,987	4,014	6,359	3,572	3,954	5,477	5,719	8,450	
Mali	1,070	95	70	140	31	73	25	102	60	80	38	
Malta	3,229	3,183	2,018	2,874	1,969	1,745	1,618	1,436	2,441	2,604	4,525	
Marshall Islands	0	0	40	100	8	0	0	0	1	0	0	
Mauritania	3,145	2,001	3,691	3,031	1,027	1,490	2,238	2,534	7,198	20,580	33,526	
Mauritius	33,564	35,496	34,118	34,416	35,543	40,163	26,505	34,165	33,986	23,587	28,292	
Mayotte	0	0	0	0	0	34	0	105	22	95	99	
Mexico	54,331	55,562	56,526	64,761	66,508	80,026	64,692	85,556	110,572	111,957	122,456	
Micronesia (Federated States of)	0	0	0	5	33	6	1	6	12	0	7	
Mongolia	72	132	97	57	3	915	21	78	183	115	280	
Montenegro	0	0	0	0	0	0	0	0	0	0	0	
Montserrat	0	102	0	2	1	0	6	0	6	0	0	
Morocco	15,629	15,383	13,540	11,027	11,784	127,366	11,252	14,448	32,554	20,605	18,738	
Mozambique	12,991	18,780	43,357	46,702	43,457	49,198	57,979	94,056	79,962	74,332	117,858	
Myanmar	5,343	2,447	2,249	2,021	4,976	6,274	8,187	10,844	9,309	13,481	12,838	
Namibia	145	90	196	445	1,113	994	1,492	937	1,137	977	1,279	
Nauru	34	117	356	272	69	0	0	0	0	0	10	
Nepal	4,806	3,037	3,605	2,425	806	751	1,032	721	1,275	1,284	613	
Netherland Antilles	0	101	506	4,753	318	120	38	0	0	23	0	
Netherlands	316,857	367,698	378,297	433,856	452,951	560,132	393,364	408,084	535,413	449,170	627,521	
New Caledonia	157	177	143	176	104	67	136	30	50	58	78	
New Zealand	31,025	36,695	40,036	35,269	33,131	32,946	28,737	33,695	39,017	38,355	38,831	
Nicaragua	10,232	9,155	10,336	18,397	15,249	13,483	17,500	20,151	17,214	18,631	20,886	
Niger	6,619	11,747	23,771	19,799	9,046	487	1,344	1,712	421	323	724	
Nigeria	88,983	304,148	51,291	33,884	19,445	26,447	36,918	29,768	29,447	35,453	43,639	
Niue	0	2	281	7	0	3	0	6	0	0	162	
Norfolk Island	0	160	435	10	141	28	0	0	0	0	7	
Northern Mariana Islands	0	0	80	0	0	0	0	0	0	0	0	
Norway	26,673	28,728	62,032	46,872	62,945	66,478	43,213	49,279	59,223	43,728	51,043	
Oman	41,893	55,988	51,525	55,119	96,202	292,608	149,009	140,701	184,672	148,056	188,796	
Pakistan	0	0	0	0	0	0	0	0	0	0	0	
Palau	147	106	52	122	20	21	0	0	0	10	0	
Palestine, State of	0	0	847	0	0	0	0	0	0	0	0	
Panama	11,250	11,884	14,308	12,970	11,715	12,023	7,738	10,215	12,000	14,209	10,425	
Papua New Guinea	214	140	133	135	392	367	101	272	170	1,187	342	
Paraguay	1,386	2,134	4,081	2,885	6,015	7,627	5,890	9,593	8,130	3,943	3,890	
Peru	4,721	3,390	5,580	7,640	11,664	15,948	11,880	18,559	29,173	29,280	27,365	
Philippines	23,146	29,179	36,791	54,982	56,909	114,768	62,169	168,203	97,845	91,456	91,814	
Pitcairn	0	0	36	42	0	0	0	0	0	0	13	
Poland	24,617	35,862	40,138	53,385	53,340	55,138	39,732	58,845	76,652	74,158	102,008	
Portugal	83,968	102,935	104,389	149,538	168,762	146,212	123,611	126,498	152,419	109,430	155,112	
Qatar	34,363	37,476	40,345	47,500	94,184	188,874	151,931	110,765	115,372	79,220	78,764	
Republic of Moldova	254	242	118	27	72	84	149	261	151	393	157	
Romania	4,440	5,598	9,888	10,183	16,245	22,824	19,830	25,191	28,732	26,729	22,070	
Russian Federation	16,832	30,906	48,437	66,937	87,081	127,297	88,827	144,337	191,512	186,192	205,510	
Rwanda	711	812	976	1,238	232	178	69	325	193	348	225	
Saint Helena	0	102	0	73	225	0	0	0	0	0	0	
Saint Kitts and Nevis	0	84	3,056	2,664	1	5	3	10	3	0	5	
Saint Lucia	9	1,827	277	221	663	253	283	282	310	320	206	
Saint Vincent and the Grenadines	0	13	9	0	0	16	0	32	45	58	59	
Samoa	11	69	90	27	1	0	0	21	0	4	15	
Sao Tome and Principe	0	0	2	104	106	0	0	13	883	0	2	
Saudi Arabia	469,574	338,933	354,895	309,035	295,509	441,063	425,722	409,046	420,178	455,632	494,059	
Senegal	6,980	8,230	4,693	7,936	5,629	23,632	10,277	29,370	35,212	28,626	34,071	
Serbia	0	0	0	1,472	524	547	1,071	1,570	2,254	5,454	3,807	
Serbia and Montenegro	849	556	1,863	0	0	0	0	0	0	0	0	
Seychelles	534	202	364	1,201	907	1,878	3,068	2,308	1,695	2,675	2,353	
Sierra Leone	252	1,773	8,933	12,591	21,554	1,205	21,852	17,271	27,041	27,287	22,470	
Singapore	137,804	82,151	32,413	56,725	61,570	47,786	45,094	71,602	65,386	59,371	86,271	
Slovakia	1,438	1,392	1,481	2,764	2,382	2,961	2,683	8,313	17,088	9,699	3,501	
Slovenia	2,419	3,894	6,653	6,887	8,532	10,331	9,829	10,573	22,157	22,427	37,228	
Solomon Islands	0	36	4	0	43	0	31	0	34	11	9	
Somalia	4,373	3,772	2,986	4,552	3,512	22,203	65,544	61,013	79,613	65,308	63,255	
South Africa	114,737	151,540	221,684	294,361	275,992	280,938	191,063	254,570	284,551	271,271	289,177	
Spain	268,181	322,128	386,098	476,320	486,602	491,046	406,645	474,138	569,713	503,524	602,477	
Sri Lanka	83,529	134,715	153,662	177,595	208,573	216,720	216,963	283,870	347,722	300,904	316,382	
St. Pierre and Miquelon	0	0	1	113	0	0	21	0	246	0	3	
Sudan (North + South)	11,554	15,979	24,087	21,450	36,455	52,624	84,553	66,635	49,836	54,481	82,595	
Suriname	145	596	308	421	834	587	161	479	676	677	548	
Swaziland	701	572	840	1,976	452	795	1,056	587	182	224	118	
Sweden	62,916	79,781	84,723	93,320	96,249	102,108	76,650	106,387	104,590	97,444	113,687	
Switzerland	26,403	29,931	34,915	31,446	18,944	20,993	14,005	15,728	12,588	14,498	12,890	
Syrian Arab Republic	21,179	24,432	6,413	8,812	11,377	18,693	19,599	14,896	13,308	11,857	21,886	
Taipei, Chinese	58,607	68,562	51,236	69,668	72,801	76,588	99,798	160,453	173,666	86,815	175,910	
Tajikistan	236	341	1,519	472	240	274	975	688	623	3,104	10,287	
Tanzania, United Republic of	21,253	13,780	15,439	18,894	25,509	34,206	39,418	44,603	62,410	96,930	137,396	
Thailand	69,275	61,262	90,839	61,205	71,159	88,251	93,738	80,901	109,389	109,363	117,424	
Timor-Leste	247	315	251	571	0	0	0	0	13	0	4	
Togo	6,418	11,563	58,522	31,292	15,647	24,036	19,730	28,340	20,730	34,681	15,894	
Tokelau	0	8	136	219	0	3	0	0	0	0	0	
Tonga	623	1,042	1,335	2	121	42	1	0	0	19	7	
Trinidad and Tobago	408	1,340	1,017	1,663	5,355	5,368	4,528	3,401	3,269	4,076	4,463	
Tunisia	12,674	14,645	11,667	10,093	10,136	17,914	11,889	17,958	26,391	20,211	26,368	
Turkey	200,271	219,403	299,480	339,173	446,266	470,878	407,121	644,119	755,914	416,037	406,962	
Turkmenistan	1,622	945	984	763	1,408	630	588	1,506	1,075	1,326	2,420	
Turks and Caicos Islands	460	116	507	184	0	122	0	0	23	0	0	
Tuvalu	323	0	54	0	0	0	0	0	0	3	0	
Uganda	8,227	9,397	3,654	6,531	6,434	3,125	16,159	2,673	2,027	3,956	1,850	
Ukraine	7,447	14,134	30,992	26,675	33,121	48,198	26,956	66,524	85,179	78,920	81,152	
United Arab Emirates	1,121,667	1,057,730	1,256,776	1,241,818	2,114,709	2,009,811	1,538,588	1,834,906	1,920,961	2,872,869	1,775,143	
United Kingdom	842,309	968,988	907,496	935,871	967,379	1,000,423	942,610	1,113,869	1,258,789	1,247,437	1,431,956	
United States Minor Outlying Islands	5	59	50	19	936	773	44	6	48	127	48	
United States of America	2,751,521	3,122,121	3,979,485	4,343,424	3,853,467	3,653,923	3,220,948	3,674,481	3,839,158	3,668,507	3,746,252	
Uruguay	2,447	2,330	2,602	4,293	5,202	9,642	7,015	12,314	13,975	18,358	18,975	
Uzbekistan	3,296	3,058	2,265	2,090	2,731	2,546	2,113	2,733	3,513	3,983	3,460	
Vanuatu	0	0	67	0	0	0	0	3	0	0	53	
Venezuela	3,563	10,171	16,001	20,723	28,623	23,547	15,678	43,924	24,105	24,060	14,756	
Viet Nam	19,637	31,632	35,700	33,106	54,973	67,206	91,674	129,118	237,543	307,416	262,559	
Wallis and Futuna Islands	0	0	38	205	21	0	0	1	0	0	0	
Western Sahara	74	95	0	4	77	2	6	18	5	2	8	
Yemen	52,689	55,916	58,487	53,047	97,201	92,284	97,817	92,883	154,342	92,701	137,733	
Zambia	3,265	3,437	2,856	1,808	537	647	696	493	967	781	772	
Zimbabwe	2,183	3,553	2,860	1,232	2,578	1,289	3,465	4,631	5,272	4,971	5,881	
