List of importing markets for a product exported by Cambodia (Mirror) Product: TOTAL All products
"Importers"	"Exported value in 2001"	"Exported value in 2002"	"Exported value in 2003"	"Exported value in 2004"	"Exported value in 2005"	"Exported value in 2006"	"Exported value in 2007"	"Exported value in 2008"	"Exported value in 2009"	"Exported value in 2010"	"Exported value in 2011"	"Exported value in 2012"	"Exported value in 2013"	
Total	1,776,787	2,074,919	2,430,970	3,000,762	3,293,566	4,061,415	4,657,777	5,039,524	4,830,280	5,789,844	7,889,405	9,262,042	10,217,631	
Albania	0	23	0	2	4	2	14	10	16	11	58	101	126	
Algeria	116	131	121	103	678	614	949	342	1,064	744	594	1,305	3,047	
Andorra	3	20	3	73										
Antigua and Barbuda					0		0		11	6	7	16	21	
Argentina	213	76	51	337	83	1,547	2,548	5,301	5,997	6,522	14,291	12,230	15,252	
Armenia	0	1	0	0	0	68	113	173	159	134	328	627	1,279	
Australia	2,051	1,637	2,649	3,246	6,436	9,285	16,269	12,373	19,637	24,431	39,266	48,254	76,640	
Austria	11,512	14,170	18,759	27,776	26,689	35,214	42,317	46,398	9,755	7,562	4,954	12,062	20,138	
Azerbaijan	0	0	0	0	2	0	0	0	0	0	0	1		
Bahrain	30	90	6	7	80	6	95	280	10	72	261			
Bangladesh	0	93	1,092	478	52	11	154							
Barbados	20	4	0	2	19	26	6	67	107	20	42	55	42	
Belarus	71	0	0	166	135	85	200	379	338	2,091	2,119	1,366	1,018	
Belgium	11,741	9,555	9,980	23,065	16,313	27,556	44,526	62,053	48,488	74,476	112,933	121,666	162,171	
Belize	0	0	0	0	0	0	0	0	0	0	1	0	0	
Benin	0	0	0	5	0	0	75	27	22	89	104	8	15	
Bermuda												92	159	
Bhutan					0	6	0	24	0	0	0			
Bolivia	17	11	0	0	1	19	73	88	100	96	224	518		
Bosnia and Herzegovina			151	67	151	176	323	626	521	581	1,123	1,356	2,338	
Botswana	0	0	8	0	3	0	2	0	5	0	0	0	0	
Brazil	291	137	227	530	526	1,031	3,780	5,520	9,099	8,667	18,028	19,310	38,812	
Brunei Darussalam	23	4	136	3		45				10	10	44	48	
Bulgaria	1	12	45	101	9,679	198	843	1,493	49	35	2,418	277	25,949	
Burkina Faso	0	62	0	0	34		244	191	465	311	676	291		
Burundi	0	0	0	0	0	16	0	0	32	0	0	27	2	
Cabo Verde	0	0	0	0	0	0	0		0	0	0	0	152	
Cambodia	0	0	0	0	220	2	282	0	470	0	15,073	0		
Cameroon	0	0	10	0	17	12	35	2,990	26	6	65	180		
Canada	15,098	13,320	60,317	107,820	108,560	130,952	189,423	253,454	256,101	346,984	527,446	598,632	677,540	
Chile	109	49	219	351	204	2,177	7,262	5,142	4,824	5,513	12,261	13,408	16,763	
China	34,804	24,550	26,001	29,932	27,305	35,091	51,066	38,828	36,892	93,627	184,298	215,314	361,326	
Colombia	33	31	24	49	149	126	378	794	984	2,491	5,751	6,549	10,532	
Congo							0	0	0	0	0	16	0	
Costa Rica	1	2	0	11	9	126	816	1,036	1,242	1,077	2,097	2,809	3,378	
Côte d'Ivoire	4	19	8	492	157	335	61	62	139	0	836	2,731		
Croatia	162	171	251	469	615	899	2,434	3,205	3,756	3,683	7,476	12,079	3,836	
Cuba	2	19	169	8	40	13								
Cyprus	62	86	46	117	42	84	220	81	86	54	109	874	235	
Czech Republic	984	1,929	2,444	5,106	5,579	6,692	9,429	12,664	12,107	18,499	29,723	40,857	64,343	
Denmark	3,518	3,082	3,685	3,816	1,199	11,217	15,375	19,886	7,124	9,020	7,460	19,834	21,570	
Dominican Republic	1	2	0	0	0	0	2,784	281	200	326	386	768	1,157	
Ecuador	16	0	0	83	25	195	0	1	18	68	2,183	332	4,424	
Egypt	75	216	702	380	133	43	12	60	632	404	554	1,257	1,268	
El Salvador	14	0	15	0	102	21	130	26	46	271	751	480	3,142	
Estonia	184	344	339	815	661	1,422	2,960	2,565	1,646	1,953	2,768	3,378	5,212	
Ethiopia	91	15	10	0	0	2	0	2	3	8	1	50		
Faroe Islands	25	30	528	41	42	57	42	93	61					
Fiji		0	0	32	7	0	3	9	63	0	5	12		
Finland	2,865	2,823	4,316	4,193	4,586	7,201	10,035	16,405	3,723	2,521	1,648	1,932	1,628	
France	61,860	62,684	75,077	90,167	84,825	93,843	98,326	121,013	115,528	148,692	210,591	263,447	393,503	
French Polynesia	27	53	32	28	18	17	21	74	81	64	114	97	204	
Gabon	0	0	1	0	14	0	3	0	0					
Georgia	0	0	4	33	3	20	14	6	0	0	68	15	0	
Germany	152,147	175,585	237,733	333,064	325,615	377,174	345,067	410,588	396,517	470,059	719,185	858,204	1,125,186	
Ghana	1		1		13	6	2	29	5	220	716	1,787		
Greece	941	940	937	5,518	2,088	2,983	4,543	7,106	7,819	4,985	5,807	6,926	20,606	
Greenland	0	0	39	0	0	29	3	22	105	25	28	45	19	
Grenada	0	0	0	0	1	0	0	0						
Guatemala	3	2	14	17	99	0	4	41	628	0	0	4	360	
Guinea	0	0		0	0	0	0	0		0	0	92		
Guyana	2	11	0	0	0	4	0	0	0	0	0	0	0	
Honduras	1	0	3	0	0	0	0	0	0	0	0	0	0	
Hong Kong, China	11,745	9,182	6,769	8,234	8,903	8,085	18,804	9,751	12,715	22,325	42,388	67,844		
Hungary	639	879	1,252	83	34	428	109	253	80	52	545	503	290	
Iceland	169	192	256	428	577	691	733	1,012	493	651	665	638	845	
India	1,111	684	306	234	425	1,482	1,245	4,271	3,745	7,638	8,407	10,129	12,794	
Indonesia	134	695	1,451	1,104	733	1,058	1,251	2,006	3,399	4,726	7,956	11,572	17,845	
Iran (Islamic Republic of)	0	0	0	0	0	0				117	0			
Ireland	14,332	17,517	15,011	18,496	13,227	20,110	23,988	19,168	26,491	24,035	34,845	30,595	31,604	
Israel	59	292	65	40	80	285	213	397	1,819	854	1,043	1,705	13,749	
Italy	5,273	5,997	6,610	10,721	8,496	12,152	25,833	43,797	42,771	83,312	142,317	180,708	246,960	
Jamaica	0	0	0	2	5	141	3	65	43	20	46	30		
Japan	66,013	74,918	89,430	99,763	105,456	120,232	138,990	121,012	142,626	207,781	307,975	404,188	583,033	
Jordan	0	0	0	1		4	2	69	119	1,145	511	379	703	
Kazakhstan	1	14	4	12	66	170	389	1,136	1,008	1,588	2,532	3,645	4,145	
Kenya	85	0	5	0	473	2	19	19	3,293	541	1,025			
Kiribati					0		0	0	11	0	0	0		
Korea, Republic of	7,104	3,026	4,200	6,949	5,962	5,461	8,873	14,378	18,202	43,445	87,343	126,359	136,313	
Kuwait	643	1,283	1,511	2,313		1,936	3,859	4,370						
Kyrgyzstan	0	0	0	0	0	34	439	9	88	24	57	78		
Latvia	5	20	19	15	23	2	87	144	113	361	2,527	574	5,387	
Lebanon	179	142	258	509	435	621	928	1,225	2,063	2,730	3,986	5,770	7,996	
Lesotho	1	0	0					0	0	24				
Lithuania	115	273	307	2	61	534	235	154	99	1,562	2,307	1,521	2,207	
Luxembourg	1,362	2,610	4,495	5,545	6,550	8,085	7,742	15,492	12,862	15,141	26,306	21,154	34,725	
Macao, China	7	99	47	116	201	29	41	283	4,828	111		1,074		
Macedonia, The Former Yugoslav Republic of	0	0	0	2	5	26	70		236	190	200	441	1,073	
Madagascar	0	79	9	32	0	0	29	0	26	14	17	96	18	
Malawi	0	42	0	0	2	3	0	0	2	3	0	1	16	
Malaysia	19,015	19,362	8,318	9,035	7,996	20,268	21,309	14,378	15,041	32,476	66,645	128,490	194,930	
Maldives	0	0	0	0	0	0	0	0	0	3	9	830	449	
Mali	0	3	3	63	0	0	359	233		0	1	12		
Malta	6	30	28	67	76	112	96	83	51	52	398	582	554	
Mauritania	0	468	388	0	0		30	0	50	0	0	30		
Mauritius	3	69	5	0	8	23	21	66	93	52	27	171	448	
Mayotte	4	21	3	4	0	3	5	1	1					
Mexico	1,363	2,375	3,222	3,862	10,674	16,929	22,610	33,201	30,044	43,425	69,989	83,901	75,324	
Mongolia	0		0	9	1	4	20						331	
Montenegro						107	148	268	241	180	317	549	754	
Morocco	6	40	4	15	41	204	711	573	652	983	892	1,386	2,124	
Mozambique	3	176	31	64	114	59	65	245	60	21	75	208	7	
Namibia	7	0	0	10	122	0	0	0	0	0	0	0	18	
Nepal			17						5	111	214			
Netherland Antilles					0	3	5	0						
Netherlands	27,566	27,466	20,103	21,964	9,677	14,115	32,455	31,606	51,734	61,541	76,262	94,393	300,571	
New Caledonia	37	59	64	96	30	64	67	72	149	105	229	349	556	
New Zealand	544	500	338	303	522	541	904	1,280	1,549	2,386	3,822	5,773	8,001	
Nicaragua	0	0	1	0	1	19	26	147	134	131	273	291	672	
Niger	0	0	0	0	0	19	57	62	93	144	270	278	301	
Nigeria	0	2	35			100	730	896	0	0	0	812		
Norway	4,867	6,029	6,689	8,222	8,885	9,327	10,313	16,012	12,509	19,736	25,347	29,955	36,490	
Oman	0	0	0	0	0	0	0	2	0	0	0	67	121	
Pakistan			391	1,035	709	582	8	42	45	120	268	325	608	
Palestine, State of							16	0	0	0	1	266		
Panama	0	0	0		0	2,138	2,350	3,944	4,914	9,084	11,281			
Papua New Guinea	2	16	2	0							18	220		
Paraguay	55	0	10	5	0	9	31	45	389	835	991	1,206	2,419	
Peru	3	4	15	0	698	219	428	724	1,160	1,589	3,783	4,540		
Philippines	3,323	2,146	1,583	1,366	1,541	1,047	547	1,485	9,974	2,699	1,256	3,007	12,185	
Poland	1,029	1,351	1,390	4,329	6,670	10,945	13,709	52,082	60,900	87,713	145,746	135,515	144,557	
Portugal	944	753	5	363	52	109	238	24	63	1,717	4,272	15,102	4,124	
Qatar	44	155	171	65	332	371	634	649	495	847	1,865	3,183	6,960	
Republic of Moldova	0	20	6	7	10	61	163	340	349	269	363	530	681	
Romania	29	13	47	244	447	967	618	1,361	1,032	549	3,997	3,421	23,439	
Russian Federation	177	322	601	2,402	5,603	7,810	17,777	25,560	29,293	33,704	68,178	88,846	128,138	
Rwanda	0	0	0	0	0	0	0	7	0	0	0	8	9	
Saint Kitts and Nevis	4	9	2	0	0	1	0	10	0	14	0			
Saint Vincent and the Grenadines	0	0	0	0	0	0	0	0	1	12	0	1		
Samoa	352	0	0	0	0	0	0	0	2	0	0	0	0	
Sao Tome and Principe	0	0	0	1	0	0	0	0	0	0	0	0	0	
Saudi Arabia	237	593	3,376	672	1,260	1,797	1,723	2,276	2,636	2,365	2,545	12,969		
Senegal	1	0	0	6	0	0	27	7	44	90	3	213	928	
Serbia					288	994	2,029	3,223	2,469	2,034	2,122	4,097	5,936	
Serbia and Montenegro	21	44		211										
Seychelles	8	25	0		0	0		1						
Singapore	54,639	84,027	74,483	48,352	100,420	112,355	84,866	116,582	423,603	159,640	190,127	562,516	181,559	
Slovakia	144	369	445	617	837	1,291	2,958	6,305	9,079	12,245	25,340	20,959	25,871	
Slovenia	430	583	668	899	1,633	3,448	4,127	6,191	5,816	5,833	7,539	7,141	16,050	
Solomon Islands								0	2	0	0			
South Africa	121	182	116	304	714	1,809	5,170	6,501	5,118	4,430	7,467	16,224	17,489	
Spain	17,135	22,485	28,760	50,017	57,237	113,504	142,412	177,157	173,221	142,019	202,620	228,342	310,671	
Sri Lanka	310	23	164	44	205	187	223	181	440	507	1,160	661		
Sudan (North + South)	4	32	21	43	0	1,893		0	30	1	79			
Suriname	0			0	0	0	0		0	60	0			
Sweden	9,035	13,264	11,210	9,728	6,839	6,973	5,361	8,049	9,362	23,948	33,329	39,671	45,612	
Switzerland	5,077	7,652	10,821	16,081	17,544	16,611	21,314	29,664	29,773	34,981	56,453	76,177	87,705	
Syrian Arab Republic	0	0	0	0	0	0	0	0	1	70				
Taipei, Chinese	10,516	5,892	3,525	4,079	4,826	7,811	9,209	9,471	12,290	19,553	33,191	45,908	38,997	
Tanzania, United Republic of	0	0	0	0	0	11	10	9	20	42	1	189	389	
Thailand	12,273	11,218	12,263	27,636	31,562	34,654	48,765	90,125	77,730	214,728	175,954	249,521	355,272	
Timor-Leste				0	18									
Togo	0	0	24	0	0		4	0	0	20	44	430	89	
Tonga	0	0	0					0	0	9	0	0		
Trinidad and Tobago	0	97	8	0	15	33	26	290	158	73				
Tunisia	2	9	133	32	39	122	211	212	304	339	415	1,416	1,732	
Turkey	423	451	620	2,670	9,422	6,983	12,049	21,468	20,010	27,981	45,843	53,768	76,420	
Uganda	41	2	2	43	0	0	0	0	3	0	1	3	6	
Ukraine	25	89	91	257	988	1,230	2,678	3,831	4,029	3,921	6,863	8,905	14,027	
United Arab Emirates					1,349		5,555	6,374						
United Kingdom	159,235	225,299	232,049	270,360	194,379	237,522	289,752	333,781	416,885	496,414	764,499	841,024	1,048,097	
United States of America	1,016,772	1,145,811	1,335,835	1,591,477	1,874,619	2,328,266	2,599,411	2,545,829	2,004,671	2,402,174	2,807,112	2,799,745	2,878,817	
Uruguay	16	5	13	18	17	42	805	1,350	1,424	1,766	2,420	3,118	3,897	
Venezuela	9	17	0	0	1	50		145	73	447	17	1,242	47	
Viet Nam	22,834	65,387	94,713	130,580	160,218	169,450	205,499	214,284	186,232	276,623	429,599	542,561		
Yemen				0	0	4	0	0	0	0	0	3		
Zambia	0	0	0	0	0	0	0	1	0	0	35	0	105	
Zimbabwe	0	41		1	0	0	0	0	1	2,235	3	273	0	
