List of importing markets for a product exported by France Product: TOTAL All products
"Importers"	"Exported value in 2001"	"Exported value in 2002"	"Exported value in 2003"	"Exported value in 2004"	"Exported value in 2005"	"Exported value in 2006"	"Exported value in 2007"	"Exported value in 2008"	"Exported value in 2009"	"Exported value in 2010"	"Exported value in 2011"	"Exported value in 2012"	"Exported value in 2013"	
World	289,599,105	304,891,879	358,131,717	413,708,422	434,354,245	479,012,852	539,730,712	594,504,995	464,112,811	511,651,043	581,541,871	556,575,682	566,879,047	
Afghanistan	3,829	13,921	33,168	52,220	30,710	47,039	64,345	45,084	70,893	60,536	60,892	57,339	32,626	
Africa not elsewhere specified	5,890	12,506	11,184	10,526	38,432	45,253	17,283	8,562	25,108	5,183	6,475	33,480	5,445	
Albania	13,375	14,019	24,939	24,336	21,494	20,737	30,109	35,136	71,871	61,179	73,245	32,110	49,186	
Algeria	3,031,638	3,543,036	4,183,371	5,258,186	5,809,565	5,057,742	5,695,717	8,108,167	6,959,564	6,933,296	8,004,663	8,178,151	7,849,174	
Andorra	272,279	296,481	357,322	393,880	402,800	405,801	350,697	395,334	318,568	308,483	319,389	275,975	272,148	
Angola	144,053	179,613	263,000	273,520	370,800	633,660	741,951	745,298	752,695	841,482	812,983	699,385	612,823	
Anguilla	604	745	1,390	1,135	11,274	1,717	6,975	1,255	932	4,238	2,376	7,084	565	
Antigua and Barbuda	2,136	6,216	5,298	4,604	7,642	14,607	4,906	13,334	7,593	4,662	5,021	5,193	97,450	
Area Nes	598,721	653,278	178,480	278,143	334,554	319,431	660,791	1,107,035	736,649	969,762	1,121,805	1,354,992	769,518	
Argentina	723,231	322,751	409,462	669,834	756,177	1,017,234	1,248,571	1,402,353	951,489	1,368,448	1,666,358	1,460,360	1,644,220	
Armenia	11,629	15,682	14,333	18,934	47,011	52,796	77,516	124,225	59,673	49,807	61,571	51,318	50,211	
Aruba	4,773	5,486	5,959	6,849	13,427	57,544	31,915	9,961	16,805	50,514	12,490	16,339	42,316	
Australia	1,229,951	1,576,262	2,169,189	2,920,336	3,031,023	2,747,017	3,167,618	4,963,415	3,476,213	4,255,124	5,288,651	3,858,041	3,680,335	
Austria	2,892,088	2,853,676	3,555,768	4,367,646	4,232,534	4,580,910	4,993,742	5,434,493	4,117,255	4,467,099	5,252,738	4,708,316	4,767,264	
Azerbaijan	29,474	105,636	55,797	96,699	115,708	58,934	147,959	222,455	143,106	138,887	180,839	212,133	353,695	
Bahamas	37,326	17,905	449,293	38,934	22,429	133,096	29,836	120,359	27,053	1,180,906	34,778	81,039	49,256	
Bahrain	89,274	89,249	114,404	251,941	112,955	137,624	179,842	222,273	812,308	486,588	324,363	779,598	184,109	
Bangladesh	82,835	92,602	89,938	81,098	69,520	114,816	87,535	108,501	99,258	105,464	137,045	132,846	177,122	
Barbados	9,676	14,157	20,623	16,467	16,026	22,941	19,944	23,454	18,632	21,784	23,245	26,084	26,417	
Belarus	61,970	71,028	97,593	127,168	122,620	157,732	209,665	326,279	183,991	235,665	231,068	219,115	246,634	
Belgium	20,429,047	22,019,008	27,477,416	31,713,370	32,740,005	35,250,556	40,593,524	45,317,968	35,348,722	38,471,537	41,857,923	40,758,251	43,594,692	
Belize	2,004	1,136	3,080	1,231	2,588	4,055	7,716	3,152	2,573	1,611	6,294	5,810	2,419	
Benin	206,926	214,593	236,560	238,260	214,129	235,979	357,124	420,191	388,507	527,365	1,123,623	344,038	357,631	
Bermuda	14,582	412,170	472,222	55,586	43,470	15,643	116,317	194,870	11,137	59,648	12,710	33,850	5,562	
Bhutan	43	75	87	828	5,332	2,176	3,583	1,235	1,213	774	1,251	2,680	639	
Bolivia	19,693	16,481	17,638	20,693	17,932	23,393	22,551	26,667	36,763	29,853	35,439	34,855	48,498	
Bosnia and Herzegovina	46,554	48,985	62,100	57,799	85,127	83,042	89,408	105,480	73,415	83,342	112,042	98,705	93,349	
Botswana	24,705	14,642	25,509	11,258	5,780	6,953	9,653	12,749	60,104	13,038	11,361	11,026	11,535	
Brazil	2,464,636	2,557,786	1,692,067	2,258,777	2,772,820	3,202,713	4,225,379	5,194,622	3,545,856	4,731,103	5,551,080	5,951,130	6,302,640	
British Indian Ocean Territories	0	30	0	10	0	0	29	0	65	1	0	0	38	
British Virgin Islands	60,946	22,042	71,164	152,505	73,901	160,621	151,293	159,922	112,298	163,468	75,622	38,074	38,959	
Brunei Darussalam	6,092	10,430	109,010	9,397	6,084	19,516	13,154	15,298	13,818	5,781	12,949	16,592	14,062	
Bulgaria	397,772	405,807	488,873	561,851	625,866	805,465	792,298	1,006,807	677,328	811,734	850,990	866,633	911,097	
Burkina Faso	115,539	159,243	236,144	260,663	237,521	258,129	293,292	293,041	305,547	299,212	301,956	337,829	441,048	
Burundi	13,179	8,744	10,370	16,306	12,829	12,557	21,240	24,894	16,998	19,005	26,638	19,892	18,461	
Cabo Verde	10,989	9,362	7,253	9,519	11,172	13,294	49,977	23,323	11,722	18,419	15,889	13,270	12,487	
Cambodia	47,469	57,414	48,763	49,978	55,903	63,681	75,345	81,415	62,642	61,721	71,455	79,727	82,125	
Cameroon	524,937	550,747	580,409	575,434	553,850	624,709	773,150	847,830	747,214	790,723	879,263	864,280	939,930	
Canada	2,582,422	2,534,163	2,656,157	3,036,697	3,010,954	3,468,088	3,655,153	4,183,885	3,342,438	3,423,229	3,968,000	3,731,517	3,897,699	
Cayman Islands	41,137	65,462	35,162	30,057	28,547	198,813	159,063	179,861	36,096	20,103	26,184	53,709	33,152	
Central African Republic	36,665	37,355	37,035	32,360	33,440	41,484	51,403	60,357	48,105	55,582	60,308	47,913	35,543	
Chad	94,665	126,894	88,944	81,246	93,775	90,092	132,682	144,197	147,004	167,165	145,240	161,068	159,624	
Chile	882,920	652,031	475,315	421,677	557,275	555,604	818,163	915,481	614,644	726,504	1,237,916	1,028,933	1,010,368	
China	2,940,383	3,272,429	5,186,658	6,573,206	7,205,194	10,148,907	12,423,865	13,285,333	10,943,269	14,551,262	18,716,062	19,387,843	19,590,030	
Christmas Islands	8	0	0	0	12	40	763	1,096	6	219	0	30	58	
Cocos (Keeling) Islands	0	0	0	0	7	15	48	38	0	4	58	0	406	
Colombia	293,984	245,054	426,648	289,511	339,478	456,510	559,072	817,925	1,216,828	777,233	1,237,269	1,085,749	1,401,166	
Comoros	20,451	27,834	33,420	24,480	23,099	32,063	25,852	28,780	27,585	32,888	32,879	31,751	39,462	
Congo	192,893	222,076	248,254	264,587	327,803	429,998	608,310	734,890	633,200	594,383	678,846	757,312	771,917	
Cook Islands	8	25	61	4,365	76	126	243	673	483	498	959	3,685	150	
Costa Rica	98,139	122,183	187,141	70,644	143,080	157,346	154,534	125,450	42,713	102,651	53,041	50,796	56,569	
Côte d'Ivoire	631,793	633,040	635,450	730,123	691,101	749,407	951,765	1,097,793	1,020,020	1,082,758	1,022,931	1,285,431	1,361,735	
Croatia	322,814	436,275	553,338	549,640	542,838	592,331	590,497	649,860	412,821	409,174	534,103	468,006	443,927	
Cuba	216,496	194,083	147,812	97,021	119,692	120,390	118,096	157,395	106,093	160,209	281,902	282,897	326,029	
Cyprus	219,265	345,237	387,375	356,230	302,870	493,353	505,113	444,749	417,362	444,753	542,581	550,227	456,496	
Czech Republic	1,891,400	1,970,748	2,388,550	2,828,162	3,204,765	3,918,233	4,573,432	4,915,185	3,543,390	3,816,855	4,603,190	4,144,189	4,506,451	
Democratic Republic of the Congo	39,045	78,858	120,527	121,558	130,433	175,743	189,270	183,801	229,589	226,943	243,772	275,416	299,792	
Denmark	2,116,770	2,440,098	2,774,535	3,177,665	3,243,498	3,584,932	3,929,782	4,194,636	3,040,384	3,054,357	3,467,253	3,203,539	3,257,360	
Djibouti	42,543	51,136	46,325	50,488	51,344	56,145	67,531	78,156	71,510	67,938	90,783	83,494	85,457	
Dominica	3,988	3,059	3,914	6,008	2,179	3,669	6,635	4,052	4,770	2,317	6,138	6,743	3,731	
Dominican Republic	67,533	70,889	60,268	61,947	88,604	87,075	109,318	87,355	78,445	107,829	133,748	128,183	117,947	
Ecuador	87,446	71,208	165,801	59,639	80,229	75,877	89,156	128,347	75,789	162,896	165,039	210,436	126,824	
Egypt	906,528	970,938	1,114,827	1,257,061	1,765,185	1,670,853	1,649,028	1,778,871	1,906,701	2,386,138	2,531,616	2,212,613	1,794,141	
El Salvador	306,659	165,161	172,757	155,100	100,120	142,653	205,105	349,257	29,452	23,880	149,803	82,166	40,937	
Equatorial Guinea	24,807	38,002	89,081	42,521	63,601	89,698	114,856	169,820	164,688	234,109	270,957	166,843	156,070	
Eritrea	14,001	8,300	10,401	4,155	13,419	3,497	4,620	3,803	6,092	4,377	3,186	3,932	3,296	
Estonia	111,673	154,358	213,839	201,308	227,199	390,280	393,818	375,488	243,938	234,881	330,599	423,591	401,514	
Ethiopia	30,655	30,491	68,011	43,125	84,892	85,186	82,910	113,994	140,041	152,017	196,967	104,197	238,471	
Europe Othr. Nes	218,302	203,154	194,078	117,527	155,860	542,254	320,465	297,177	1,101,251	316,313	223,096	0	0	
Falkland Islands (Malvinas)	7,673	20	458	2,832	216	610	90	112	69	14	84	166	44	
Faroe Islands	937	998	1,123	1,430	1,074	1,621	1,726	1,602	866	566	1,081	1,942	1,189	
Fiji	13,531	6,187	3,622	12,700	12,046	10,701	6,776	7,432	4,567	6,170	4,373	7,959	401,672	
Finland	1,611,897	1,484,963	1,998,809	2,189,193	2,105,532	2,352,659	2,740,671	2,771,308	2,505,499	2,457,914	2,420,839	2,058,150	2,014,950	
France	0	0	0	0	0	0	0	0	0	0	0	0	0	
French Polynesia	412,168	545,998	740,950	620,600	697,160	600,249	678,605	775,873	655,493	598,131	682,256	582,763	609,915	
French South Antarctic Territories	930	916	3,801	1,398	1,236	3,830	3,027	4,474	4,657	4,435	14,349	7,514	10,609	
Gabon	338,773	388,125	391,924	430,235	548,068	629,321	684,277	824,562	693,201	751,382	1,084,643	989,170	967,448	
Gambia	18,207	13,700	14,299	13,016	17,036	16,769	13,467	17,235	16,954	9,704	23,762	9,444	14,510	
Georgia	23,930	19,880	72,823	49,342	55,707	51,917	92,371	81,841	80,624	95,831	116,576	128,674	207,372	
Germany	41,519,873	44,216,500	53,413,851	62,210,703	63,112,311	69,417,315	77,914,753	86,841,525	68,985,006	82,988,674	96,159,772	91,548,462	93,187,095	
Ghana	130,189	106,389	153,248	228,024	186,710	254,720	309,711	497,349	488,538	496,413	427,803	424,781	412,957	
Gibraltar	39,284	39,964	47,812	47,290	290,589	162,727	81,752	265,310	219,156	346,079	599,698	556,426	520,796	
Greece	2,343,813	2,480,350	3,177,470	4,255,667	3,862,279	4,102,292	5,118,055	5,447,303	4,313,995	3,512,688	3,601,653	2,868,562	2,953,883	
Greenland	269	568	405	233	2,551	5,102	6,201	13,652	3,329	3,921	6,099	1,666	3,332	
Grenada	1,737	3,647	3,535	2,859	5,115	4,696	3,330	2,609	3,471	2,277	2,323	1,796	2,798	
Guatemala	34,616	39,138	36,666	46,599	52,592	88,640	67,195	63,870	63,024	78,786	64,825	77,091	98,923	
Guinea	106,790	143,423	128,319	135,845	122,983	163,222	186,076	271,699	140,059	159,856	196,942	189,904	173,031	
Guinea-Bissau	2,533	2,307	3,796	3,559	5,967	5,560	13,277	11,344	7,796	5,513	9,539	8,134	7,505	
Guyana	8,832	9,175	6,303	4,926	4,974	7,558	3,122	5,495	5,774	4,117	5,540	12,184	10,084	
Haiti	24,794	22,226	23,916	19,747	30,276	33,826	24,357	27,719	40,302	58,095	49,796	49,085	54,060	
Honduras	16,219	21,402	20,452	22,181	22,536	23,074	27,893	32,661	14,873	19,347	14,706	21,351	20,888	
Hong Kong, China	3,511,596	2,580,505	2,477,053	2,667,186	3,376,182	3,369,819	3,265,921	3,745,077	3,294,852	5,578,555	6,107,903	7,678,409	6,396,137	
Hungary	1,640,340	1,849,686	2,210,235	2,510,970	2,857,335	3,356,414	3,816,293	4,123,469	3,198,869	3,490,599	4,072,755	3,584,480	3,806,147	
Iceland	90,130	57,794	95,021	96,450	128,268	168,371	137,081	98,743	39,407	46,192	60,090	81,904	71,321	
India	910,128	947,962	1,131,734	1,609,947	2,286,825	3,180,407	4,598,491	4,904,918	3,415,225	3,844,785	3,853,330	4,187,990	3,605,482	
Indonesia	442,920	488,657	560,804	520,426	555,582	565,300	751,673	889,008	1,146,214	1,182,852	1,448,631	1,718,032	2,135,303	
Iran (Islamic Republic of)	1,025,237	1,444,755	2,313,007	2,880,435	2,341,128	2,382,719	2,076,867	2,674,657	2,013,181	2,363,344	2,306,331	1,032,692	655,842	
Iraq	591,143	447,062	175,529	289,818	259,818	168,351	273,179	255,058	573,295	690,884	1,102,894	952,808	665,056	
Ireland	2,541,823	2,436,519	2,454,670	3,213,403	3,470,630	3,379,988	4,007,658	3,973,295	3,047,080	2,777,470	2,947,306	2,864,615	3,213,987	
Israel	1,242,854	1,108,950	1,139,828	1,232,389	1,282,453	1,333,665	1,551,746	1,893,548	1,389,720	1,544,465	1,794,861	1,487,315	1,606,349	
Italy	25,427,013	27,620,714	33,195,095	38,620,279	39,877,082	43,529,542	49,462,433	52,423,481	39,242,638	41,337,649	47,480,207	41,070,349	40,270,660	
Jamaica	49,917	118,038	80,523	28,829	19,974	24,650	32,170	42,616	15,619	22,723	19,644	21,632	22,518	
Japan	4,849,797	5,244,159	5,970,097	6,646,943	6,732,357	7,152,506	7,916,481	8,254,690	6,648,768	7,793,299	9,065,226	9,491,680	9,038,449	
Jordan	223,968	348,786	191,846	247,812	313,376	437,673	329,151	521,778	453,245	417,819	602,268	442,692	507,110	
Kazakhstan	123,835	213,122	309,319	764,993	586,890	842,115	643,264	745,713	662,489	354,867	365,148	622,093	899,241	
Kenya	99,975	114,117	100,435	133,204	130,051	134,128	230,787	229,527	202,158	213,759	237,942	302,969	210,690	
Kiribati	27	1,528	788	2,323	107	133	412	59	1,951	34	17	0	29	
Korea, Democratic People's Republic of	6,736	7,352	4,128	6,623	7,508	3,925	3,194	6,893	2,688	2,986	7,103	2,268	1,433	
Korea, Republic of	2,121,799	2,250,531	2,247,859	2,612,766	2,956,720	3,624,172	4,122,740	4,446,927	3,670,581	4,252,815	5,823,176	4,725,116	5,635,788	
Kuwait	255,003	258,768	302,383	386,770	444,917	479,112	646,914	778,223	832,613	647,888	451,171	491,241	1,140,293	
Kyrgyzstan	2,655	5,138	3,365	5,441	5,557	17,748	14,818	15,186	17,557	27,877	26,088	23,374	25,489	
Lao People's Democratic Republic	5,346	7,202	9,868	9,367	10,754	10,252	11,432	18,364	56,063	55,113	136,269	39,584	35,683	
Latvia	121,320	133,192	161,328	153,342	187,255	282,395	368,519	358,590	218,353	292,561	313,590	343,660	377,721	
Lebanon	554,350	563,265	932,051	782,138	801,467	769,224	977,218	1,481,756	1,674,852	1,225,746	1,560,369	1,770,831	1,705,312	
Lesotho	95	1,666	51	672	36	983	645	1,922	772	691	1,425	1,277	377	
Liberia	1,040,849	439,159	21,789	61,002	32,032	13,162	20,171	42,702	61,229	49,294	34,827	30,425	28,525	
Libya	234,849	269,895	307,391	278,155	374,303	544,303	715,161	716,963	998,005	1,299,046	313,031	694,343	1,065,433	
Lithuania	212,588	262,671	354,274	374,929	402,797	522,357	718,902	713,034	385,075	554,730	626,716	609,375	671,131	
Luxembourg	1,498,936	1,640,766	2,010,992	2,295,198	2,008,535	2,222,150	2,598,805	2,920,600	2,200,673	2,650,235	2,685,386	2,592,097	2,750,943	
Macao, China	10,232	13,226	14,254	16,867	14,573	38,850	50,008	39,490	51,552	83,221	138,084	140,357	158,605	
Macedonia, The Former Yugoslav Republic of	53,756	59,158	58,981	57,314	54,947	51,318	60,600	82,064	62,331	50,320	67,860	50,288	58,584	
Madagascar	250,134	165,464	270,889	266,318	289,347	256,597	350,273	400,724	275,496	309,731	385,521	383,471	393,792	
Malawi	5,330	9,803	8,808	12,269	11,972	13,158	16,631	28,561	53,736	59,893	48,689	51,243	62,117	
Malaysia	869,159	757,760	797,466	932,858	1,389,422	1,787,975	1,962,063	2,369,335	1,820,756	1,803,264	2,510,474	3,874,968	3,439,086	
Maldives	3,956	6,545	9,452	12,879	19,894	14,782	13,120	19,119	14,100	12,175	13,494	16,807	54,967	
Mali	179,791	174,778	214,119	243,452	243,262	275,754	333,049	325,248	307,412	371,597	425,924	387,762	407,461	
Malta	417,493	543,338	600,331	820,991	597,918	720,175	988,089	750,967	510,523	603,086	545,552	517,415	804,739	
Marshall Islands	342	1,144	984	2,132	10,100	1,263	1,165	17,312	13,190	2,527	43,629	1,102	8,367	
Mauritania	141,372	137,665	147,702	144,706	193,984	158,885	276,461	350,156	264,054	262,438	267,218	296,471	293,928	
Mauritius	263,778	286,284	292,386	308,073	311,882	536,818	517,109	502,798	486,162	420,424	465,972	443,048	444,973	
Mayotte	120,121	94,062	116,301	140,372	134,927	198,621	292,996	289,735	290,354	254,231	274,710	250,108	288,817	
Mexico	1,240,194	1,389,109	1,567,559	1,876,730	2,062,230	2,105,633	2,563,151	3,270,701	1,883,691	2,174,421	2,898,312	2,783,313	3,254,604	
Micronesia (Federated States of)	0	12,509	2	4	11	3	11	27	56	195	269	299	162	
Mongolia	7,244	5,702	8,161	24,933	15,146	12,314	16,896	21,962	34,661	45,611	66,797	48,742	42,195	
Montenegro	0	0	0	0	0	14,128	11,816	43,494	12,015	20,111	26,738	64,754	26,452	
Montserrat	66	85	108	76	173	577	272	117	157	137	103	43	96	
Morocco	2,454,796	2,519,369	3,103,222	3,444,213	3,753,511	4,039,150	4,830,298	6,260,056	4,823,036	5,281,155	5,965,043	5,179,220	5,124,992	
Mozambique	27,666	123,348	37,312	41,683	32,583	27,951	39,319	35,748	64,729	69,532	85,675	107,755	80,149	
Myanmar	10,517	10,452	11,096	20,825	14,305	8,796	37,309	44,951	17,101	17,672	24,365	24,797	76,148	
Namibia	11,634	10,524	14,972	5,997	7,177	9,814	8,550	14,974	31,957	24,962	28,568	31,204	248,582	
Nauru	105	56	22	72	1	74	91	240	11	248	435	63	10	
Nepal	13,357	16,385	15,683	10,857	12,684	10,257	11,554	11,134	21,789	21,137	17,550	23,485	9,252	
Netherland Antilles	42,583	37,087	53,732	38,096	41,433	72,536	50,224	204,845	69,595	71,240	50,123	50,348	44,757	
Netherlands	11,635,051	12,180,260	14,060,053	16,357,449	17,885,946	19,734,277	22,672,454	25,132,632	19,107,821	21,333,764	24,888,279	23,573,681	23,262,888	
New Caledonia	406,256	549,723	670,102	723,432	639,369	709,674	876,581	1,021,571	839,730	922,480	1,048,650	952,963	995,036	
New Zealand	202,136	222,154	455,775	587,081	596,309	396,708	374,936	483,359	279,720	315,670	600,412	437,809	588,749	
Nicaragua	7,136	4,277	4,394	6,271	9,438	8,694	6,150	8,806	7,515	6,013	11,908	12,641	13,718	
Niger	72,502	76,763	85,083	102,055	109,850	111,514	159,926	259,933	228,354	278,673	233,947	206,258	227,614	
Nigeria	640,456	907,501	984,496	935,624	1,303,267	1,543,249	1,527,606	2,162,068	1,734,526	2,107,097	2,050,536	1,730,785	2,021,571	
Niue	30	0	0	21	0	0	0	6	0	3	7	0	0	
Norfolk Island	98	85	92	123	11	1,103	199	50	14	0	0	0	0	
Northern Mariana Islands	682	1,011	749	3,068	835	314	821	1,030	898	1,107	2,161	2,748	2,955	
Norway	1,058,550	1,178,829	1,359,264	1,597,175	1,712,946	1,986,276	2,286,357	2,476,440	1,980,288	1,952,644	2,138,878	2,153,413	1,967,865	
Oman	159,988	144,878	136,504	125,410	230,675	199,870	490,650	503,804	841,409	612,793	552,828	436,296	519,629	
Pakistan	261,418	273,744	223,739	349,162	505,952	496,340	511,377	590,275	485,056	423,279	592,130	620,604	516,876	
Palau	0	53	8	5	65	6	207	7	333	94	17	0	55	
Palestine, State of	6,381	4,792	2,570	6,849	9,467	10,805	11,628	7,625	4,847	13,334	8,964	13,210	14,881	
Panama	175,134	131,766	431,994	497,300	222,076	761,684	901,017	1,704,305	1,049,266	849,433	311,928	1,122,606	1,084,989	
Papua New Guinea	1,201	1,814	1,779	2,244	2,369	2,236	2,345	4,355	7,847	39,579	15,328	22,561	18,756	
Paraguay	21,834	18,880	17,310	24,525	35,717	31,932	33,707	48,853	33,308	54,848	63,709	61,697	78,750	
Peru	103,568	105,833	106,095	107,306	104,946	111,118	166,483	197,384	155,527	222,422	243,573	302,741	272,872	
Philippines	460,252	372,483	381,458	443,526	536,368	446,836	864,034	1,074,588	663,444	900,476	954,676	1,265,569	1,939,333	
Pitcairn	167	83	12	104	36	36	36	66	24	12	0	64	0	
Poland	3,111,213	3,575,217	4,412,901	5,258,854	5,769,447	8,680,105	8,682,014	9,906,645	7,179,002	7,849,806	9,229,120	8,506,085	8,920,923	
Portugal	4,113,810	4,431,205	4,840,369	5,453,481	5,750,895	6,083,012	6,817,923	7,565,442	6,022,592	5,547,469	5,486,934	4,619,303	5,296,201	
Qatar	241,696	608,978	871,280	1,227,549	904,993	1,915,268	1,640,899	1,586,682	1,263,552	919,962	1,042,769	996,479	978,992	
Republic of Moldova	28,190	28,527	33,667	43,935	52,746	51,586	83,699	86,544	51,912	59,189	62,205	60,114	80,082	
Romania	916,043	1,069,448	1,600,200	2,033,024	2,456,030	2,882,222	3,386,759	3,996,997	3,017,540	3,328,358	4,026,801	3,878,397	4,431,110	
Russian Federation	2,053,071	2,210,383	3,156,447	3,915,176	4,182,568	5,922,984	7,748,231	10,364,291	7,069,433	8,319,019	10,352,855	11,726,275	10,208,780	
Rwanda	7,739	9,942	16,105	21,650	10,133	10,885	12,388	15,356	16,611	14,637	20,632	20,728	18,229	
Saint Helena	583	184	91	392	108	15,692	347	677	470	1,348	338	50	63	
Saint Kitts and Nevis	2,393	1,924	3,233	1,224	1,073	1,090	1,640	1,459	3,640	1,515	817	788	1,658	
Saint Lucia	6,054	7,230	5,729	6,174	26,820	84,196	19,753	32,147	7,098	8,066	7,708	6,340	6,524	
Saint Vincent and the Grenadines	21,554	30,514	24,314	15,188	55,570	21,624	5,925	17,712	34,723	32,261	2,127	3,540	5,373	
Samoa	83	147	138	2,513	22	207	43	1,482	113	199	85	366	31	
Sao Tome and Principe	1,975	1,600	2,241	2,037	1,555	14,158	1,379	1,714	1,264	1,253	4,602	2,200	723	
Saudi Arabia	1,333,301	1,464,091	1,632,999	1,628,227	2,054,108	2,293,380	2,689,900	3,329,846	3,511,415	5,190,531	4,366,147	4,137,293	4,536,391	
Senegal	457,835	506,844	571,709	665,846	745,530	836,320	1,002,791	1,166,103	863,953	946,925	1,233,961	1,064,344	938,075	
Serbia	0	0	0	0	0	284,769	420,716	467,444	313,123	321,346	379,291	364,393	388,431	
Serbia and Montenegro	131,567	177,379	246,490	309,668	317,180	0	0	0	0	0	0	0	0	
Seychelles	37,884	41,898	59,274	50,897	46,612	57,683	77,841	122,876	56,283	61,969	60,125	65,834	90,810	
Ship stores and bunkers	0	0	0	0	0	0	103	771	436	12,142	1,976	0	0	
Sierra Leone	14,994	14,509	38,637	19,428	13,087	21,068	15,277	23,534	35,649	24,845	43,268	45,541	39,865	
Singapore	1,798,859	1,787,555	2,367,382	3,355,928	3,769,174	4,352,531	4,961,041	6,798,936	5,939,551	6,662,972	7,146,291	7,539,623	7,196,374	
Slovakia	474,119	591,736	735,761	786,266	1,021,767	1,382,326	2,552,522	3,026,472	2,403,837	2,346,856	2,743,272	2,614,384	2,793,680	
Slovenia	974,630	1,005,546	1,081,419	1,439,091	1,637,458	1,625,333	1,658,958	1,741,230	1,313,016	1,338,404	1,398,726	1,128,037	1,019,587	
Solomon Islands	16	99	527	290	1,119	475	281	18	103	32	444	194	186	
Somalia	3,213	571	630	1,158	830	2,113	3,507	12,528	11,970	6,731	23,366	13,062	16,978	
South Africa	973,935	1,254,822	1,584,297	2,072,686	2,341,954	2,137,241	2,229,494	2,423,538	1,833,630	2,296,616	3,188,555	2,420,443	2,372,616	
Spain	27,908,577	29,564,997	36,547,701	41,410,568	44,221,756	47,196,778	51,652,809	49,916,888	37,242,572	37,979,640	42,281,252	37,564,934	38,346,129	
Sri Lanka	100,483	87,535	121,152	118,487	124,754	123,588	169,310	97,861	83,037	168,112	305,678	164,951	111,406	
St. Pierre and Miquelon	20,168	20,809	23,332	23,770	22,933	25,467	27,422	31,843	47,437	37,560	35,275	32,076	38,417	
Sudan (North + South)	101,230	63,520	77,410	94,818	178,514	322,068	185,797	190,364	130,480	139,867	128,707	96,993	125,043	
Suriname	4,318	5,722	5,681	7,616	11,119	10,577	10,619	12,590	10,728	9,866	15,706	24,528	55,915	
Swaziland	1,665	1,651	1,231	1,584	2,258	2,127	1,412	423	1,709	2,680	2,354	2,174	2,573	
Sweden	4,326,243	4,374,695	4,922,212	5,636,394	5,438,463	6,264,226	7,363,164	8,056,369	5,717,631	6,694,274	7,792,695	6,514,800	6,170,647	
Switzerland	9,792,967	9,895,627	11,976,357	12,723,008	12,723,399	13,142,134	14,401,205	17,686,093	14,028,479	15,054,310	18,229,359	17,649,691	17,372,520	
Syrian Arab Republic	328,598	280,814	440,948	378,321	539,680	637,496	426,618	426,767	422,130	440,622	396,856	159,645	212,102	
Taipei, Chinese	1,922,414	1,219,681	1,450,162	2,034,728	2,593,140	2,234,706	2,273,794	1,867,224	1,417,887	1,823,687	2,616,775	2,460,899	2,199,137	
Tajikistan	1,191	725	1,427	3,199	8,619	7,159	6,035	7,997	2,627	5,817	10,600	6,635	15,420	
Tanzania, United Republic of	52,091	48,405	57,684	65,703	72,493	49,507	140,106	158,158	135,163	179,648	99,150	168,512	111,972	
Thailand	788,910	728,032	755,474	960,752	2,009,145	946,965	1,354,574	1,523,743	1,574,018	1,977,175	1,506,139	2,734,244	3,181,071	
Timor-Leste	1,629	211	184	4	254	34	77	1,494	182	130	16,743	417	242	
Togo	97,432	159,699	177,674	176,517	218,292	209,909	266,628	242,915	246,405	234,229	344,760	471,414	528,693	
Tokelau	1,251	1,237	331	888	545	699	1,335	631	278	565	237	333	69	
Tonga	1,817	591	574	361	804	7,148	524	156	527	121	60	47	2,500	
Trinidad and Tobago	36,309	37,687	37,990	43,029	43,857	45,293	53,900	76,430	29,812	32,098	75,014	105,562	196,808	
Tunisia	2,509,336	2,646,877	2,930,786	3,282,925	3,224,022	3,779,849	4,370,789	4,858,714	4,300,736	4,491,095	4,977,740	4,646,145	4,918,965	
Turkey	1,981,578	2,728,395	3,681,697	5,260,312	5,799,788	6,533,478	7,125,920	8,402,659	6,731,562	8,303,271	9,320,123	8,875,001	8,324,407	
Turkmenistan	45,866	91,539	76,152	124,268	87,118	86,846	50,598	125,813	245,933	168,642	123,563	226,259	164,082	
Turks and Caicos Islands	672	1,550	2,195	744	1,288	1,547	2,497	3,728	1,400	1,348	1,713	1,588	1,980	
Tuvalu	5	4	2	0	4	35	0	0	25	0	0	0	0	
Uganda	27,964	20,010	45,540	34,326	40,046	50,762	56,469	88,762	132,825	80,052	86,774	87,690	115,150	
Ukraine	284,838	353,193	501,838	597,299	738,554	993,976	1,246,296	1,660,320	782,073	866,637	1,252,098	1,359,921	1,273,369	
United Arab Emirates	2,324,024	2,262,782	3,314,041	3,219,445	3,303,737	4,295,622	5,010,290	5,188,484	4,836,367	4,521,978	5,077,135	4,540,393	5,253,631	
United Kingdom	28,480,822	31,330,056	34,405,122	38,671,329	38,237,981	40,715,473	45,226,332	46,710,234	33,747,315	34,343,828	38,470,727	37,531,366	39,115,149	
United States Minor Outlying Islands	12,955	11,272	12,033	17,878	17,466	17,956	18,906	32,820	20,376	16,296	16,373	21,302	17,454	
United States of America	25,615,806	24,665,977	24,876,423	28,711,499	31,113,171	33,165,277	34,096,800	35,110,119	27,346,847	29,230,606	32,468,181	34,113,797	35,789,835	
Uruguay	108,053	59,205	72,673	83,090	98,636	131,412	141,284	172,353	121,527	218,577	231,636	248,173	275,333	
Uzbekistan	108,034	35,190	43,792	38,616	47,898	54,147	70,936	42,057	72,439	154,254	188,861	89,358	156,073	
Vanuatu	7,152	2,618	2,909	3,558	3,206	4,994	4,970	10,687	23,688	8,843	11,268	6,781	10,594	
Venezuela	327,005	317,166	271,297	246,539	339,117	552,595	614,797	523,482	427,152	476,535	539,096	621,104	633,291	
Viet Nam	281,248	336,001	434,513	398,207	379,001	407,261	625,791	577,597	741,943	900,996	1,044,276	788,873	934,802	
Wallis and Futuna Islands	232,228	11,197	8,362	12,207	9,828	10,271	11,735	13,481	9,560	12,147	14,169	13,663	17,178	
Yemen	144,741	158,679	159,413	382,952	149,605	151,528	226,090	296,326	355,092	445,646	447,842	265,268	343,532	
Zambia	10,941	13,351	17,505	25,780	16,301	16,396	26,608	30,464	14,138	34,967	49,044	51,484	27,471	
Zimbabwe	19,841	14,730	21,136	12,357	11,076	11,426	15,919	11,676	10,692	14,329	21,176	26,909	27,510	
