List of importing markets for a product exported by Gabon (Mirror) Product: TOTAL All products
"Importers"	"Exported value in 2001"	"Exported value in 2002"	"Exported value in 2003"	"Exported value in 2004"	"Exported value in 2005"	"Exported value in 2006"	"Exported value in 2007"	"Exported value in 2008"	"Exported value in 2009"	"Exported value in 2010"	"Exported value in 2011"	"Exported value in 2012"	"Exported value in 2013"	
Total	3,053,522	2,853,646	3,529,407	4,164,666	4,783,583	4,393,651	6,330,545	8,654,066	4,811,315	7,251,585	10,748,854	10,406,110	9,695,089	
Albania	0	0	0	2	17	18	0	155	35	101	302	237	220	
Algeria	3,526	649	1,637	1,720	1,133	2,130	740	774	3	10	172	0	0	
Andorra	14	0	0	0										
Antigua and Barbuda					34		0		0	10	5	0	7	
Argentina	0	0	1	0	4	795	0	0	131	351	573	1,623	1,735	
Armenia	0	0	0	0	0	0	0	2	0	29	91	71	40	
Australia	67	29,847	136	141	99,986	409	92	123	346	346,014	938,478	1,160,282	942,567	
Austria	873	497	756	748	878	210	1,000	779	7	192	0	3	1	
Azerbaijan	0	0	0	0	2	10	0	3	7	9	6	81		
Bahamas	0	0	3	0	0	0	0	0	0	0	8	0		
Bahrain	0	0	0	0	0	0	0	0	0	2	5			
Bangladesh	0	215	0	50	0	99	0							
Barbados	0	0	1	73	8	0	0	0	2	0	0	0	26	
Belarus	9	48	0	0	202	0	0	0	0	0	0	0	0	
Belgium	14,289	12,757	14,003	14,633	16,176	20,331	23,967	23,566	16,666	28,782	57,642	59,010	57,870	
Belize	1	0	0	0	0	0	5	0	0	0	3	0	0	
Benin	53	311	1,982	894	77	837	1,338	164	828	961	96	69	267	
Bermuda												0	3	
Bolivia	0	0	15	0	0	0	0	0	0	1	7	0		
Bosnia and Herzegovina			0	2	0	2	0	23	25	10	8	1	14	
Botswana	0	18	0	0	0	0	0	0	0	2	0	0	0	
Brazil	62,308	54,594	0	0	1	2	13	11	21	2	9	126	16	
Bulgaria	75	48	29	2	2	0	3,135	10	18	31	12	41	1	
Burkina Faso	9	1	35	55	1,007		2,663	882	41	8	51	18		
Burundi	0	0	0	0	0	0	0	0	12	31	4	4	5	
Cabo Verde	0	1	768	1,273	1,971	176	0		0	25	0	37	0	
Cambodia	0	0	0	0	0	0	0	14	0	0	27	381		
Cameroon	3,433	3,146	2,278	7,550	3,274	7,180	10,204	17,324	16,892	11,001	4,125	2,723		
Canada	1,466	1,663	1,750	641	1,126	1,051	1,609	1,229	1,614	480	3,521	1,132	1,054	
Central African Republic	698	187	112			0	3,204	4,286	5,533	5,779	1,032	4,879	3,302	
Chile	71	33	22,069	67,054	445	57,588	0	1	5	189	263	51	183	
China	259,354	231,943	300,603	400,286	351,678	816,761	1,095,733	1,792,613	713,886	969,744	577,976	618,094	896,981	
Colombia	47	108	56	651	34	7	0	101	15	18	0	8	9	
Congo							234,482	646,009	209,564	206,647	1,112,586	896,663	1,016,741	
Costa Rica	0	0	0	1	0	6	0	1	0	4	2	1	1	
Côte d'Ivoire	1,834	11,023	10,763	1,979	1,515	4,641	1,390	808	3,503	2,052	1,844	469		
Croatia	23	6	51	129	25	23	20	41	112	52	126	91	0	
Cuba	0	0	25	1	47	0								
Cyprus	416	382	101	510	564	220	979	1,761	470	835	94	0	0	
Czech Republic	34	51	359	153	809	246	1,325	207	726	39	85	98	221	
Denmark	344	243	428	996	790	1,000	1,206	555	533	886	305	294	265	
Djibouti									4					
Dominica	11	0	0	0	19	2	0	0	52	0	0	0		
Dominican Republic	0	0	25	0	73	191	215	223	119	172	25	112	674	
Ecuador	1	0	7	0	0	0	0	0	0	17	14	102	18	
Egypt	0	0	13	75	0	54	0	86	355	167	109	104	74	
El Salvador	0	0	0	0	10	0	2	30	2	19	1	1	0	
Estonia	1	0	10	0	0	0	0	0	2	2	5	5	10	
Ethiopia	5	19	10	15	16	65	8	119	0	88	12	1		
Fiji		0	1	0	0	0	5	0	0	0	0	0		
Finland	134	38	4	7	9	0	355	2	43	13	41	232	35	
France	366,032	228,848	199,884	250,577	272,802	403,488	640,810	508,616	325,207	283,489	159,702	221,397	454,941	
French Polynesia	80	0	0	0	4	11	1	1	0	0	0	0	27	
Gambia	3	5	0	0	363	0	11	4	23	0	6			
Georgia	0	0	0	0	0	0	0	2,348	470	10,995	3,538	0	7,219	
Germany	9,961	7,949	23,749	16,733	20,448	23,488	81,406	154,297	278,669	137,136	83,374	153,792	85,354	
Ghana	70		118		207	43,956	811	1,290	6,777	661	1,362	4,356		
Greece	13,647	10,804	12,654	14,699	19,248	18,722	12,440	45,544	23,225	16,667	31,062	13,073	13,985	
Grenada	15	156	110	0	0	1	0	2						
Guatemala	17	0	54	5	0	0	0	123	0	424	211	341	0	
Guinea	3,605	9,587		6,684	13,269	7,303	2,947	37,561		24,942	1,098	141		
Guyana	0	0	0	0	0	1	1	58	0	12	0	41	9	
Honduras	3,119	0	0	0	0	0	0	0	0	0	0	0	0	
Hong Kong, China	25,856	9,874	8,773	1,360	1,100	1,617	3,089	2,040	1,294	1,412	2,096	3,205		
Hungary	180	67	56	79	64	70	163	11	3	42	168	378	390	
Iceland	0	0	0	0	0	14	179	106	47	6	12	17	8	
India	9,772	18,804	18,432	38,152	44,834	104,792	84,030	206,257	168,300	320,171	69,322	852,052	918,953	
Indonesia	36	109	48	692	185	94	31	1,030	479	228	3,743	1,266	456	
Iran (Islamic Republic of)	0	0	0	0	0	0				0	0			
Ireland	3,373	1,524	1,138	2,295	1,957	2,145	2,068	4,099	4,243	1,951	3,779	3,860	3,988	
Israel	4,717	1,474	2,744	1,870	1,362	1,444	229	47	0	0	18	2	1	
Italy	36,958	40,246	56,639	88,295	90,557	88,221	96,938	336,917	55,338	149,411	224,260	223,190	322,806	
Jamaica	0	0	0	0	91	7	0	0	6	0	0	0		
Japan	12,005	35,137	165,941	8,035	13,530	81,139	148,328	480,847	22,125	52,305	659,202	2,741,325	2,265,038	
Jordan	0	0	0	2		0	3	27	77	152	25	125	104	
Kazakhstan	6	0	0	0	0	0	11	23	1	0	0	3	9	
Kenya	0	3	19	53	7	0	0	201	4	0	25			
Korea, Republic of	135,191	50,704	120,010	42,212	85,952	16,272	25,754	71,608	210,582	29,083	39,643	309,849	203,253	
Kuwait	0	21	1	76		69	188	6						
Kyrgyzstan	0	0	0	0	0	0	0	0	0	0	0	0		
Latvia	0	0	0	1	0	197	99	0	0	8	4	4	6	
Lebanon	214	95	1	26	54	28	23	220	802	410	1,078	770	491	
Lesotho	0	0	324					0	0	0				
Libya							0	1,051	1,600	5,430				
Lithuania	1	22	0	22	0	0	32	0	0	1	797	0	0	
Luxembourg	0	0	0	0	0	39	0	19	78	4	599	15	81	
Macao, China	0	0	0	0	0	0	0	0	3	0		0		
Macedonia, The Former Yugoslav Republic of	0	23	0	0	0	5,036	16,153		0	0	6,446	1	0	
Madagascar	246	39	0	0	0	24	11	156	76	27	35	17	88	
Malawi	5	1	4	26	0	0	0	0	0	41	65	1	1	
Malaysia	842	887	0	17	878	85,312	413,420	169,524	306,582	770,724	949,879	185,242	53,998	
Mali	120	206	81	76	87	82	1,078	68		465	33	71		
Malta	0	0	0	2	5,797	7,553	0	0	0	0	0	0	40	
Mauritania	0	0	12	11	1		5	419	2	3,134	4,772	3,913		
Mauritius	0	0	27	0	0	0	0	1	0	3	17	113	165	
Mayotte	1	0	2	17	0	2	29	0	0					
Mexico	3,057	3,326	3,152	2,669	4,314	1,990	5,199	3,326	3,019	10,829	11,832	6,705	6,609	
Montenegro						0	0	0	6	0	1	0	0	
Morocco	20,651	20,120	27,391	38,407	27,087	26,797	51,488	37,719	18,859	25,340	27,196	22,700	22,366	
Mozambique	16	48	1	0	13	11	5	85	29	15	683	4	91	
Namibia	0	1	0	0	0	38	0	18	163	66	69	1	1,190	
Netherland Antilles					1	130	244	4						
Netherlands	14,553	12,866	10,137	9,855	18,107	18,873	31,490	166,925	44,606	169,463	43,102	193,771	171,407	
New Caledonia	10	31	28	9	40	5	51	0	0	1	114	13	0	
New Zealand	14	2	16	33	0	0	33	24	16	59	232	249	1,620	
Nicaragua	0	0	0	0	0	0	0	0	0	0	0	1	1	
Niger	0	0	65	9	0	85	1,018	2,650	434	1,756	1	5	4	
Nigeria	5,902	8,114	11,132			2,228	76	12,509	68,979	5,626	224,457	3,014		
Norway	9,365	13,588	17,193	33,237	41,328	24,655	35,182	49,120	38,175	42,451	91,360	108,910	110,889	
Oman	0	0	19	0	0	0	0	0	0	0	40	137	422	
Pakistan			34	18	120	4	68	27	12	48	473	352	137	
Palestine, State of							0	143	444	49	0	134		
Papua New Guinea	0	0	1	0							3	291		
Paraguay	0	0	0	0	0	0	0	0	0	0	0	0	0	
Peru	44	0	0	0	6	0	0	2	0	0	0	0		
Philippines	54	53	56	25	43	0	180	266	132	16	12	212	87	
Poland	1,242	1,044	1,947	1,912	2,209	4,548	1,422	2,330	2,330	1,773	3,858	6,592	10,720	
Portugal	56,777	22,865	69,430	92,205	19,282	11,845	15,729	10,755	6,779	6,752	4,945	5,398	3,368	
Qatar	0	0	6	0	0	46	75	406	688	799	735	1,413	1,498	
Republic of Moldova	0	0	0	0	6	20	1	12	0	0	0	0	1	
Romania	0	17	25	931	3,507	595	1,029	8,264	128	40	92	0	2	
Russian Federation	1	0	26	4	37	829	854	200	817	19	65	87	163	
Rwanda	1	0	0	0	10	0	0	0	0	95	24	10	3	
Saint Kitts and Nevis	2	0	0	0	0	0	0	0	9	1	1			
Saint Lucia	3	0	0	0	2	0	1	0						
Saint Vincent and the Grenadines	0	16	10	0	0	0	20	12	0	6	1	0		
Sao Tome and Principe	1,144	933	859	463	290	452	780	3,370	3,107	5,766	2,854	3,034	2,097	
Saudi Arabia	18	2	3	89	9	3,279	5,712	24,086	1,985	10,978	15,366	5,261		
Senegal	3,942	20,033	6,542	2,021	19,892	51,439	754	27,420	364	6,714	435	402	301	
Serbia					118	347	356	515	683	542	510	346	233	
Serbia and Montenegro	1	22		80										
Seychelles	0	0	0		1	0		1						
Sierra Leone		13												
Singapore	7,543	75,537	31,308	8,385	42,942	127,146	94,948	55,281	39,492	9,461	32,224	76,434	11,698	
Slovakia	54	34	2	146	209	391	315	253	173	2,072	116	3,697	76	
Slovenia	45	4	7	184	170	104	41	34	0	17	2	8	71	
South Africa	66,712	67,224	7,042	25,559	107,166	170,269	24,871	20,150	52,377	11,197	20,811	22,180	133,283	
Spain	53,985	30,209	28,912	74,951	131,294	167,233	115,632	378,132	315,852	324,051	544,155	468,028	673,395	
Sri Lanka	0	8	0	0	0	0	0	0	33	6	55	45		
Sudan (North + South)	0	188	75	117	8	1		1,076	2,348	241	55			
Sweden	63	37	0	132	233	32	21	26	6	3	18,277	843	10	
Switzerland	538	154	254	7,916	688	323	1,135	794	266	3,582	310	197	273	
Syrian Arab Republic	0	0	0	0	0	0	0	0	79	164				
Taipei, Chinese	12,836	7,288	8,514	54,330	16,027	9,919	18,023	17,873	7,068	5,483	960	525	2,142	
Tanzania, United Republic of	224	101	227	43	7	36	16	340	84	666	260	2,876	284	
Thailand	1,414	2,444	3,439	43,589	107,434	224,640	107,888	785	2,041	1,205	18,884	2,060	2,231	
Togo	590	39	3,684	60	2,062		61	19	132	42	39	25	12	
Trinidad and Tobago	70,269	117,602	197,349	90,522	120,265	249,521	520,970	586,380	483,627	836,025				
Tunisia	1,671	6,009	1,793	2,352	4,697	2,749	2,267	3,485	2,290	1,598	2,141	1,946	1,154	
Turkey	7,220	7,464	8,297	18,459	22,738	14,935	23,812	27,041	11,584	4,966	3,474	5,752	3,470	
Uganda	0	3	1	0	68	4	0	174	112	115	172	478	593	
Ukraine	0	2,882	13,691	61,074	75,349	49,135	106,846	309,348	28,043	79,983	36,972	30,492	11,484	
United Arab Emirates					1,390		732	2,743						
United Kingdom	3,088	3,372	33,225	3,293	3,956	3,962	3,694	6,145	4,213	5,237	7,943	3,346	124,692	
United States of America	1,734,956	1,665,521	2,074,571	2,619,923	2,955,116	1,416,433	2,243,345	2,372,198	1,283,322	2,276,509	4,659,045	1,934,584	1,142,900	
Uruguay	0	0	0	0	0	0	0	0	0	2	31	184	336	
Venezuela	0	0	0	5	0	1,711		239	21	57	17	28	6	
Viet Nam	0	0	0	0	597	1,705	0	4,822	8,486	15,586	28,355	27,617		
Yemen				0	0	0	0	43	0	0	0	0		
Zambia	0	0	91	1	0	0	183	73	7	2	0	5	8	
Zimbabwe	349	19		0	16	5	0	0	310	2	59	114	11	
