List of importing markets for a product exported by Ireland (Mirror) Product: TOTAL All products
"Importers"	"Exported value in 2001"	"Exported value in 2002"	"Exported value in 2003"	"Exported value in 2004"	"Exported value in 2005"	"Exported value in 2006"	"Exported value in 2007"	"Exported value in 2008"	"Exported value in 2009"	"Exported value in 2010"	"Exported value in 2011"	"Exported value in 2012"	"Exported value in 2013"	
Total	86,403,116	100,861,388	115,237,150	132,317,810	141,040,838	145,581,017	161,870,373	163,991,998	148,905,769	155,418,389	167,031,589	150,424,154	144,447,852	
Afghanistan								642	911	2,900	3,020	0		
Albania	3,828	4,511	2,263	7,480	11,180	9,482	11,591	10,568	11,640	15,419	14,511	13,755	14,610	
Algeria	24,303	47,547	55,407	65,031	93,571	119,129	130,325	131,699	113,990	154,307	193,509	155,934	174,894	
Andorra	1,152	2,565	2,868	4,352										
Anguilla	0	17	1											
Antigua and Barbuda					283		790		356	247	220	251	195	
Argentina	78,531	30,688	41,529	48,436	45,672	76,436	92,941	112,414	110,985	173,411	191,462	228,248	228,505	
Armenia	376	396	648	614	947	2,825	4,224	5,135	2,764	4,185	4,972	6,629	6,628	
Aruba					29				0	0	0	0		
Australia	660,742	847,094	1,064,216	1,337,497	1,498,448	1,384,429	1,749,439	1,894,567	1,851,760	2,074,593	2,187,862	1,641,359	1,463,797	
Austria	748,671	912,470	832,755	1,309,494	628,250	665,113	702,174	817,370	725,873	759,070	707,241	645,427	1,612,658	
Azerbaijan	2,363	1,644	3,965	8,339	7,762	8,578	9,195	12,314	9,432	7,889	12,477	18,242		
Bahamas	74	324	158	11	168	297	331	380	141	863	1,579	1,101		
Bahrain	15,769	14,999	12,836	13,475	21,402	21,402	22,785	36,352	30,855	48,882	68,717			
Bangladesh	1,417	3,779	3,692	1,808	2,259	2,514	4,219							
Barbados	2,765	1,859	2,825	5,694	3,943	4,135	3,703	4,824	3,902	3,756	2,895	3,132	3,209	
Belarus	5,430	7,175	7,761	16,165	19,546	23,499	23,017	33,726	23,153	28,290	24,726	43,853	43,787	
Belgium	5,009,803	13,908,399	13,158,718	17,249,806	20,362,003	20,223,612	19,899,800	18,454,802	21,522,334	19,809,699	20,533,342	19,207,267	18,259,564	
Belize	189	39	186	111	214	665	769	1,363	610	312	553	581	464	
Benin	1,796	2,117	2,956	6,232	7,541	5,321	9,238	10,066	6,155	3,931	5,857	8,072	6,436	
Bermuda												1,176	968	
Bhutan					175	0	0	0	0	0	66			
Bolivia	930	1,038	363	738	792	1,066	1,703	2,163	1,998	3,368	2,398	2,843		
Bosnia and Herzegovina			3,596	14,274	18,521	21,062	25,298	32,431	26,334	27,502	28,866	29,679	28,237	
Botswana	3,688	6,399	7,746	5,415	3,212	3,290	3,276	3,040	3,991	4,017	4,493	4,335	3,483	
Brazil	245,527	205,329	223,341	267,782	288,156	322,084	424,283	499,828	505,754	569,203	644,989	699,264	623,797	
Brunei Darussalam	600	1,071	1,495	1,403		1,633				3,172	3,459	3,852	4,688	
Bulgaria	19,409	20,030	23,618	46,823	63,984	80,350	137,227	138,209	68,308	71,358	107,436	108,871	108,991	
Burkina Faso	2,997	2,937	1,626	2,124	2,287		3,358	5,389	3,129	4,325	4,751	4,169		
Burundi	87	127	113	12	124	5	0	114	0	188	12	155	31	
Cabo Verde	5	26	56	0	33	320	87		374	13	684	50	67	
Cambodia	2,541	1,185	1,787	2,045	7,061	3,804	32,850	3,422	3,206	6,229	2,647	3,592		
Cameroon	10,227	11,214	10,540	15,469	11,255	12,551	18,096	26,437	19,700	24,087	43,359	49,182		
Canada	930,085	1,106,703	1,363,604	1,324,502	1,696,076	2,253,773	2,300,015	1,882,415	1,931,113	1,442,991	1,240,825	1,273,264	1,349,685	
Central African Republic	0	137	168			301	11	126	200	232	63	15	200	
Chile	42,818	38,978	48,131	47,025	52,436	65,369	54,435	91,172	61,904	74,188	99,745	106,051	106,352	
China	612,508	689,456	951,493	1,187,896	1,423,066	1,545,239	1,925,333	2,746,384	3,231,013	3,412,622	3,699,439	3,797,556	4,193,838	
Colombia	40,962	38,696	42,301	67,539	58,087	55,313	64,030	66,519	81,781	104,147	130,115	139,184	142,556	
Comoros	183	1,055	155	78	866	476	27	532	36					
Congo							548	2,736	1,752	1,727	25,005	9,207	11,865	
Costa Rica	8,875	16,262	10,343	45,263	427,723	526,126	274,242	439,392	55,123	30,384	45,706	28,272	30,554	
Côte d'Ivoire	11,719	12,880	15,393	16,141	16,735	16,187	13,918	20,754	16,862	28,814	28,650	42,324		
Croatia	35,101	57,922	65,582	97,940	105,441	114,994	121,318	131,297	108,557	96,808	96,392	94,084	67,214	
Cuba	2,319	946	1,282	3,498	4,545	1,243								
Cyprus	29,009	29,682	31,485	31,913	35,778	32,426	33,105	39,374	35,092	233,901	28,057	19,978	18,539	
Czech Republic	207,745	335,130	282,425	369,723	439,461	529,684	813,891	918,740	802,482	1,051,929	992,086	780,612	841,266	
Denmark	541,105	632,380	679,149	731,555	867,669	1,007,986	1,133,906	1,047,552	936,180	971,227	1,064,789	1,074,075	1,192,658	
Djibouti									52					
Dominica	240	13	1	13	176	358	390	503	252	151	194	179		
Dominican Republic	2,983	2,984	8,141	3,712	8,293	8,196	9,975	14,626	13,217	19,292	16,386	23,209	20,770	
Ecuador	3,469	5,161	7,030	5,966	14,519	11,667	7,090	41,955	24,656	13,576	23,754	13,901	30,470	
Egypt	77,969	46,826	34,431	55,151	40,559	50,285	67,810	149,017	219,429	197,164	166,719	175,226	169,921	
El Salvador	1,297	1,622	3,200	3,858	4,160	5,789	4,476	3,884	3,335	9,281	10,828	10,343	9,437	
Eritrea			137											
Estonia	34,436	26,284	29,830	33,904	34,962	41,652	76,112	94,207	50,878	56,797	66,675	56,277	57,958	
Ethiopia	2,606	4,402	9,046	9,480	9,124	10,837	15,706	17,943	21,457	30,537	25,581	26,158		
Faroe Islands	3,056	6,097	5,113	12,800	4,851	5,322	6,466	7,773	11,284					
Fiji		149	252	408	2,075	1,682	928	2,594	297	2,137	3,286	3,925		
Finland	362,601	343,654	435,887	491,329	542,517	827,358	843,509	712,964	482,687	505,297	681,614	629,230	580,275	
France	5,328,868	6,140,761	7,489,707	8,009,740	8,950,530	8,123,677	8,929,598	8,983,380	8,389,467	7,745,398	9,001,000	8,956,090	8,859,392	
French Polynesia	2,522	4,277	5,870	7,544	11,934	9,534	9,633	11,239	8,639	9,057	9,327	8,415	9,352	
Gabon	3,231	4,179	3,282	636	652	423	653	1,606	332					
Gambia	85	102	55	230	27	35	30	19	3	0	77			
Georgia	758	656	1,641	2,185	4,329	6,679	5,042	6,941	5,352	6,917	10,422	10,737	11,101	
Germany	14,005,284	12,767,809	15,716,036	18,736,889	18,668,705	21,057,416	24,439,041	24,470,279	19,297,506	18,590,819	17,331,024	12,849,083	12,113,135	
Ghana	7,717		9,519		24,315	22,657	29,305	35,434	25,667	38,671	51,138	68,347		
Greece	249,423	200,416	370,101	446,820	487,053	544,881	718,151	771,862	665,687	551,018	431,411	351,821	369,812	
Greenland	4	2	610	80	0	932	24	242	371	371	584	974	622	
Grenada	240	115	230	128	193	305	158	209						
Guatemala	7,836	5,382	5,139	1,803	9,923	7,766	4,402	9,110	11,699	6,274	8,572	10,171	12,545	
Guinea	131	513		657	130	1,139	563	942		2,069	1,236	1,498		
Guyana	331	263	200	153	2,126	1,891	1,377	1,766	3,200	3,074	3,367	2,551	3,498	
Honduras	242	2,596	2,413	1,618	2,710	1,339	2,127	3,154	4,578	8,281	11,078	11,710	9,798	
Hong Kong, China	614,529	463,243	815,638	984,171	858,026	875,675	1,119,878	1,205,629	1,140,725	1,259,887	1,089,455	812,216		
Hungary	187,162	201,297	225,172	229,160	299,868	380,837	430,767	422,949	390,713	457,478	506,321	512,261	527,817	
Iceland	25,665	31,061	66,737	94,879	125,110	120,307	79,933	66,456	55,104	31,929	24,711	69,505	33,705	
India	70,150	105,006	100,481	147,851	214,234	265,854	242,380	248,034	247,080	240,243	366,531	414,281	528,564	
Indonesia	41,929	41,961	44,679	107,043	81,097	148,117	170,876	126,381	185,570	101,981	107,875	109,867	115,803	
Iran (Islamic Republic of)	24,001	27,707	66,036	101,192	77,023	0				140,611	160,301			
Israel	297,434	251,615	252,288	370,372	367,409	352,711	368,148	415,194	473,215	519,423	994,272	1,005,932	904,356	
Italy	3,215,847	3,431,620	4,616,397	5,205,427	5,071,723	4,717,942	4,766,905	4,465,642	4,372,178	4,154,338	4,340,521	3,678,992	4,051,439	
Jamaica	12,729	21,181	7,817	10,091	9,063	8,762	10,443	54,794	5,226	5,941	7,598	10,422		
Japan	3,634,798	3,204,046	3,554,166	3,798,590	3,762,296	3,490,336	4,104,452	4,153,300	4,660,644	4,302,527	4,184,404	4,424,179	3,642,151	
Jordan	24,486	28,831	27,777	32,780		38,807	53,340	73,346	72,783	90,895	87,470	79,569	82,161	
Kazakhstan	12,587	19,950	15,187	26,689	36,757	46,324	85,978	74,367	66,000	82,637	103,813	124,453	150,138	
Kenya	7,981	52,002	12,047	6,567	12,014	218,644	54,498	21,533	27,362	79,328	60,781			
Korea, Republic of	742,540	754,463	664,378	828,592	835,304	836,481	835,248	880,182	644,947	631,219	718,983	765,683	833,344	
Kuwait	56,890	64,617	73,579	81,477		121,151	134,346	167,952						
Kyrgyzstan	81	106	126	608	450	894	347	692	839	2,052	1,341	1,650		
Latvia	19,773	19,151	23,007	28,522	23,343	29,340	30,121	36,594	22,893	27,383	36,588	37,937	35,517	
Lebanon	52,748	58,210	60,104	52,856	54,334	46,991	39,163	42,164	48,604	59,761	62,777	99,607	112,098	
Lesotho	0	7	0					0	0	84				
Libya							45,347	23,115	34,143	41,478				
Lithuania	24,953	31,331	33,085	24,842	30,726	44,932	66,096	59,160	28,840	41,777	72,906	87,884	81,424	
Luxembourg	52,068	33,699	91,174	120,670	108,768	105,975	112,102	116,547	84,550	84,314	85,814	91,680	95,479	
Macao, China	1,855	3,571	1,631	2,074	3,800	7,941	11,671	6,391	14,020	21,602		29,647		
Macedonia, The Former Yugoslav Republic of	9,333	5,349	5,193	12,448	14,048	20,084	25,560		28,939	26,242	20,043	15,578	17,108	
Madagascar	672	381	943	1,427	1,336	1,065	2,256	1,954	112	506	745	1,150	1,317	
Malawi	982	1,339	1,529	4,423	2,227	3,945	4,372	2,300	5,773	4,390	4,778	3,258	4,535	
Malaysia	1,000,449	749,972	657,938	590,920	711,012	805,163	798,187	1,497,851	982,199	1,099,922	552,110	314,121	288,865	
Maldives	120	271	1,087	2,366	199	245	339	380	330	578	616	854	21,256	
Mali	6,970	9,805	10,445	7,723	12,377	14,465	12,189	14,895		19,490	14,849	6,827		
Malta	16,833	16,804	20,496	22,926	24,827	19,590	29,511	29,690	28,168	30,222	30,242	25,577	24,843	
Mauritania	74	105	169	47	132		109	60	504	773	1,983	5,692		
Mauritius	5,801	5,246	6,737	6,748	8,581	9,350	12,390	12,306	17,008	12,710	12,227	13,463	13,063	
Mayotte	702	2,057	2,125	1,339	2,833	2,851	2,203	2,912	1,817					
Mexico	550,754	614,166	794,455	700,026	773,682	893,230	953,552	1,015,295	812,936	831,872	923,554	1,010,600	1,053,111	
Mongolia	4		121	862	288	414	293						3,530	
Montenegro						2,491	4,658	5,646	2,399	2,589	3,091	3,284	2,976	
Montserrat	4	68	2	0	67	165	133	109	116			160	221	
Morocco	29,090	55,802	141,996	171,642	165,932	136,936	145,288	180,875	140,507	159,302	146,550	141,865	121,778	
Mozambique	10,080	2,697	2,542	841	6,222	4,296	3,540	4,090	5,638	5,985	6,529	6,026	3,987	
Myanmar										10				
Namibia	3,405	3,653	2,696	1,491	1,726	2,147	4,682	1,244	8,618	717	1,870	2,273	4,713	
Nepal			194						242	972	1,318			
Netherland Antilles					7	404	127	398						
Netherlands	3,411,803	3,485,159	4,494,785	4,394,451	4,585,268	4,427,715	4,897,986	5,206,540	4,606,246	5,669,944	7,057,933	6,269,601	6,343,301	
New Caledonia	2,224	1,735	2,307	2,675	6,387	6,588	10,096	9,656	6,751	6,620	9,009	9,862	10,765	
New Zealand	64,291	68,388	79,655	104,797	120,786	142,462	128,103	168,594	162,974	157,742	183,086	142,120	152,997	
Nicaragua	1,137	939	2,243	1,882	2,801	4,514	4,123	6,448	4,537	3,430	6,159	3,836	3,790	
Niger	781	1,223	550	930	552	612	1,281	1,940	944	680	588	1,170	2,895	
Nigeria	35,351	54,749	68,318			166,562	463,611	192,389	151,657	195,849	829,627	411,730		
Norway	489,083	501,343	558,929	696,804	888,710	897,673	952,824	923,620	737,952	797,945	820,731	661,537	661,608	
Oman	38,550	28,133	1,781	25,091	33,937	34,873	33,801	41,730	44,179	47,602	52,164	61,917	36,965	
Pakistan			15,660	32,182	36,114	40,850	42,363	45,731	31,579	28,950	30,327	44,795	39,817	
Palestine, State of							7,161	8,496	11,154	11,669	11,719	11,089		
Panama	5,994	6,240	6,875		7,535	24,042	22,297	25,821	24,609	28,136	23,830			
Papua New Guinea	0	109	35	13							1,083	1,660		
Paraguay	1,110	651	358	744	506	1,200	1,996	1,336	1,989	3,798	3,806	4,205	3,657	
Peru	12,442	12,044	10,837	12,674	20,792	22,509	38,075	39,160	20,937	29,316	39,976	52,566		
Philippines	282,110	567,298	301,126	316,586	533,786	904,674	1,434,988	644,231	185,362	321,050	254,692	369,994	151,197	
Poland	283,488	313,351	355,061	461,222	561,002	710,441	907,450	1,402,626	989,779	1,092,021	1,074,028	1,134,731	1,325,788	
Portugal	238,826	271,973	350,417	470,832	571,675	594,032	629,079	838,093	675,967	724,666	835,974	740,374	726,308	
Qatar	17,185	16,554	20,407	20,645	40,263	56,084	64,677	100,485	72,105	76,630	93,238	97,760	105,290	
Republic of Moldova	1,898	1,362	1,037	2,705	3,187	3,369	3,702	5,167	3,293	4,969	5,937	7,389	9,513	
Romania	58,551	69,325	100,363	159,479	248,376	301,714	271,895	244,101	358,609	322,511	421,483	467,302	505,688	
Russian Federation	154,337	198,924	234,695	239,237	290,306	460,082	654,167	913,489	669,378	998,366	1,237,178	1,365,973	1,372,245	
Rwanda	816	206	234	159	517	687	932	716	1,045	305	1,155	2,689	1,141	
Saint Kitts and Nevis	128	75	51	31	83	246	125	201	114	60	210			
Saint Lucia	284	276	507	330	366	308	344	485						
Saint Vincent and the Grenadines	829	588	1,236	909	1,158	1,035	1,543	1,742	1,246	1,117	843	1,195		
Samoa	0	10	8	87	534	408	791	799	817	627	328	1,124	4	
Saudi Arabia	302,299	293,743	317,777	350,326	432,217	620,147	704,718	878,543	818,471	923,055	927,808	1,126,576		
Senegal	26,244	28,016	28,780	45,584	48,229	50,824	60,961	63,486	22,756	25,014	22,707	17,059	32,191	
Serbia					45,769	62,942	88,532	111,125	84,805	84,352	107,776	103,754	86,306	
Serbia and Montenegro	20,417	30,847		55,815										
Seychelles	1,148	1,175	1,161		2,630	2,074		2,551						
Sierra Leone		88												
Singapore	432,582	641,586	667,052	901,683	1,046,381	849,268	777,536	1,016,317	991,762	888,805	846,877	876,589	865,914	
Slovakia	51,790	56,809	95,495	115,633	109,918	144,393	153,158	157,805	141,660	183,974	227,260	179,453	210,028	
Slovenia	31,701	30,189	44,856	72,316	74,390	77,537	89,945	103,587	110,180	94,618	86,522	80,035	74,008	
Solomon Islands								0	0	0	2			
South Africa	348,536	290,544	376,488	631,553	639,761	634,607	809,092	857,486	520,946	719,924	626,215	654,961	604,569	
Spain	2,145,161	2,434,126	2,946,877	3,445,115	4,354,247	4,994,658	5,677,198	6,210,183	5,952,120	4,340,925	3,888,697	3,482,919	3,689,037	
Sri Lanka	5,867	7,735	7,376	6,821	8,269	9,070	8,571	10,393	12,332	12,661	11,098	6,896		
Sudan (North + South)	3,443	7,489	9,457	11,536	18,519	20,226		26,007	21,613	23,059	16,074			
Suriname	400			582	204	26	53		379	199	919			
Swaziland	92	4,855	12	12,338	0	7,924	0							
Sweden	1,176,095	1,176,817	1,371,457	1,412,067	1,541,754	1,673,205	1,844,489	1,755,322	1,513,628	1,943,269	3,103,425	1,905,079	1,838,250	
Switzerland	3,158,229	3,300,443	3,565,521	3,779,192	4,541,256	3,723,843	5,040,195	4,570,182	3,919,049	5,629,153	6,637,878	7,209,228	7,614,737	
Syrian Arab Republic	0	0	3,389	7,487	5,234	5,854	9,932	28,698	22,460	30,279				
Taipei, Chinese	249,206	263,978	314,557	413,529	443,362	452,084	399,164	385,731	420,499	356,617	305,910	355,643	348,835	
Tanzania, United Republic of	5,235	8,341	9,630	13,268	12,075	15,415	25,254	18,982	16,219	16,770	22,022	17,302	19,396	
Thailand	165,062	124,986	140,840	185,752	179,124	180,720	194,281	249,103	207,934	255,306	262,924	279,071	280,433	
Timor-Leste				0	1									
Togo	460	509	553	684	828		315	663	701	105	1,098	13,681	18,771	
Tonga	0	0	0					0	1	0	1	22		
Trinidad and Tobago	21,148	23,256	21,390	17,240	15,603	20,634	24,447	48,460	27,237	18,803				
Tunisia	22,090	20,232	25,487	41,232	42,079	41,011	72,102	74,564	35,827	40,527	42,113	44,692	55,801	
Turkey	377,753	476,546	501,277	700,251	724,851	802,079	862,434	973,193	815,683	873,961	839,241	845,458	830,415	
Uganda	2,104	1,670	3,632	7,640	5,381	6,379	8,042	13,616	24,189	20,327	16,761	21,035	26,594	
Ukraine	27,921	24,218	26,583	27,558	45,142	50,849	87,950	126,251	102,131	112,079	168,316	152,631	191,487	
United Arab Emirates					150,709		230,420	288,279						
United Kingdom	13,888,622	14,603,781	16,634,721	19,521,477	18,990,122	19,753,738	23,562,282	22,841,554	19,742,275	20,366,238	21,237,495	19,481,266	18,695,847	
United States of America	18,626,190	22,484,849	25,959,131	27,568,789	28,769,940	28,777,532	30,491,014	31,709,338	28,187,871	34,024,541	39,356,068	33,436,434	31,712,735	
Uruguay	4,636	3,315	5,350	6,162	8,851	10,454	11,558	15,546	11,334	11,125	17,600	14,013	20,344	
Vanuatu						12	32		26	25	18			
Venezuela	39,279	28,113	32,899	30,540	42,355	84,010		153,044	101,978	84,514	82,565	132,606	111,025	
Viet Nam	5,252	12,154	15,668	14,883	22,244	22,146	40,932	43,618	116,078	110,451	267,265	647,028		
Yemen				4,302	5,022	4,368	6,147	6,709	7,597	12,468	12,885	17,570		
Zambia	2,955	2,346	5,638	8,859	5,549	11,780	17,347	20,101	21,935	46,060	48,972	71,774	90,089	
Zimbabwe	3,524	6,118		4,642	6,776	9,127	19,370	11,641	10,333	25,647	17,758	24,781	24,950	
