List of importing markets for a product exported by Kuwait (Mirror) Product: TOTAL All products
"Importers"	"Exported value in 2001"	"Exported value in 2002"	"Exported value in 2003"	"Exported value in 2004"	"Exported value in 2005"	"Exported value in 2006"	"Exported value in 2007"	"Exported value in 2008"	"Exported value in 2009"	"Exported value in 2010"	"Exported value in 2011"	"Exported value in 2012"	"Exported value in 2013"	
Total	16,109,744	15,676,102	20,267,939	27,354,235	38,855,725	51,800,440	58,840,050	85,300,138	51,794,262	67,613,070	95,799,369	113,518,411	105,833,928	
Albania	4	1	24	24	4	17	0	2	65	1,603	996	585	142	
Algeria	1,917	1,263	1,042	5,518	8,363	9,288	5,623	6,360	6,996	22,673	72,124	21,714	24,260	
Andorra	0	11	0	0										
Antigua and Barbuda					0		3		0	0	0	0	0	
Argentina	1,659	3,751	4,380	5,536	18	10,395	19,641	8	3	1,968	7,170	30,746	0	
Armenia	0	0	0	24	0	37	198	292	79	122	803	168	347	
Australia	63,074	90,221	89,729	82,842	178,830	159,504	243,602	407,616	280,763	328,630	442,264	479,358	102,940	
Austria	68	296	291	204	442	370	734	1,641	622	832	1,976	309,857	301,979	
Azerbaijan	106	47	30	25	202	6	30	502	0	705	53	178		
Bahamas	0	0	5	0	0	0	0	0	0	0	16	0		
Bahrain	18,330	28,919	40,425	35,539	36,277	28,332	62,165	191,153	136,176	89,310	90,994			
Bangladesh	4,575	25,442	129,234	392,995	856,938	1,457,558	1,266,291							
Barbados	0	0	0	22	0	0	0	2	0	0	8	0	0	
Belarus	0	0	0	0	0	0	0	8	0	0	0	0	1	
Belgium	39,832	34,587	22,798	19,203	100,133	31,840	51,093	84,195	125,030	135,206	109,198	134,959	203,016	
Belize	0	0	0	0	0	0	0	0	0	0	0	0	0	
Benin	7	5,516	75	1,611	1,309	1	24	32	130	30	59	268	95	
Bhutan					0	0	657	0	1,315	679	0			
Bolivia	0	0	0	0	0	0	0	7	1	684	0	8		
Bosnia and Herzegovina			1	15	77	117	120	432	129	1,280	1,953	2,011	1,902	
Botswana	0	0	17	2	0	0	0	0	0	1	12	0	3	
Brazil	54,861	27,863	73,990	22,213	33,059	565	113,666	20,282	293	244,093	387,054	960,384	1,016,325	
Brunei Darussalam	0	0	0	6		0				2	4	4	5	
Bulgaria	139	93	314	341	151	224	1,276	2,503	348	739	1,087	3,148	1,857	
Burkina Faso	469	55	4	171	1		5,801	2,571	234	69	8,071	40		
Burundi	49	0	22	0	0	0	44	0	1	0	0	0	300	
Cabo Verde	0	0	1,063	0	1	0	0		0	0	0	0	0	
Cambodia	2	24	52	0	2	0	2	39	0	64	162	196		
Cameroon	0	55	30	25	3	4	685	70	1,220	209	29	18,131		
Canada	12,179	15,677	36,707	103	56,597	56,267	1,591	14,375	32,788	32,061	57,298	19,834	121,439	
Central African Republic	0	0	0			19	0	0	2	0	0	0	0	
Chile	0	0	0	9	0	0	0	0	3	1	1	1	15,526	
China	450,197	464,351	513,253	764,059	1,020,502	1,924,000	2,290,623	5,038,815	3,500,921	6,708,788	9,175,205	10,467,165	9,567,317	
Colombia	20	0	15	0	0	11	17	55	52	395	3,884	0	3,298	
Comoros	4	0	0	0	0	0	85	964	187					
Congo							0	5,215	689	797	24	340	2	
Costa Rica	2	0	2	0	0	1	29	2	0	0	30	28	2	
Côte d'Ivoire	5,314	1,364	4,171	3,038	4,066	6,212	7,874	3,587	5,372	4,392	4,716	7,839		
Croatia	35	84	122	179	270	404	916	1,601	1,083	3,087	3,996	3,939	23	
Cyprus	3,769	3,098	1,056	2,007	14,594	17,481	14,767	42,257	31,291	30,108	67,827	43,847	4,193	
Czech Republic	93	18	331	377	619	2,237	499	1,587	2,462	4,283	2,391	1,349	1,576	
Denmark	47,591	17,290	15,024	470	46,354	28,928	79,213	97,646	29,686	131,973	141,722	78,896	61,465	
Djibouti									2,370					
Dominican Republic	16	117	1	3	0	0	0	0	6	4	2	28	0	
Ecuador	2	0	0	0	1	11	0	21	0	0	86	611	54	
Egypt	50,421	39,326	23,827	36,907	842,826	1,084,055	1,242,943	1,595,551	1,150,977	1,524,079	2,786,820	2,690,947	2,602,593	
El Salvador	4	0	0	0	0	1	2	0	0	0	0	0	0	
Eritrea			79											
Estonia	20	1	0	0	2	0	0	0	0	0	0	284	2,491	
Ethiopia	962	284	128,262	389	1,436	1,551	5,072	6,404	3,192	3,143	222,118	735,040		
Faroe Islands	1	4	1	1	1	1	0	3	0					
Fiji		17	13	0	0	2	12	0	0	0	0	33		
Finland	14,498	11	28	51	470	529	416	61	154	15,806	70	51	24	
France	325,083	313,588	545,351	474,371	1,026,637	1,002,817	1,428,590	1,832,602	483,517	394,549	198,996	796,339	1,221,994	
French Polynesia	0	0	0	0	0	0	0	0	0	0	5	0	0	
Gabon	60	0	14	26	68	30	5	754	745					
Gambia	1	0	0	0	1	0	0	0	0	200	7			
Georgia	1	0	0	58	36	234	850	1,806	557	55	57	69	203	
Germany	32,073	52,027	88,892	78,770	28,947	40,925	62,267	213,515	128,449	79,237	141,137	349,450	474,187	
Ghana	17,832		190		171	3,592	1,656	2,705	1,449	3,828	3,856	6,632		
Greece	3,473	3,733	8,349	17,315	3,546	42,566	1,692	1,150	9,957	5,310	14,359	24,367	28,352	
Greenland	0	0	0	0	0	0	0	0	0	0	3	0	5	
Guatemala	0	46	0	0	3	0	0	0	0	2	90	79	0	
Guinea	765	423		160	10	5	7	326		199	163	99		
Guyana	0	0	0	0	0	0	0	0	0	0	0	0	0	
Honduras	0	17	6	125	104	137	388	132	0	2	147	0	8	
Hong Kong, China	47,529	73,245	84,230	413,000	220,597	208,089	71,321	65,108	82,575	147,601	115,024	93,082		
Hungary	1	49	239	989	114	91	26	128	249	97	53	18,941	4,859	
Iceland	0	0	0	0	0	0	0	0	5,559	0	0	1	0	
India	88,489	109,769	192,837	247,649	416,261	4,572,922	6,493,131	10,751,160	7,602,188	9,021,918	14,690,533	17,786,792	17,591,600	
Indonesia	708,292	675,436	686,611	1,066,374	1,275,353	1,506,375	1,705,790	1,857,057	1,442,252	1,372,713	1,407,886	2,181,484	1,440,879	
Iran (Islamic Republic of)	10,454	11,083	25,353	79,705	63,512	107,260				112,823	93,815			
Ireland	92	70	21,808	98	839	694	455	557	58,303	677	733	490	506	
Israel	129	2	20	0	0	0	19	0	27	36	3	2	638	
Italy	137,263	26,815	47,068	49,382	150,481	90,600	159,155	212,872	99,805	142,117	111,497	126,350	190,055	
Jamaica	0	0	0	0	0	0	0	0	0	0	30	0		
Japan	4,431,329	4,206,752	4,572,917	5,747,311	7,638,187	9,098,588	9,916,430	15,298,876	8,964,201	10,291,708	13,113,864	15,266,740	13,450,332	
Jordan	18,339	17,644	20,747	28,946		35,191	136,588	115,029	66,993	123,776	132,045	163,476	167,957	
Kazakhstan	7	0	0	4	11	0	57	88	179	159	0	0	18	
Kenya	6,930	19,842	9,703	12,263	27,525	41,110	42,212	169,291	76,733	35,976	63,971			
Korea, Republic of	2,250,705	2,230,394	3,191,083	3,831,950	5,976,995	8,133,477	8,746,780	12,128,801	7,991,513	10,850,149	16,959,617	18,297,149	18,725,097	
Kyrgyzstan	2	0	50	0	0	0	0	0	0	0	1	0		
Latvia	0	0	0	0	0	1	1	108	0	0	81	54	4,731	
Lebanon	17,980	12,709	13,321	19,204	104,161	185,723	269,937	488,330	290,611	356,170	302,711	630,596	451,443	
Lesotho	0	0	30					0	0	0				
Libya							304	230	1,652	370				
Lithuania	0	0	0	0	0	1	3	1	1,510	0	0	6	5	
Luxembourg	143	45	23	840	5,598	0	0	0	6	58	3	1,364	1	
Macao, China	4	0	13	29	4	63	0	0	0	0		0		
Macedonia, The Former Yugoslav Republic of	2	1	20	9	21	0	5		37	1,090	1,654	844	240	
Madagascar	46	1,755	553	6,276	105	1,977	10	29	85,943	81,951	31,481	154	138	
Malawi	26	120	36	365	47	472	63	5	198	3,910	901	7,270	16,857	
Malaysia	66,677	46,331	53,954	67,346	272,441	308,279	599,301	509,695	289,927	458,801	570,552	886,827	650,266	
Maldives	1	1	2	258	1,981	60	21	1	0	1	0	0	0	
Mali	92	47	0	364	30	0	32	26		203	0	43		
Malta	88	79	124	1,053	43	89	19	91	213	86	76	280	31	
Mauritania	0	32	0	64	0		31	21	301	124	47	583		
Mauritius	195	1,530	1,482	7,891	836	578	632	395	439	275	618	1,292	411	
Mayotte	0	0	0	0	1	0	0	0	0					
Mexico	17,971	1	142	588	753	272	165	6,935	925	402	36	70	208	
Mongolia	0		4	22	54	7	1,258						0	
Montenegro						0	0	1	0	3	1	3	12	
Morocco	5,831	11,232	12,521	22,496	26,810	21,349	31,524	73,095	28,738	55,757	33,523	45,272	39,669	
Mozambique	78	200	842	64	189	701	4,043	2,603	16,062	45,323	169,164	29,987	313,047	
Myanmar										855				
Namibia	0	0	0	0	299	259	520	1,146	4,066	1,502	2,728	0	244	
Nepal			1,409						4,562	2,358	2,070			
Netherland Antilles					1	11	0	16						
Netherlands	1,045,811	773,125	768,675	1,114,078	1,805,126	2,427,190	2,420,084	3,065,436	1,645,586	2,313,359	3,209,642	3,024,053	3,221,951	
New Caledonia	0	1	2	0	2	2	2	6	0	0	0	1	5	
New Zealand	91,239	8,800	22,919	15,548	92,681	112,712	45,977	116,487	112,799	162,505	425,596	187,274	252,140	
Nicaragua	0	0	0	0	4	1	0	0	0	0	0	0	0	
Niger	17	47	19	1,976	814	5	2,257	23	410	32	1,541	41	61	
Nigeria	2,334	3,086	1,701			8,750	1,268	15,256	2,455	1,007	360	2,649		
Norway	505	0	49	67	1,579	2,439	1,405	1,384	4,037	5,541	6,595	2,505	9,993	
Oman	42,177	28,003	40,767	7,957	17,936	35,901	30,730	99,914	216,515	268,610	199,551	313,391	268,262	
Pakistan			831,825	997,634	1,264,215	1,881,205	1,852,960	3,443,536	1,804,247	2,608,034	3,891,125	4,208,848	3,948,722	
Palestine, State of							4	0	16	745	1,528	657		
Panama	0	156	83		66	271	32	180	0	0	0			
Papua New Guinea	9	11	11	3							24	13		
Paraguay	0	0	0	0	0	0	48	0	0	2,165	980	0	6,042	
Peru	0	0	0	0	22,349	0	2	0	25	610	0	0		
Philippines	16,849	50,981	10,534	13,900	19,567	45,595	63,561	49,978	26,537	76,493	38,811	30,197	89,535	
Poland	0	0	0	15	441	117,145	40	232	489	1,799	1,148	3,639	3,652	
Portugal	8,104	22,482	31,242	36,392	19,479	266	57,244	17,531	13,325	33,256	3,879	52,307	8,166	
Qatar	18,323	28,862	20,526	28,271	47,009	86,114	107,629	149,391	111,931	141,262	209,170	211,884	225,712	
Republic of Moldova	0	0	0	0	194	29	0	0	0	170	143	262	0	
Romania	17	17	37	350	469	0	137	1,042	148	1,294	5,521	4,351	5,143	
Russian Federation	1	49	0	673	16	0	0	15,117	43	122	16	2,073	1,536	
Rwanda	0	0	44	0	24	2	1,960	1,751	1,847	1,069	628	1,163	1,676	
Saint Kitts and Nevis	0	0	0	0	0	0	1	0	0	0	0			
Saint Lucia	0	0	0	0	0	0	0	0						
Saint Vincent and the Grenadines	0	0	0	0	0	0	0	2	0	0	0	0		
Saudi Arabia	110,349	125,226	130,381	205,144	223,368	225,729	225,918	311,432	294,245	365,880	442,709	402,477		
Senegal	232	112	281	6,173	2	13	13,909	777	750	230	656	1,397	278	
Serbia					879	1,065	582	1,072	418	1,137	1,809	1,472	1,197	
Serbia and Montenegro	45	293		527										
Seychelles	0	0	18		0	0		23						
Sierra Leone		21												
Singapore	1,358,229	1,742,890	2,114,687	3,158,824	3,685,493	4,512,475	5,073,708	6,540,509	2,763,478	2,648,813	3,593,008	4,794,070	3,461,310	
Slovakia	1	69	0	5	227	0	17	40	44	141	859	4	282	
Slovenia	1,112	545	1,646	1,555	1,056	730	544	383	18,462	28,566	34,326	2,949	2,922	
South Africa	94,448	18,332	83,879	53,253	49,378	19,312	1,259	34,244	23,171	87,530	29,643	51,361	17,920	
Spain	14,059	25,596	23,757	93,543	56,789	67,932	71,223	360,237	317,507	197,743	370,059	337,295	66,530	
Sri Lanka	7,039	96,922	17,170	11,742	7,702	8,021	7,601	12,229	26,760	11,900	45,637	14,181		
Sudan (North + South)	9,923	8,204	5,526	10,402	20,023	31,497		3,746	18,911	19,308	12,223			
Suriname	6			0	0	0	0		0	0	0			
Swaziland	0	0	0	0	0	0	0							
Sweden	4,250	503	13,984	16,505	823	707	403	691	923	1,079	481	784	459	
Switzerland	15,181	38,122	39,699	39,087	46,711	65,116	57,114	128,018	32,998	71,714	28,574	13,217	63,427	
Syrian Arab Republic	22,522	25,521	26,289	38,980	50,332	109,585	146,381	59,893	64,982	55,811				
Taipei, Chinese	1,130,326	1,288,688	2,001,968	2,770,137	4,295,637	5,007,826	5,745,193	8,071,016	4,572,649	6,128,150	7,707,749	8,623,846	8,428,090	
Tanzania, United Republic of	2,237	1,416	2,316	2,452	9,925	3,361	43,033	68,173	50,991	34,855	65,225	6,644	2,559	
Thailand	337,457	129,730	166,796	308,493	309,004	286,509	160,354	283,813	401,785	514,505	775,489	808,064	970,321	
Togo	33	1,731	19	4,183	10,339		2,252	74	6	29	10,619	4,951	1,063	
Trinidad and Tobago	55	0	11	0	0	0	0	4	0	0				
Tunisia	8,838	7,660	11,672	19,011	15,783	39,345	13,043	99,777	47,256	23,006	30,897	32,652	22,516	
Turkey	123,355	26,521	15,909	25,694	41,604	56,038	90,488	80,638	184,219	214,515	270,446	278,464	290,613	
Uganda	870	1,314	2,136	3,051	3,982	6,426	25,824	27,884	33,146	62,523	40,050	21,258	14,116	
Ukraine	1	0	196	0	593	519	207	1,118	1,136	307	605	157	276	
United Arab Emirates					266,876		440,410	513,067						
United Kingdom	419,483	388,989	564,320	798,560	640,721	1,635,671	2,116,781	1,800,658	1,074,514	1,481,871	2,239,084	2,238,869	2,470,365	
United States of America	2,210,699	2,052,046	2,477,959	3,472,900	4,614,256	4,182,203	4,313,115	7,400,149	3,969,194	5,586,994	8,010,061	13,346,041	12,941,615	
Uruguay	2,634	0	0	0	0	0	0	0	0	23,112	4,869	4,957	8,120	
Vanuatu						0	0		0	0	55			
Venezuela	19	13	4	55	481	180		99	24	85	1,028	26	62	
Viet Nam	45,746	151,104	172,520	256,468	358,667	144,942	21,845	76,981	21,607	372,770	807,926	708,653		
Yemen				247,034	323,551	356,024	424,557	660,778	398,063	356,487	388,844	337,889		
Zambia	70	6	0	15	8	4	94	513,728	401,000	508,683	335,820	560,531	218,398	
Zimbabwe	6,936	54,104		44,304	83,224	97,070	167,852	11,077	80,532	317,066	800,599	152,720	1,725	
