List of importing markets for a product exported by Kazakhstan (Mirror) Product: TOTAL All products
"Importers"	"Exported value in 2001"	"Exported value in 2002"	"Exported value in 2003"	"Exported value in 2004"	"Exported value in 2005"	"Exported value in 2006"	"Exported value in 2007"	"Exported value in 2008"	"Exported value in 2009"	"Exported value in 2010"	"Exported value in 2011"	"Exported value in 2012"	"Exported value in 2013"	
Total	7,951,121	9,323,826	11,331,926	17,847,666	23,007,705	30,700,237	37,463,892	53,359,504	34,000,646	48,465,903	67,790,690	67,983,393	66,331,185	
Afghanistan								152,523	290,557	207,983	333,309	0		
Albania	0	0	248	32	1,162	1,867	2,174	13,623	1,529	3,962	16,365	7,287	7,490	
Algeria	40	0	41	0	837	123	13,727	11,886	4,064	2,843	106	7,861	7,291	
Andorra	0	2	0	2										
Argentina	1,506	1,703	1,597	14,006	7	18,137	10,694	14,336	22,683	16,457	10,029	400	4,530	
Armenia	468	1,619	597	412	841	2,027	240,596	18,483	3,213	12,743	25,335	8,894	730	
Australia	920	1,053	2,169	3,177	6,504	7,049	6,519	26,069	5,668	13,262	6,886	5,687	1,471	
Austria	184,218	351,043	244,326	567,415	635,988	823,587	1,085,631	1,577,931	1,305,954	1,150,508	1,903,607	1,818,192	1,753,800	
Azerbaijan	99,540	149,794	138,708	236,741	95,345	127,252	222,294	200,052	63,618	293,553	217,308	340,557		
Bahrain	8	1,575	1,628	17	132	0	0	5,211	0	39	7			
Bangladesh	0	0	3,651	19,590	16,375	10,440	23,311							
Barbados	0	0	0	1	0	0	0	0	0	0	0	0	0	
Belarus	8,360	14,895	12,999	23,524	31,070	73,256	151,737	171,780	74,863	405,811	136,798	119,024	78,730	
Belgium	26,791	31,207	42,107	38,581	34,321	54,731	174,146	199,866	23,446	24,407	57,052	406,096	310,633	
Benin	0	0	0	0	0	0	0	0	0	0	0	0	0	
Bolivia	0	0	2	0	0	37	20	342	334	39	0	0		
Bosnia and Herzegovina			22	83	4	614	49	474	197	6,089	2,672	2,489	3,541	
Botswana	0	0	0	0	0	0	0	0	0	0	0	0	0	
Brazil	2,778	39,281	3,128	5,083	8,584	35,125	11,402	12,214	11,848	39,124	77,658	80,091	61,395	
Bulgaria	4,589	25,411	127,862	147,579	194,548	18,931	172,973	620,577	106,424	9,643	97,639	50,781	59,578	
Burkina Faso	0	0	0	0	0		811	490	350	509	1,562	0		
Burundi	0	0	0	0	0	0	0	0	0	0	0	134	121	
Cambodia	0	0	0	0	0	0	0	56	0	0	0	1		
Canada	18,857	6,814	13,125	37,048	30,405	32,743	87,087	218,589	1,488,921	2,219,032	2,884,538	3,076,300	2,518,838	
Chile	875	752	1,502	2,178	2,716	1,133	77	481	913	974	103	874	2,439	
China	960,651	1,354,645	1,719,980	2,286,271	2,909,355	3,607,273	6,431,909	7,727,828	6,255,600	11,108,591	15,349,866	14,675,447	16,039,683	
Colombia	72	5,273	3,963	1,184	624	607	8,027	1,687	2,544	2,735	1,952	184	2,726	
Congo							0	0	2	1	119	2	0	
Costa Rica	0	10	1	2	931	0	0	161	4	1	0	54	26	
Côte d'Ivoire	0	0	0	1	527	0	1,570	1,580	0	1	66	75		
Croatia	994	1,162	1,193	188	82	111	268	5,060	669	3,306	4,584	4,311	417,201	
Cuba	315	471	1,126	5,724	6,716	1,057								
Cyprus	182	202	44	0	1,520	4,620	5,701	6,079	2,247	4,764	18,911	32,146	16,047	
Czech Republic	105,973	45,486	60,018	120,878	164,262	287,822	178,641	553,023	283,664	422,216	580,269	482,911	535,296	
Denmark	564	1,246	3,632	69,582	47,201	54,102	19,229	51,909	12,110	15,127	18,202	30,840	48,217	
Dominican Republic	0	10	0	8	0	51	24	25	1	12	49	6	14	
Ecuador	0	0	688	7,486	8	0	0	13	25	14	14	21	242	
Egypt	6,006	1,725	2,818	1,645	2,262	8,594	80,537	162,816	36,004	80,727	21,643	21,807	14,868	
El Salvador	5	3	877	5,713	1,056	0	0	0	0	0	0	0	0	
Estonia	19,034	24,217	26,735	43,801	57,442	133,749	138,457	170,799	110,656	157,042	188,969	142,743	70,985	
Ethiopia	0	0	0	0	0	0	8,508	12,172	4,501	0	0	0		
Faroe Islands	0	1	0	0	2	1	263	0	8					
Fiji		0	0	0	0	0	0	0	0	0	0	0		
Finland	160,816	149,530	199,664	227,874	224,623	373,031	422,145	712,805	395,801	236,958	439,795	421,214	634,379	
France	283,620	495,524	508,644	1,497,003	2,262,729	2,505,508	2,835,356	3,316,757	3,375,600	4,246,123	7,170,152	6,749,323	7,076,524	
French Polynesia	0	2	0	1	15	17	1	4	5	5	0	0	0	
Gabon	0	0	0	0	20	0	0	217	7					
Gambia	0	0	0	0	0	0	0	0	0	0	3			
Georgia	5,263	5,283	9,750	21,423	11,551	22,584	63,819	54,722	23,259	91,648	70,590	131,751	55,258	
Germany	1,034,664	1,134,328	1,588,351	2,516,045	3,159,744	4,119,970	4,899,793	6,475,706	3,220,027	5,086,546	6,213,877	5,077,951	5,580,380	
Ghana	0		1		2	0	0	0	29	3	328	289		
Greece	127,865	228,587	93,632	130,247	406,878	683,072	1,013,419	1,318,332	668,763	1,412,155	1,196,453	1,636,697	1,887,273	
Guatemala	2	0	0	0	2,869	0	0	8	131	0	0	0	0	
Honduras	0	20	2	0	0	0	0	0	0	0	0	0	0	
Hong Kong, China	3,281	828	1,192	15	849	2,739	1,881	612	6,531	2,480	1,151	70,779		
Hungary	13,837	24,555	31,266	58,401	66,295	57,293	76,910	111,111	59,818	90,254	111,211	89,167	51,254	
Iceland	0	0	0	0	0	0	0	0	0	0	0	8	23	
India	11,154	11,164	10,805	13,965	23,485	76,112	70,504	142,992	146,660	157,500	122,562	163,994	441,841	
Indonesia	5,318	4,566	76,059	12,919	22,634	369	8,663	24,304	9,016	26,512	24,985	54,718	16,942	
Iran (Islamic Republic of)	270,039	239,905	304,443	208,189	245,776	283,035				141,779	95,115			
Ireland	3,506	3,842	2,985	2,086	14	378	665	20	215	159	4,313	1,132	1,170	
Israel	294	1,265	1,126	520	3,635	2,282	3,392	3,619	1,005	386	2,631	1,743	21,679	
Italy	510,006	676,012	578,569	924,515	2,328,122	3,452,004	2,973,189	3,899,839	1,871,537	3,134,284	4,914,385	6,017,700	4,889,963	
Jamaica	0	0	0	0	0	0	0	0	0	0	0	0		
Japan	104,787	98,732	154,822	246,010	334,379	334,258	401,628	849,381	331,299	602,116	761,983	582,508	643,812	
Jordan	2,596	3,339	5,144	16,602		10,215	12,277	41,305	13,386	2,830	1,719	18,135	15,390	
Kenya	0	0	3,218	0	3,656	1,479	179	192	35	0	17			
Korea, Republic of	56,136	71,670	153,095	204,029	241,605	275,882	256,767	350,457	166,409	333,934	375,799	308,199	249,095	
Kuwait	163	8	1,646	1,300		24	4,129	9						
Kyrgyzstan	81,752	116,591	170,911	202,883	180,435	199,796	312,405	376,491	275,168	385,478	410,861	518,720		
Latvia	2,881	2,951	2,734	3,499	20,855	49,293	53,574	127,864	31,071	54,041	40,438	83,538	51,533	
Lebanon	299	240	18,236	32,005	22,268	9,181	32,952	85,837	4,016	21,094	10,668	32,833	14,598	
Libya							3,540	6,536	0	8,792				
Lithuania	9,240	113,112	5,203	9,629	31,427	49,870	83,417	199,663	53,078	68,368	82,170	163,892	209,175	
Luxembourg	141	466	5	8	167	629	270	30	746	353	0	71	8	
Macao, China	0	0	0	0	0	1	0	0	0	0		0		
Macedonia, The Former Yugoslav Republic of	701	950	202	2,281	19,278	21,491	120,593		2,050	1,506	1,630	5,963	2,766	
Madagascar	0	0	0	0	0	0	0	1	0	0	0	0	0	
Malawi	0	0	0	0	0	0	0	0	0	2,798	0	7	0	
Malaysia	1,581	11,221	4,647	6,370	10,151	6	41	1,095	133	756	971	3,495	2,711	
Mali	0	0	0	0	0	0	0	2,798		4	0	0		
Malta	0	0	0	0	1	0	1	0	0	0	0	0	0	
Mauritania	0	0	0	0	0		0	0	0	0	0	0		
Mauritius	0	0	0	0	0	0	0	0	3	0	0	0	11	
Mexico	4,078	2,262	1,652	3,658	1,603	379	1,541	23,213	3,972	2,821	681	941	1,639	
Mongolia	21,328		4,916	26,334	40,538	49,805	38,007						34,237	
Montenegro						6	6	789	4	2	983	1,773	267	
Morocco	868	4,472	2,746	1,934	121	97	68,720	125,779	10,169	3,169	84,200	200,476	4,371	
Mozambique	0	0	0	0	0	0	4,993	2	28	12	1	143	85	
Namibia	0	0	0	0	1	0	0	0	0	0	0	7,716	0	
Nepal			0						0	1,326	354			
Netherlands	46,289	125,384	305,313	301,964	319,053	432,531	841,999	1,641,878	454,764	1,260,069	2,151,925	2,015,341	1,079,316	
New Caledonia	0	0	0	2	45	0	0	4	0	0	0	1	3	
New Zealand	1,855	776	1,927	1,659	4,559	1,367	3,575	4,760	5,712	3,128	1,359	334	794	
Nicaragua	26	49	504	600	2,136	117	0	0	0	0	0	0	0	
Nigeria	0	0	0			0	17,133	84	1,787	0	4,990	68		
Norway	1,688	4,928	6,303	1,711	6,235	4,434	10,588	14,981	28,890	9,563	19,647	25,917	13,364	
Oman	165	2,950	1,905	0	0	0	4,359	4,057	0	0	8	1	2	
Pakistan			53	809	746	2,550	1,992	44,528	2,155	34,971	7,769	13,204	4,731	
Palestine, State of							0	0	0	0	0	0		
Panama	0	0	0		25	0	0	0	0	0	0			
Papua New Guinea	0	0	0	0							1	2		
Paraguay	0	0	0	0	0	0	0	0	0	0	0	0	0	
Peru	8,655	6,292	966	38	79	57	0	50	0	25	585	1,547		
Philippines	89	59	225	567	1,638	114	715	1,028	0	4	257	7	130	
Poland	103,035	94,630	122,914	446,263	500,204	304,291	411,760	511,642	301,987	425,454	514,345	392,709	589,833	
Portugal	7,729	6,940	33,979	315,116	316,173	414,626	429,222	558,164	223,254	848,100	1,189,166	976,714	730,782	
Qatar	604	16	108	217	181	0	435	813	294	50	61	24	50	
Republic of Moldova	3,382	9,578	48,325	50,261	66,768	5,655	11,393	21,508	168,037	15,838	31,895	26,503	32,722	
Romania	151,422	337,798	240,907	587,924	1,315,955	1,626,185	1,357,652	3,800,900	1,910,545	1,799,669	3,186,883	2,910,727	2,380,305	
Russian Federation	2,017,738	1,945,732	2,473,844	3,428,692	3,224,709	3,838,489	4,600,519	6,371,116	3,685,000	4,449,351	6,912,746	9,409,256	9,010,705	
Rwanda	0	0	0	0	0	0	0	0	0	0	0	0	0	
Saudi Arabia	58,900	14,695	13,066	140,254	75,171	1,022	48,821	5,678	30,712	105,329	4,643	68,506		
Senegal	0	0	4	115	295	1,332	453	2,675	12	278	0	0	3,939	
Serbia					109,394	50,806	73,897	24,424	19,038	30,427	110,770	415,255	888,174	
Serbia and Montenegro	12,585	5,775		92,117										
Seychelles	0	0	0		0	0		0						
Singapore	71	4,326	28	300	174	1,518	1,706	947	430	346	3,907	2,179	37,381	
Slovakia	15,814	16,854	16,177	0	10,508	18,800	33,887	29,812	8,738	25,735	30,389	19,002	18,051	
Slovenia	7,539	8,711	12,445	9,389	16,806	20,658	19,161	31,748	6,051	23,326	23,970	35,342	16,791	
South Africa	8	15,048	9,135	17	27	9,364	78	2,766	200	4,873	2,182	5,593	2,224	
Spain	52,995	121,990	219,924	538,587	637,117	1,045,371	844,655	1,006,970	369,707	440,635	1,096,993	1,041,873	1,948,962	
Sri Lanka	0	0	0	0	0	0	0	31	0	0	0	185		
Sudan (North + South)	0	0	0	0	0	0		3,623	2,359	366	129			
Sweden	27,284	5,340	28,825	24,246	49,361	69,628	81,431	191,166	50,527	41,043	18,692	15,577	16,901	
Switzerland	4,525	48,560	41,149	87,735	158,510	386,685	665,601	813,328	619,718	1,075,571	2,179,443	682,910	1,257,665	
Syrian Arab Republic	0	0	6,191	6,290	23,199	16,013	29,715	60,507	49,965	34,168				
Taipei, Chinese	1,224	2,813	43,496	107,589	17,219	36,410	50,965	74,903	50,420	18,395	67,881	39,399	38,581	
Tanzania, United Republic of	0	0	157	0	0	20	9,433	60	3	0	29	0	48	
Thailand	6,650	25,571	27,537	69,988	52,244	18,697	20,014	36,009	11,366	29,418	25,129	43,004	19,871	
Togo	0	0	0	0	0		0	143	0	0	178	0	0	
Trinidad and Tobago	561	111	150	0	0	9	6	0	14	7				
Tunisia	1,554	12,535	2,326	7,984	8,286	23,250	63,375	152,068	20,914	18,442	21,115	18,522	16,571	
Turkey	90,343	201,600	266,638	442,193	558,900	993,728	1,284,049	2,331,992	1,077,078	2,470,967	1,995,115	2,056,086	1,760,307	
Uganda	0	0	1,260	96	736	164	0	0	0	0	1	0	5	
Ukraine	666,025	382,885	492,758	394,794	186,433	965,678	1,686,552	3,118,846	2,033,942	766,218	1,675,947	1,494,884	683,564	
United Arab Emirates					7,045		25,240	91,564						
United Kingdom	134,071	97,883	120,151	160,238	206,706	1,511,050	632,062	391,867	403,383	253,012	687,501	937,615	508,501	
United States of America	364,224	348,074	409,300	568,313	1,164,514	998,447	1,290,189	1,650,994	1,598,221	1,934,355	1,715,907	1,606,210	1,428,629	
Uruguay	0	0	0	0	0	0	0	0	0	534	1,068	0	0	
Venezuela	0	0	10	3	16	0		252	13	16	1	34	0	
Viet Nam	5,109	14,802	33,473	53,895	44,686	15,318	29,124	33,282	81,773	28,513	12,409	13,761		
Yemen				3	5,299	8	40,977	137,711	829	0	10	55,010		
Zambia	0	0	0	0	0	0	0	0	220	0	0	0	7	
Zimbabwe	0	96		0	0	0	0	0	0	0	0	0	0	
