List of importing markets for a product exported by Peru Product: TOTAL All products
"Importers"	"Exported value in 2001"	"Exported value in 2002"	"Exported value in 2003"	"Exported value in 2004"	"Exported value in 2005"	"Exported value in 2006"	"Exported value in 2007"	"Exported value in 2008"	"Exported value in 2009"	"Exported value in 2010"	"Exported value in 2011"	"Exported value in 2012"	
World	6,825,601	7,665,214	9,026,639	12,726,497	17,114,289	23,764,897	28,084,585	31,288,212	26,738,260	35,205,068	45,636,085	45,946,180	
Afghanistan	0	0	0	85	16	0	0	2	5	7	11	187	
Albania	0	1	0	33	172	0	75	0	0	107	182	263	
Algeria	7,851	15,375	14,288	18,219	28,528	58,735	61,484	30,893	25,308	46,644	47,283	28,077	
Andorra	77	150	128	279	491	0	0	0	0	0	0	0	
Angola	24	8,523	725	4,865	239	732	438	969	1,053	296	2,056	5,759	
Anguilla	0	0	0	0	27	0	0	46	24	25	59	0	
Antigua and Barbuda	42	125	160	294	315	253	387	855	323	498	854	512	
Area Nes	33,320	24,023	44,746	46,579	65,947	82,228	66,371	126,163	118,148	181,970	176,045	226,308	
Argentina	20,472	13,206	19,322	36,343	53,538	74,012	119,667	147,290	83,975	151,393	191,832	194,126	
Armenia	0	0	8	0	34	0	0	7	3	0	0	0	
Aruba	627	2,238	1,270	1,645	1,832	1,932	1,856	2,296	2,838	2,268	4,283	3,552	
Australia	35,730	34,586	53,129	49,503	54,562	38,286	97,850	79,927	114,755	117,616	115,078	99,500	
Austria	4,471	759	498	583	1,350	1,031	2,120	2,201	3,066	3,750	8,026	2,470	
Azerbaijan	0	0	0	37	3	1	1	6	21	150	0	53	
Bahamas	1,179	14,550	5,760	3,227	2,630	3,092	5,387	5,593	2,756	3,967	27,957	6,242	
Bahrain	5	47	157	144	83	70	425	783	244	277	750	940	
Bangladesh	622	445	643	796	287	4,665	1,408	910	574	2,050	1,423	1,744	
Barbados	166	123	128	416	579	876	681	1,009	988	1,456	1,291	1,723	
Belarus	0	0	113	983	0	30	0	0	0	0	0	1	
Belgium	107,364	103,066	95,852	169,025	227,049	509,451	558,587	411,784	381,887	581,798	777,631	704,884	
Belize	34	0	277	702	543	959	1,144	488	506	564	1,179	1,904	
Benin	0	44	10	100	361	433	488	136	121	541	3,443	726	
Bermuda	771	2	37	40	40	20	47	204	108	11	0	0	
Bhutan	0	0	0	0	0	0	0	0	0	0	0	0	
Bolivia	97,634	90,537	105,340	131,291	154,862	189,505	223,984	350,922	321,810	382,761	452,220	560,111	
Bosnia and Herzegovina	1	0	0	24	413	1,880	0	0	0	14	0	34	
Botswana	0	0	0	0	772	0	0	0	0	0	0	0	
Brazil	227,043	193,749	231,229	357,542	453,201	814,541	932,363	895,412	508,112	947,864	1,266,949	1,402,931	
British Indian Ocean Territories	0	0	0	0	0	0	0	0	0	0	0	0	
British Virgin Islands	0	0	94	137	156	5	1,070	40	191	172	406	573	
Brunei Darussalam	0	0	0	12	3	0	0	0	0	3,506	0	0	
Bulgaria	13,851	28,407	46,656	70,161	91,482	141,963	218,322	193,610	147,003	358,030	466,939	315,316	
Burkina Faso	446	305	323	465	252	475	8	49	102	0	113	532	
Burundi	0	0	65	26	0	0	14	0	0	0	19	0	
Cabo Verde	0	0	42	64	0	173	565	486	1,376	543	829	297	
Cambodia	0	0	0	27	73	8	2	0	244	244	223	101	
Cameroon	978	887	808	1,012	2,071	3,419	1,094	657	3	20	4,000	640	
Canada	143,113	140,088	136,394	326,179	1,021,810	1,611,607	1,840,800	1,949,884	2,310,897	3,329,049	4,176,317	3,445,339	
Cayman Islands	0	29	34	124	33	3	102	89	27	108	647	472	
Central African Republic	0	0	0	0	85	856	0	0	0	0	67	3	
Chad	0	0	0	0	0	0	0	0	0	0	0	0	
Chile	281,904	254,563	412,574	719,065	1,129,375	1,429,921	1,695,383	1,840,831	752,216	1,370,089	1,976,567	2,028,313	
China	426,251	597,625	676,972	1,244,699	1,860,865	2,268,655	3,040,489	3,734,995	4,077,957	5,434,011	6,961,425	7,848,973	
Christmas Islands	0	0	0	0	0	0	0	0	0	0	0	0	
Cocos (Keeling) Islands	0	0	0	0	0	0	0	0	8	0	0	0	
Colombia	150,380	157,517	188,804	261,751	346,605	505,780	617,192	708,731	643,785	795,903	1,042,325	918,242	
Comoros	0	0	0	0	0	0	0	68	0	0	0	0	
Congo	28	25	0	1,218	372	1,465	2,281	1,424	1,323	302	5,626	741	
Cook Islands	0	0	0	1	0	0	0	0	0	0	0	0	
Costa Rica	7,618	8,961	9,162	11,005	16,864	27,477	26,665	36,331	46,137	44,092	72,352	59,210	
Côte d'Ivoire	155	86	166	400	461	951	1,537	2,803	902	732	1,268	3,230	
Croatia	312	180	45	60	307	257	1,300	1,002	507	229	629	363	
Cuba	2,943	776	2,327	2,510	3,012	3,348	2,888	5,845	9,337	8,886	14,382	17,452	
Cyprus	893	158	196	868	160	231	998	1,471	605	54	827	412	
Czech Republic	784	361	622	844	1,101	2,299	4,471	1,748	1,574	3,533	4,504	3,126	
Democratic Republic of the Congo	37	0	16	0	0	1,046	591	358	542	143	58	59	
Denmark	6,853	9,015	6,338	18,667	36,190	77,507	86,329	68,074	65,356	85,882	125,799	169,597	
Djibouti	87	0	0	0	1,370	0	62	134	46	0	0	27	
Dominica	22	17	54	255	227	60	58	472	115	120	614	730	
Dominican Republic	13,704	17,211	16,619	19,756	21,247	28,526	38,209	47,993	75,209	89,443	67,209	68,116	
Ecuador	120,343	138,744	156,476	206,568	295,000	327,287	379,221	504,123	576,465	814,895	833,873	926,567	
Egypt	4,694	3,029	2,997	3,153	3,211	5,990	4,229	5,724	2,985	5,815	10,310	6,977	
El Salvador	12,935	21,232	8,246	17,077	38,755	20,247	37,595	20,915	17,075	25,265	28,262	32,959	
Equatorial Guinea	0	0	10	0	13	88	84	34	19	0	22	66	
Eritrea	0	0	0	0	0	0	0	0	0	6	0	0	
Estonia	266	362	164	324	591	738	1,259	3,060	2,665	2,125	2,475	1,207	
Ethiopia	0	0	0	28	0	38	69	0	0	51	50	11	
Europe Othr. Nes	0	0	0	0	0	0	0	0	0	0	0	0	
Falkland Islands (Malvinas)	0	0	0	0	0	0	0	0	0	0	0	0	
Faroe Islands	0	4	17	4	0	0	1	0	12	0	0	0	
Fiji	203	48	16	0	0	570	624	584	0	0	338	1,249	
Finland	18,352	35,733	29,267	84,358	121,032	228,650	179,112	252,321	156,779	238,744	200,255	245,075	
France	68,149	74,166	88,975	105,708	135,492	187,919	209,257	207,456	177,302	236,887	291,608	257,809	
Free Zones	0	1,225	2,952	2,191	1,334	1,669	37,614	53,579	40,620	70,533	125,815	122,639	
French Polynesia	26	29	6	73	54	27	0	0	0	29	99	101	
French South Antarctic Territories	0	0	0	0	0	0	0	0	0	0	0	0	
Gabon	125	0	42	44	124	742	584	239	430	59	560	166	
Gambia	14	0	308	672	1,669	1,879	2,791	4,371	959	3,962	7,436	4,959	
Georgia	0	146	112	195	0	314	622	157	19	85	209	459	
Germany	207,755	251,356	254,884	381,949	515,038	812,318	930,496	1,028,041	1,042,412	1,514,582	1,900,159	1,866,208	
Ghana	812	256	601	157	699	2,151	2,623	3,004	513	1,454	22,056	2,420	
Gibraltar	2	0	0	0	0	0	0	264	0	41	223	122	
Greece	6,182	6,115	11,180	6,726	9,915	13,397	21,526	5,542	8,684	7,482	28,152	29,597	
Greenland	0	0	0	24	0	0	0	0	5	0	13	2	
Grenada	0	0	30	33	17	37	87	79	77	39	167	403	
Guatemala	19,023	28,055	26,233	64,520	57,731	69,001	54,020	57,995	58,697	51,198	59,113	64,209	
Guinea	13	0	878	605	1,757	1,558	3,189	2,691	815	2,838	1,131	1,160	
Guinea-Bissau	0	0	0	15	102	69	169	74	83	133	0	0	
Guyana	932	1,013	1,355	1,752	1,485	1,930	2,432	2,571	1,585	2,434	3,163	2,429	
Haiti	9,761	12,644	14,458	17,220	22,264	39,426	54,326	56,762	48,131	54,699	71,927	78,092	
Honduras	7,776	9,725	7,017	10,945	11,581	13,823	15,919	18,881	48,176	48,947	28,382	25,062	
Hong Kong, China	21,267	31,288	30,340	29,383	46,757	41,969	71,537	54,252	64,366	78,947	91,905	96,542	
Hungary	1,047	728	933	1,257	1,199	1,972	1,022	947	376	928	1,502	1,192	
Iceland	13	78	71	124	175	183	199	1,644	652	826	2,609	3,042	
India	36,459	21,682	19,026	49,862	79,031	102,280	211,224	281,407	108,017	219,225	248,088	386,488	
Indonesia	39,236	25,008	22,676	21,850	35,569	30,089	26,018	38,339	42,814	37,056	61,673	101,179	
Iran (Islamic Republic of)	15,657	24,753	13,780	8,073	4,445	1,616	2,055	2,103	1,429	849	846	157	
Iraq	0	3	0	0	9	0	0	1	18	0	37	17	
Ireland	1,369	1,568	2,066	2,837	3,222	6,167	4,348	6,581	4,054	6,121	8,844	9,390	
Israel	4,298	3,962	4,652	5,069	6,563	4,470	6,489	4,269	6,564	11,411	12,848	14,001	
Italy	139,428	174,619	188,297	288,277	389,028	777,873	819,910	927,194	607,517	939,074	1,297,103	1,021,234	
Jamaica	3,817	1,051	895	2,613	3,571	3,234	3,437	4,799	3,130	2,846	4,429	5,778	
Japan	383,004	374,296	391,170	554,160	604,498	1,230,787	2,180,551	1,860,025	1,376,462	1,790,533	2,174,639	2,575,332	
Jordan	987	1,372	691	733	1,123	948	361	1,575	1,150	962	1,651	1,518	
Kazakhstan	9	2	6	13	0	42	60	35	46	44	152	138	
Kenya	346	924	1,460	2,034	39	0	0	59	0	401	141	1	
Kiribati	162	18	17	0	0	0	48	0	0	0	0	321	
Korea, Democratic People's Republic of	10,358	3,659	1,359	2,908	959	22,974	15,160	179,142	3,183	7,867	30,269	562	
Korea, Republic of	110,586	168,082	176,344	202,960	227,431	548,481	887,905	552,016	749,589	895,922	1,694,940	1,545,352	
Kuwait	546	312	665	901	718	930	1,112	729	1,464	1,323	1,059	1,007	
Kyrgyzstan	0	0	0	2,505	1,012	484	227	0	0	0	44	0	
Lao People's Democratic Republic	19	1	35	1	15	7	0	28	70	12	0	0	
Latvia	719	172	3,387	39	358	168	138	312	191	71	443	5,447	
Lebanon	1,169	1,069	1,402	1,118	724	1,458	2,154	1,688	2,192	2,081	3,904	3,174	
Lesotho	0	0	0	0	0	0	0	0	0	0	0	0	
Liberia	34	0	80	399	474	875	1,912	1,420	1,169	1,450	1,840	1,915	
Libya	0	0	17	186	361	226	1,189	2,027	563	1,365	1,398	5,108	
Lithuania	25,397	18,490	7,028	11,819	6,967	1,754	2,170	3,057	1,697	2,693	7,331	5,232	
Luxembourg	92	127	21	50	18	27	42	68	21	30	97	21	
Macao, China	4	41	430	12	23	2	0	251	166	128	6	0	
Macedonia, The Former Yugoslav Republic of	0	0	0	0	0	27	0	0	0	170	3	0	
Madagascar	539	302	356	508	614	1,631	1,139	778	1,174	237	237	366	
Malawi	0	1	0	0	0	0	7	0	0	5	35	8	
Malaysia	14,766	9,328	5,511	12,401	8,951	7,176	3,889	9,630	9,112	8,475	6,547	27,685	
Maldives	0	0	0	0	0	0	0	0	0	0	0	0	
Mali	1,444	1,273	1,360	1,194	1,076	2,285	2,199	1,471	514	410	125	53	
Malta	47	161	67	135	142	128	189	127	92	39	180	215	
Marshall Islands	0	0	0	0	9	0	0	0	0	0	0	0	
Mauritania	0	44	701	3,609	159	265	1,782	2,471	676	515	1,529	155	
Mauritius	1,000	515	299	515	347	591	396	419	302	437	571	884	
Mayotte	0	0	0	12	0	0	16	0	45	0	0	0	
Mexico	127,904	129,739	108,077	229,057	332,060	390,443	269,966	298,745	242,505	286,132	451,841	415,894	
Micronesia (Federated States of)	15	0	70	0	0	163	181	22	0	0	318	93	
Mongolia	0	0	0	0	3	0	0	0	0	0	0	0	
Montenegro	0	0	0	0	0	0	0	30	0	25	0	0	
Montserrat	99	22	0	16	0	0	2	0	0	0	75	0	
Morocco	848	359	297	1,412	2,158	4,649	26,412	23,164	3,739	34,850	20,577	24,588	
Mozambique	55	0	8	0	78	119	611	617	0	213	215	218	
Myanmar	0	0	0	0	44	0	0	0	52	307	2,656	317	
Namibia	0	0	0	0	0	0	13	15,464	56,917	201,780	232,655	79,371	
Nauru	0	0	0	0	0	5	0	0	51	0	0	0	
Nepal	77	0	483	234	156	167	0	0	36	0	3	0	
Netherland Antilles	7,974	14,677	1,123	1,651	6,902	10,372	3,657	4,604	3,857	4,326	4,417	54,068	
Netherlands	78,364	150,796	181,559	409,184	534,734	737,821	668,403	788,335	465,976	645,905	845,320	681,944	
Neutral Zone	0	9	0	0	0	0	8	0	0	0	0	0	
New Caledonia	553	343	165	1,019	821	337	1,443	2,445	730	991	74	570	
New Zealand	1,977	3,193	3,720	6,242	5,634	7,616	11,114	12,603	12,106	13,602	18,363	25,817	
Nicaragua	1,973	3,097	3,055	10,684	4,154	6,175	30,542	9,726	8,978	11,350	17,032	15,173	
Niger	0	0	0	0	0	0	0	0	0	7	77	187	
Nigeria	1,450	1,090	980	2,196	6,568	10,536	13,720	15,269	6,759	1,244	34,231	54,233	
Niue	0	0	0	0	0	0	0	0	0	0	0	0	
Norfolk Island	0	0	0	321	0	0	0	0	0	44	14	26	
Northern Mariana Islands	0	0	222	35	144	24	0	0	0	0	0	0	
Norway	25,850	26,422	11,978	24,123	13,074	26,269	52,306	60,412	33,101	33,096	29,817	63,165	
Oman	153	0	0	0	0	20,913	0	407	319	178	154	843	
Pakistan	1,293	595	812	2,426	2,116	2,804	1,250	2,015	1,981	2,570	1,799	1,903	
Palau	0	0	0	0	0	0	0	18	0	0	0	0	
Palestine, State of	0	0	0	0	0	0	0	0	0	0	0	0	
Panama	75,105	48,515	145,526	173,226	265,219	337,461	397,218	296,069	91,353	254,073	332,523	496,274	
Papua New Guinea	107	79	0	10	0	327	163	140	6	2,005	735	108	
Paraguay	815	451	396	586	383	647	1,090	1,539	4,073	5,350	10,074	10,926	
Peru	0	0	0	0	0	0	0	0	0	0	0	0	
Philippines	20,434	13,976	11,053	8,946	6,929	44,898	8,919	42,698	35,885	123,417	109,743	55,228	
Pitcairn	0	0	0	0	0	0	0	0	0	0	0	0	
Poland	6,753	3,321	1,489	3,754	15,306	8,169	11,016	13,550	11,750	12,555	31,380	18,624	
Portugal	25,896	34,636	9,094	6,023	7,640	31,425	32,498	24,299	19,428	33,868	39,789	37,985	
Qatar	19	0	5	29	1	318	29	11	3,715	29	45	425	
Republic of Moldova	41	0	4	0	0	0	59	0	0	0	0	0	
Romania	5,811	6,283	3,103	9,544	9,971	8,219	8,000	11,643	6,557	4,282	2,654	4,105	
Russian Federation	32,025	23,897	14,186	24,944	31,561	25,617	13,552	21,726	26,244	58,496	79,313	88,429	
Rwanda	0	0	0	0	124	1	0	160	3	0	2	0	
Saint Helena	0	0	0	0	0	0	0	0	0	0	0	29	
Saint Kitts and Nevis	0	0	62	560	241	1,141	377	833	149	506	577	1,510	
Saint Lucia	80	14	278	819	485	658	1,203	1,707	1,980	1,708	39,694	3,119	
Saint Vincent and the Grenadines	5,756	34	132	134	244	115	438	777	482	724	794	412	
Samoa	823	245	477	130	0	220	541	339	65	0	90	186	
Sao Tome and Principe	0	0	0	75	0	0	0	0	0	69	0	0	
Saudi Arabia	1,983	3,149	6,523	4,123	4,291	11,640	8,918	4,507	3,703	8,163	4,367	4,151	
Senegal	0	594	1,538	3,252	4,877	5,815	4,228	2,852	2,591	4,140	4,039	3,118	
Serbia	0	0	0	0	0	109	105	45	155	129	134	253	
Serbia and Montenegro	126	516	751	869	117	0	0	0	0	0	0	0	
Seychelles	0	0	26	0	0	40	80	0	0	0	0	111	
Sierra Leone	12	0	43	0	74	25	44	0	61	0	63	306	
Singapore	7,915	6,746	16,156	11,026	5,474	4,594	4,203	4,207	7,855	6,662	7,985	21,465	
Slovakia	38	48	62	3	10	134	305	125	121	225	216	171	
Slovenia	506	125	22	171	337	853	1,932	1,869	1,342	166	687	417	
Solomon Islands	0	0	0	0	0	25	0	0	0	0	0	0	
Somalia	0	0	0	0	7	0	0	0	0	31	0	0	
South Africa	6,230	704	3,204	5,784	5,345	9,836	66,427	40,039	28,240	23,337	43,474	120,564	
Spain	202,587	240,897	302,748	420,384	558,124	765,796	988,040	1,023,873	736,526	1,168,521	1,666,197	1,842,755	
Sri Lanka	1,388	1,689	1,799	1,079	1,038	1,132	1,179	1,199	925	320	2,807	8,445	
Sudan (North + South)	3,811	0	722	952	225	498	402	605	6	0	0	4	
Suriname	66	110	310	389	721	903	652	1,493	669	1,048	1,238	1,609	
Swaziland	437	126	3	10	2	0	21	2	1	290	5	230	
Sweden	10,540	18,693	26,266	26,756	65,161	79,711	66,536	185,406	145,490	213,685	327,908	188,964	
Switzerland	305,607	563,413	672,023	282,253	786,299	1,687,563	2,335,278	3,410,276	3,954,260	3,845,286	5,887,121	5,074,455	
Syrian Arab Republic	789	810	1,049	1,216	1,728	1,427	2,752	3,448	4,718	3,574	1,620	2,702	
Taipei, Chinese	85,885	110,365	147,323	242,591	297,007	419,557	392,381	591,601	276,271	293,130	368,734	261,104	
Tajikistan	0	8	0	0	0	0	0	0	0	0	0	0	
Tanzania, United Republic of	26	3	75	303	467	566	709	188	128	616	213	530	
Thailand	70,293	26,022	26,694	31,435	24,737	65,426	46,365	45,114	50,088	98,147	264,688	234,062	
Timor-Leste	0	0	0	17	0	3	0	21	83	0	0	0	
Togo	12	15	87	222	929	289	2,272	2,342	145	1,197	816	511	
Tokelau	0	0	0	72	0	7	10	0	0	52	0	0	
Tonga	49	15	74	9	0	131	72	0	0	0	0	0	
Trinidad and Tobago	18,382	13,662	14,356	11,649	20,029	42,664	37,701	56,555	21,475	19,850	17,301	16,347	
Tunisia	131	53	93	82	134	17	7,424	5,419	59	535	2,893	163	
Turkey	9,475	10,978	18,757	39,443	36,908	41,109	59,925	52,877	52,507	54,441	48,494	75,213	
Turkmenistan	0	0	0	0	0	0	0	0	0	42	33	0	
Turks and Caicos Islands	0	0	0	2	37	1	0	0	52	78	153	0	
Uganda	0	0	0	0	0	0	0	0	22	53	630	0	
Ukraine	82	366	1,198	738	1,228	38,842	1,580	2,672	1,779	2,083	3,749	2,816	
United Arab Emirates	22,495	10,959	3,024	1,269	1,886	2,742	3,412	3,711	3,723	7,150	6,856	28,810	
United Kingdom	923,187	904,140	1,165,901	1,153,737	232,894	331,345	244,395	377,481	228,953	244,763	263,774	461,528	
United States Minor Outlying Islands	0	4	52	194	185	975	937	1,213	320	247	374	238	
United States of America	1,693,550	1,998,085	2,434,506	3,730,489	5,257,260	5,707,487	5,585,918	5,835,264	4,603,773	5,826,308	6,083,871	6,516,617	
Uruguay	4,275	5,015	8,643	8,946	6,535	8,457	9,165	19,403	15,128	23,257	44,241	33,483	
Uzbekistan	19	0	0	0	103	0	0	0	0	2	0	0	
Vanuatu	0	0	0	0	27	19	102	53	0	0	0	0	
Venezuela	145,172	114,052	109,060	196,127	298,502	412,007	765,779	1,079,473	614,166	513,458	921,516	1,210,570	
Viet Nam	8,666	4,674	10,646	19,208	29,156	35,511	48,395	62,954	68,335	63,894	77,787	90,435	
Yemen	642	544	621	2	163	124	94	93	189	84	29	41	
Zambia	0	273	432	356	75	132	183	139	195	530	502	854	
Zimbabwe	0	0	0	0	0	0	0	0	0	0	0	0	
