List of importing markets for a product exported by Chile Product: TOTAL All products
"Importers"	"Exported value in 2001"	"Exported value in 2002"	"Exported value in 2003"	"Exported value in 2004"	"Exported value in 2005"	"Exported value in 2006"	"Exported value in 2007"	"Exported value in 2008"	"Exported value in 2009"	"Exported value in 2010"	"Exported value in 2011"	"Exported value in 2012"	"Exported value in 2013"	
World	18,745,415	17,423,088	21,650,906	33,025,407	41,972,988	59,379,149	68,560,429	64,507,601	55,458,977	71,106,106	81,454,990	78,276,983	77,367,263	
Afghanistan	1,400	7	0	41	13	0	0	0	283	0	19	0	0	
Africa not elsewhere specified	0	0	932	1,034	854	1,368	690	944	1,044	1,505	0	162	694	
Albania	152	9	113	116	1	0	2	179	28	38	135	293	153	
Algeria	51	87	1,322	579	1,612	1,716	2,591	894	12,473	4,803	6,823	3,441	3,450	
Andorra	161	0	0	0	0	0	0	0	0	0	0	0	0	
Angola	117	72	1,579	3,467	1,086	2,646	4,617	6,140	6,816	3,847	8,257	8,452	6,891	
Anguilla	0	0	0	557	8,129	2	2	47	53	84	50	107	91	
Antigua and Barbuda	163	244	261	6,095	384	561	555	725	667	856	837	987	1,035	
Area Nes	395,161	370,548	206,972	256,080	377,347	447,175	458,033	600,950	462,273	404,859	528,247	442,153	483,101	
Argentina	618,699	232,852	341,730	458,085	634,294	755,205	807,107	996,727	727,070	996,264	1,188,746	1,070,111	1,045,779	
Armenia	55	0	0	0	91	115	813	351	119	143	128	506	1,185	
Aruba	0	0	0	5	1,068	1,367	1,286	2,010	1,923	2,235	2,205	1,759	2,267	
Australia	45,850	59,983	83,795	90,030	94,530	152,938	363,589	340,964	653,745	611,166	899,295	1,249,807	800,920	
Austria	16,739	10,515	9,992	8,036	5,454	5,977	17,178	9,076	9,119	61,121	54,621	45,880	46,749	
Azerbaijan	16	0	0	85	12	17	103	0	193	295	609	556	1,144	
Bahamas	1,976	892	1,690	1,453	1,765	2,093	3,299	2,184	2,227	16,501	1,525	1,602	1,565	
Bahrain	1,157	1,439	1,572	2,117	2,316	2,379	2,751	2,768	1,497	2,007	3,573	107,285	115,800	
Bangladesh	4,204	72	2,436	614	79	1,142	160	450	963	1,755	2,824	729	6,616	
Barbados	1,034	1,304	1,073	1,157	1,235	1,736	1,446	1,534	2,651	2,941	2,211	2,486	2,544	
Belarus	21	0	8	173	462	1,565	2,644	3,138	1,586	995	827	1,237	5,965	
Belgium	243,976	227,969	274,038	327,012	396,248	800,966	737,539	776,533	919,079	1,801,306	1,363,709	1,249,027	1,385,037	
Belize	198	110	5,861	356	712	1,889	801	710	328	338	432	589	1,083	
Benin	1,087	555	100	126	244	203	608	2,062	1,606	1,463	1,507	1,477	2,182	
Bermuda	0	0	0	2	208	452	2,328	454	294	327	367	349	358	
Bhutan	0	0	0	0	0	0	0	0	0	0	0	39	0	
Bolivia	165,158	138,975	569,978	512,927	790,591	1,089,024	1,291,199	1,603,100	1,189,474	1,152,258	1,543,602	1,549,895	1,704,521	
Bosnia and Herzegovina	18	85	20	0	0	76	0	0	114	75	178	263	55	
Botswana	0	0	0	0	0	0	0	0	0	0	0	197	48	
Brazil	909,577	694,206	847,821	1,429,016	1,855,979	2,816,707	3,406,986	3,867,527	2,825,089	4,224,798	4,496,181	4,294,356	4,434,355	
British Virgin Islands	0	0	0	0	225	267	261	481	2,588	1,603	145	140	119	
Brunei Darussalam	0	0	17	0	0	0	0	0	0	25	0	0	14	
Bulgaria	37,347	31,350	78,555	169,375	228,033	416,410	554,113	432,874	383,221	258,671	311,555	336,629	512,899	
Burkina Faso	99	0	0	193	23	0	0	0	0	98	928	197	319	
Burundi	28	0	0	0	0	0	104	0	0	0	0	0	0	
Cabo Verde	42	0	3	0	0	11,655	67	61	97	1,928	415	3	106	
Cambodia	68	96	46	68	55	170	245	244	227	535	689	955	1,159	
Cameroon	2,723	1,264	1,276	1,299	1,148	6,351	2,892	1,430	1,338	731	1,757	1,276	19,439	
Canada	285,405	262,581	437,201	825,058	1,109,590	1,315,444	1,304,424	1,245,381	1,278,975	1,286,756	1,474,130	1,282,988	1,417,869	
Cayman Islands	0	0	0	0	210	388	2,040	808	606	745	516	594	472	
Central African Republic	0	0	1	0	17	0	0	119	3	0	15	257	0	
Chad	0	0	0	0	0	0	0	0	0	1,695	0	0	0	
Chile	0	0	0	0	0	0	0	0	0	0	0	0	0	
China	1,065,036	1,224,827	1,908,740	3,441,553	4,895,430	5,254,940	10,505,474	8,519,107	13,027,733	17,324,392	18,619,564	18,218,438	19,219,034	
Colombia	286,513	274,555	282,397	309,189	342,642	486,260	607,584	707,037	553,548	729,712	899,116	913,921	869,012	
Comoros	8	0	0	0	0	0	7	0	0	22	0	36	15	
Congo	0	33	384	905	1,080	1,330	1,421	2,672	2,648	1,120	7,860	7,548	2,588	
Cook Islands	0	0	0	0	14	0	13	15	6	21	11	12	13	
Costa Rica	61,225	64,488	73,503	97,357	116,013	187,836	170,489	195,438	150,392	209,445	247,449	263,354	261,210	
Côte d'Ivoire	2,418	664	31	135	211	209	287	1,574	1,436	403	412	365	208	
Croatia	172	127	881	1,182	973	3,062	3,425	5,249	18,507	3,561	2,011	1,147	587	
Cuba	36,861	41,779	37,936	46,984	42,504	47,883	62,724	69,862	37,438	41,199	44,844	29,580	29,335	
Cyprus	737	268	162	384	604	1,312	1,937	3,158	2,043	5,300	3,639	3,168	2,939	
Czech Republic	1,171	1,105	2,520	4,445	4,007	4,519	8,493	10,479	8,923	7,938	9,541	7,809	10,316	
Democratic Republic of the Congo	0	0	0	43	0	0	0	161	866	1,119	1,371	907	620	
Denmark	59,768	58,824	74,818	82,182	117,033	113,897	128,647	164,967	119,023	121,825	133,507	134,436	136,652	
Dominica	237	49	76	330	92	141	269	142	247	227	267	317	322	
Dominican Republic	34,597	34,492	26,960	28,555	35,638	41,905	50,707	59,932	45,917	58,147	65,493	65,277	61,105	
Ecuador	260,935	251,096	326,000	332,614	352,155	428,464	450,848	504,698	417,511	478,114	529,676	521,027	522,556	
Egypt	8,961	3,446	2,719	4,551	8,629	5,407	12,901	24,000	21,803	53,708	15,552	17,375	16,663	
El Salvador	25,687	20,561	30,707	55,775	84,911	97,939	93,484	106,177	46,128	35,954	48,573	37,712	43,098	
Equatorial Guinea	604	12	0	117	176	927	824	1,282	2,630	3,267	1,154	839	6,850	
Eritrea	1	0	0	0	0	0	0	0	11	0	0	0	0	
Estonia	2,068	3,567	2,301	4,068	8,246	7,606	6,007	9,783	5,213	5,937	7,915	7,318	7,781	
Ethiopia	54	15	9	21	18	29	811	310	66	135	1,455	169	340	
Fiji	804	540	697	1,254	1,456	2,241	2,409	3,272	1,578	850	249	2,185	613	
Finland	39,146	50,588	85,135	124,921	181,664	255,184	262,504	229,277	152,431	200,986	249,423	180,857	105,570	
France	621,097	630,918	761,823	1,313,012	1,443,943	2,513,349	2,330,918	2,138,529	1,226,345	1,214,674	1,392,565	1,222,679	1,110,014	
French Polynesia	0	0	0	11	206	640	1,210	1,277	1,127	1,138	1,665	1,095	1,103	
French South Antarctic Territories	0	0	1,997	2,640	2,325	1,811	2,052	2,337	2,411	2,277	2,094	2,239	2,020	
Gabon	76	185	366	797	313	259	417	500	628	449	579	526	318	
Gambia	18	21	50	11	0	0	49	0	91	0	0	0	0	
Georgia	43	23	13	150	225	850	373	1,281	1,721	2,865	1,284	2,692	6,810	
Germany	546,967	425,834	654,534	909,994	1,008,761	1,790,882	1,729,019	1,683,752	1,110,032	991,036	1,131,597	941,444	1,013,199	
Ghana	1,740	885	2,707	2,983	4,650	7,024	11,099	17,646	11,644	14,593	16,536	17,625	10,623	
Gibraltar	0	0	0	0	0	0	0	0	0	19	13	0	0	
Greece	43,084	64,533	93,924	126,853	173,150	199,142	368,552	21,338	162,216	303,943	370,694	270,606	223,068	
Grenada	147	131	121	135	133	619	347	522	407	336	376	1,829	449	
Guatemala	72,641	71,039	138,710	165,481	128,761	151,018	248,799	324,570	126,042	69,685	98,536	97,727	99,903	
Guinea	0	201	297	229	910	825	2,076	1,327	306	1,401	2,480	1,329	1,070	
Guinea-Bissau	0	0	0	0	0	0	0	0	0	55	21	0	0	
Guyana	282	341	450	413	519	1,080	856	659	1,179	2,286	3,237	805	916	
Haiti	5,643	4,891	3,734	4,687	6,123	5,346	4,087	3,652	8,973	3,851	3,223	3,377	5,770	
Honduras	20,513	19,551	23,996	57,275	51,219	45,062	40,840	55,505	25,360	32,947	33,848	38,974	42,663	
Hong Kong, China	0	0	86,661	138,846	103,144	113,832	109,598	171,478	394,363	316,290	331,781	240,467	177,402	
Hungary	429	238	543	1,380	2,099	1,676	2,945	2,990	2,365	4,189	8,508	4,367	2,793	
Iceland	13,910	29,926	1,193	2,199	1,932	2,929	2,948	2,515	2,594	2,763	3,257	43,024	36,256	
India	117,957	179,497	208,934	479,699	656,558	1,661,910	2,324,726	1,342,255	1,222,233	1,745,918	1,951,948	2,586,435	2,303,807	
Indonesia	42,869	64,241	76,572	167,427	179,037	198,630	237,457	208,581	176,329	223,520	316,669	175,078	230,941	
Iran (Islamic Republic of)	60,253	25,470	56,995	96,971	159,711	233,625	164,844	10,086	12,649	13,771	13,340	1,528	4,060	
Iraq	0	0	0	0	1,088	551	128	85	0	49	229	420	486	
Ireland	24,970	29,989	34,376	42,250	44,071	50,056	58,300	67,304	52,036	55,927	64,298	55,579	55,736	
Israel	10,323	10,033	11,731	14,731	18,694	20,999	20,772	51,180	40,921	48,929	58,200	49,903	66,909	
Italy	830,236	856,181	911,048	1,364,150	1,741,222	2,991,396	3,465,926	3,219,538	1,469,051	2,448,350	2,652,820	2,012,961	1,657,788	
Jamaica	6,911	6,357	10,678	19,364	8,262	11,389	10,059	14,806	11,443	11,247	9,748	8,090	9,999	
Japan	2,311,928	1,927,979	2,425,014	3,906,856	5,011,273	6,478,743	7,515,283	6,339,412	5,102,386	7,718,547	9,119,169	8,384,026	7,661,093	
Jordan	245	324	772	316	542	896	2,742	11,704	2,971	2,184	3,168	2,497	3,982	
Kazakhstan	435	0	17	158	28	258	519	985	961	876	3,659	1,758	2,171	
Kenya	603	323	292	930	1,823	2,158	3,610	2,435	2,953	2,562	2,550	3,133	2,703	
Kiribati	106	245	448	118	527	378	830	146	250	237	0	0	0	
Korea, Democratic People's Republic of	1,030	1,001	4,061	14,225	39,211	25,214	29,402	8,071	13,589	14,367	2,430	15,217	24,891	
Korea, Republic of	596,021	714,387	1,079,793	1,868,556	2,439,361	3,708,029	4,033,244	3,315,504	3,241,056	4,210,868	4,443,177	4,551,495	4,271,753	
Kuwait	5,119	4,363	7,655	10,128	8,825	8,813	13,300	9,658	8,112	9,611	8,570	6,996	9,841	
Kyrgyzstan	285	0	0	0	0	102	0	0	25	153	217	61	219	
Lao People's Democratic Republic	94	0	25	0	7	187	68	242	242	646	2,580	1,442	444	
Latvia	9,337	5,577	5,861	6,941	10,347	15,283	13,973	15,862	5,981	10,664	8,714	8,136	9,074	
Lebanon	1,337	1,394	935	1,040	1,162	964	2,031	3,631	2,007	1,847	3,071	2,735	2,989	
Lesotho	24	0	0	0	0	81	0	0	0	0	0	0	0	
Liberia	1,331	1,911	0	0	0	28	222	520	1,191	1,511	2,293	2,531	2,177	
Libya	1,029	1,150	1,363	68	337	1,383	2,008	3,692	3,715	3,992	153	5,375	7,111	
Lithuania	2,461	3,222	6,599	9,301	15,615	8,919	9,564	12,894	8,389	9,498	14,552	14,316	27,659	
Luxembourg	1,010	114	405	557	429	274	215	299	514	2,304	7,103	3,591	1,448	
Macao, China	0	0	0	0	0	2,264	569	1,165	582	280	145	48	186	
Macedonia, The Former Yugoslav Republic of	31	21	28	38	155	2	75	63	279	147	77	76	103	
Madagascar	27	2	0	13	48	0	31	37	1,507	1,474	6	98	131	
Malawi	0	0	0	83	0	0	0	0	0	0	14	4	0	
Malaysia	32,738	21,559	52,547	125,959	94,353	121,097	73,338	155,401	101,534	210,106	211,503	208,660	228,385	
Maldives	2	0	8	0	5	28	63	84	47	265	197	249	332	
Mali	0	8	0	0	0	0	0	0	0	4	65	71	1,074	
Malta	200	265	1,896	966	1,256	1,460	1,477	1,835	6,799	1,942	2,337	2,160	2,564	
Marshall Islands	0	0	1,500	17	16	0	0	0	0	0	0	32	0	
Mauritania	23	0	2	0	64	381	6	581	1,050	1,045	1,228	2,094	3,646	
Mauritius	656	941	965	1,238	1,534	1,534	2,291	1,511	1,202	1,220	562	920	518	
Mexico	916,979	909,438	913,976	1,344,411	1,601,434	2,315,296	2,321,158	2,158,889	1,481,468	1,920,919	1,818,483	1,346,224	1,321,260	
Micronesia (Federated States of)	671	451	387	272	446	386	250	286	211	93	0	0	166	
Mongolia	0	300	0	20	0	95	461	360	129	929	12,746	10,027	1,271	
Montserrat	0	0	0	0	0	0	35	0	0	0	0	0	0	
Morocco	7,916	6,540	9,368	9,518	13,502	12,886	2,685	8,031	2,689	885	4,082	2,763	4,472	
Mozambique	253	0	708	17	868	320	828	428	798	2,247	4,626	4,096	5,830	
Myanmar	1,765	2	0	0	0	3	189	0	0	193	0	181	1,635	
Namibia	9,001	202	203	55	77	204	196	439	32	541	1,299	128	32	
Nauru	0	0	0	0	0	0	0	0	0	0	0	0	0	
Nepal	0	0	106	24	6	82	39	38	69	39	63	107	70	
Netherland Antilles	0	0	0	0	467	65,052	1,184	2,144	3,874	3,134	3,943	3,898	2,009	
Netherlands	551,621	534,375	812,788	1,806,906	2,358,368	4,045,247	4,051,771	3,885,901	2,045,119	2,616,910	3,781,551	2,738,538	2,542,062	
New Caledonia	0	0	0	62	342	240	814	274	494	813	4,261	1,699	417	
New Zealand	10,062	9,170	21,706	22,872	26,491	22,305	25,377	32,616	21,802	25,435	61,633	39,558	38,209	
Nicaragua	6,749	5,368	5,811	8,387	7,732	23,979	26,603	53,436	9,075	13,022	15,230	19,561	34,271	
Niger	0	0	15	271	36	0	0	3	83	22	0	0	40	
Nigeria	9,745	14,432	13,743	21,968	26,600	47,352	53,515	32,048	58,474	19,099	55,382	97,972	77,505	
Niue	0	0	0	0	0	0	0	0	0	14	19	13	11	
Northern Mariana Islands	0	0	0	0	0	0	0	0	0	0	0	0	0	
Norway	43,142	27,519	26,125	27,729	36,112	25,971	48,669	61,396	59,473	94,144	51,934	45,751	48,776	
Oman	2,143	3,036	8,940	10,201	15,249	40,831	22,404	12,692	5,599	32,726	10,539	30,612	65,013	
Pakistan	365	334	772	1,173	1,518	1,948	2,085	6,019	3,024	7,018	10,288	16,832	20,805	
Panama	29,409	37,374	100,391	165,769	98,659	167,649	161,629	295,306	116,038	91,724	100,994	149,983	117,499	
Papua New Guinea	305	70	160	1,100	39	248	276	101	0	1,168	3,095	263	158	
Paraguay	53,288	24,330	88,369	127,029	101,268	152,517	224,997	368,713	267,307	444,809	585,170	498,734	472,970	
Peru	586,741	466,269	645,451	767,730	961,342	1,229,173	1,280,052	1,676,761	1,405,478	1,631,767	1,992,846	1,812,784	1,963,028	
Philippines	56,381	38,162	53,158	63,454	12,789	138,723	386,955	249,578	154,522	271,657	154,210	127,749	157,433	
Poland	12,477	5,730	7,103	22,394	39,525	216,110	175,999	184,023	125,877	51,640	132,097	193,031	71,235	
Portugal	20,137	15,842	25,668	30,614	29,863	28,699	31,012	43,588	43,919	71,598	58,237	28,095	33,843	
Qatar	1,082	1,849	1,508	268	3,829	4,632	11,215	4,859	4,563	3,916	6,763	7,635	10,525	
Republic of Moldova	0	0	0	19	53	173	405	612	292	420	844	374	467	
Romania	666	490	1,021	9,499	48,826	6,226	3,322	4,024	1,548	2,516	2,151	2,704	14,660	
Russian Federation	19,366	22,926	43,541	96,363	149,040	163,041	231,483	344,070	218,187	318,090	363,075	424,217	653,895	
Saint Kitts and Nevis	69	159	3	0	0	56	163	140	143	107	18	21	63	
Saint Lucia	371	238	200	377	464	530	637	735	746	875	649	682	627	
Saint Vincent and the Grenadines	38	0	37	60	30	79	209	227	342	498	409	340	362	
Samoa	0	0	3,686	3,036	3,599	2,564	1,932	1,767	1,615	651	465	494	413	
Sao Tome and Principe	0	0	0	0	0	0	2	516	0	0	41	0	2	
Saudi Arabia	59,217	75,987	66,411	72,327	71,045	74,017	100,651	107,094	86,935	113,756	235,343	169,266	156,671	
Senegal	876	445	20	250	39	70	118	421	919	420	1,307	2,404	292	
Serbia	0	0	0	0	0	435	630	630	335	2,440	29,523	1,606	2,774	
Serbia and Montenegro	43	405	547	322	544	0	0	0	0	0	0	0	0	
Seychelles	0	0	0	0	0	0	0	0	20	54	131	220	167	
Sierra Leone	0	0	0	0	0	123	135	198	175	3,309	1,007	1,133	696	
Singapore	31,093	35,822	38,878	59,321	74,845	57,736	113,206	124,596	106,309	64,311	81,460	60,389	119,251	
Slovakia	239	33	244	116	279	594	212	564	377	559	785	2,698	3,082	
Slovenia	833	180	612	966	353	1,251	2,473	1,491	2,097	1,712	2,088	945	1,355	
Solomon Islands	96	36	55	19	38	0	0	0	0	0	0	0	0	
Somalia	0	0	0	0	0	0	0	0	0	0	0	0	0	
South Africa	34,005	36,552	66,510	48,217	57,838	56,454	99,759	140,397	65,271	83,703	105,776	134,087	111,971	
Spain	354,112	389,418	508,847	793,554	1,018,658	1,460,099	1,251,190	1,734,961	1,111,820	1,303,990	1,619,022	1,615,721	1,378,838	
Sri Lanka	17,095	16,512	16,673	15,418	22,851	21,846	29,048	24,430	24,796	19,411	5,557	3,994	6,584	
Sudan (North + South)	0	0	0	421	560	65	146	0	0	238	263	598	271	
Suriname	208	230	496	992	958	1,052	809	620	1,461	1,093	4,150	3,406	4,757	
Swaziland	203	20	3	1	0	1	2	213	7	27	13	46	12	
Sweden	84,228	145,935	122,587	194,952	300,459	417,083	467,804	360,092	209,367	265,789	270,073	173,530	216,879	
Switzerland	161,098	77,848	93,209	141,606	57,209	126,453	175,431	234,559	371,584	507,603	764,648	1,077,169	1,040,996	
Syrian Arab Republic	1,167	29	9	50	189	119	8,476	15,361	2,785	3,086	1,854	66	0	
Taipei, Chinese	372,769	530,120	601,906	1,012,723	1,345,634	1,595,090	1,780,556	1,822,241	1,480,224	2,067,357	2,057,980	1,817,937	1,645,465	
Tajikistan	42	0	0	2,096	20	88	0	0	0	0	0	142	0	
Tanzania, United Republic of	197	68	48	152	875	1,218	2,071	1,219	225	1,426	781	1,058	2,148	
Thailand	49,176	50,728	56,406	140,311	148,160	408,866	250,934	156,253	142,525	281,377	328,535	315,234	241,924	
Togo	527	408	254	202	227	400	28	279	47	96	138	176	216	
Tonga	472	572	412	510	832	325	886	782	800	270	827	480	802	
Trinidad and Tobago	3,388	3,907	5,937	5,429	5,887	11,435	14,832	18,612	19,680	19,611	18,597	19,836	18,909	
Tunisia	183	269	655	538	24	216	345	701	1,036	867	1,395	2,299	4,761	
Turkey	74,675	82,440	122,566	160,315	308,976	399,561	410,410	245,994	211,012	298,658	457,761	462,224	366,465	
Turkmenistan	0	0	0	0	0	0	0	0	0	0	0	0	0	
Turks and Caicos Islands	0	0	0	0	28	125	42	163	116	277	254	253	262	
Tuvalu	0	0	0	641	12	0	0	0	61	0	0	0	29	
Uganda	16	3	0	101	9	0	0	33	0	15	0	25	0	
Ukraine	206	1,251	1,722	3,128	6,763	16,012	19,160	31,929	17,105	22,039	33,433	25,596	41,355	
United Arab Emirates	33,551	135,773	51,013	55,569	82,118	61,312	115,942	110,711	64,637	82,084	120,557	106,045	150,546	
United Kingdom	1,243,245	797,490	716,759	893,855	647,477	688,554	720,953	700,002	608,479	643,298	719,373	715,097	705,768	
United States Minor Outlying Islands	2,176	2,313	0	0	59	6	16	35	44	8	9	117	1	
United States of America	3,483,646	3,483,303	3,798,900	5,019,530	6,715,946	9,417,622	8,678,762	8,052,629	6,225,528	6,920,954	9,043,949	9,629,780	9,811,795	
Uruguay	74,871	40,923	40,912	67,296	72,208	91,433	104,419	128,559	132,517	150,961	194,907	189,675	207,155	
Uzbekistan	0	0	0	0	0	0	60	0	7	0	107	0	50	
Vanuatu	1,240	194	259	73	242	78	321	102	75	43	170	0	0	
Venezuela	306,802	206,739	137,641	261,909	345,577	485,030	845,394	1,216,578	753,406	538,355	684,706	691,624	522,150	
Viet Nam	4,890	10,769	17,451	39,180	74,403	107,332	108,260	92,804	109,154	230,004	334,986	371,509	307,487	
Yemen	330	195	2,010	617	1,578	1,421	756	2,165	934	112	0	0	130	
Zambia	99	42	0	184	10	546	2,645	1,263	440	166	2,892	6,272	2,173	
Zimbabwe	1,791	0	3	0	0	0	0	0	0	0	263	157	30	
