List of importing markets for a product exported by Chile (Mirror) Product: TOTAL All products
"Importers"	"Exported value in 2001"	"Exported value in 2002"	"Exported value in 2003"	"Exported value in 2004"	"Exported value in 2005"	"Exported value in 2006"	"Exported value in 2007"	"Exported value in 2008"	"Exported value in 2009"	"Exported value in 2010"	"Exported value in 2011"	"Exported value in 2012"	"Exported value in 2013"	
Total	18,693,153	19,071,339	22,631,622	33,795,669	41,723,757	59,454,273	68,751,616	70,735,616	55,267,817	71,925,084	85,962,063	80,832,786	77,923,387	
Albania	0	4	51	1	126	148	321	343	273	186	344	252	222	
Algeria	197	394	845	2,401	2,669	1,425	3,675	2,502	8,769	12,278	11,302	8,471	7,034	
Andorra	57	34	14	234										
Anguilla	13	30	24											
Antigua and Barbuda					842		709		1,421	1,293	1,752	1,698	1,334	
Argentina	505,723	176,629	289,835	404,331	671,937	599,471	708,485	951,770	664,986	885,049	1,092,801	1,011,094	964,971	
Armenia	0	11	0	0	77	538	359	834	494	1,170	704	982	2,028	
Aruba					2,100				2,125	2,550	2,374	2,007		
Australia	42,974	49,137	93,346	74,791	103,565	114,008	282,648	588,643	485,111	843,888	968,649	1,237,774	967,635	
Austria	50,773	36,906	48,688	93,757	198,856	193,848	235,567	267,462	53,246	98,180	105,050	86,681	99,826	
Azerbaijan	32	13	45	63	182	50	81	152	67	245	737	406		
Bahamas	472	958	839	1,098	1,165	894	1,074	1,404	1,704	1,612	659	2,627		
Bahrain	2,490	2,910	4,002	3,040	3,680	2,804	4,672	4,850	2,773	2,690	6,889			
Bangladesh	2,832	2,071	6,433	7,653	10,369	3,505	3,080							
Barbados	1,314	2,312	1,717	2,252	2,621	2,328	2,484	2,043	3,612	3,232	2,674	3,551	4,920	
Belarus	446	876	773	1,828	4,557	6,431	12,308	12,970	12,605	11,562	6,928	10,725	20,530	
Belgium	140,975	134,134	174,649	240,332	287,931	313,346	421,618	475,681	729,038	1,011,625	1,370,527	1,176,416	1,116,799	
Belize	207	166	491	553	1,204	1,530	1,380	1,709	1,673	965	1,392	1,779	2,528	
Benin	219	157	108	91	55	637	311	3	850	499	206	380	416	
Bermuda												435	395	
Bolivia	144,728	122,983	121,941	111,347	162,413	235,187	223,613	347,461	236,200	281,202	308,507	382,123		
Bosnia and Herzegovina			160	329	508	472	542	643	538	842	770	1,055	1,027	
Botswana	0	1	0	0	0	0	0	0	0	0	0	0	0	
Brazil	843,829	648,734	821,234	1,398,652	1,746,017	2,881,855	3,482,694	4,161,962	2,615,733	4,101,077	4,569,488	4,164,609	4,328,270	
Brunei Darussalam	70	154	98	167		105				111	271	149	281	
Bulgaria	42,324	21,991	60,130	180,874	171,687	405,825	566,376	492,950	339,938	237,996	6,733	3,233	3,377	
Burkina Faso	274	18	0	167	100		4,473	3,449	4,850	992	749	1,795		
Burundi	0	0	0	0	0	0	0	0	0	79	0	0	0	
Cabo Verde	38	56	118	65	21	31	25		62	151	290	178	153	
Cambodia	101	114	55	82	1	121	156	146	212	295	398	680		
Cameroon	1,113	1,199	1,524	2,923	3,406	5,924	15,772	15,225	8,002	2,513	3,048	2,509		
Canada	413,804	427,383	633,785	1,006,988	1,373,126	1,634,871	1,576,305	1,690,015	1,521,879	1,818,589	1,930,836	1,678,789	1,702,026	
Central African Republic	0	11	0			0	0	0	0	0	0	0	0	
Chile	0	0	0	0	0	32,931	8,969	29,963	8,548	0	0	0	9,252	
China	1,303,461	1,567,091	2,248,158	3,666,724	4,991,536	5,735,872	10,280,372	11,172,814	12,790,520	17,935,193	20,578,293	20,631,633	20,801,437	
Colombia	262,486	280,834	299,859	341,322	377,144	512,283	660,597	705,723	589,753	736,503	901,631	954,381	903,839	
Comoros	0	0	0	0	0	0	21	0	0					
Congo							2,055	4,312	100	59	308	556	642	
Cook Islands					2									
Costa Rica	54,250	73,559	79,332	109,087	106,265	214,084	179,502	206,621	172,851	218,986	265,144	290,949	271,617	
Côte d'Ivoire	2,846	1,491	247	754	395	255	1,874	10,742	10,525	7,450	2,261	2,943		
Croatia	1,617	2,001	3,472	3,742	3,763	5,834	7,423	11,653	22,450	10,701	5,522	4,193	795	
Cuba	46,296	48,243	57,407	77,179	64,201	48,802								
Cyprus	425	324	452	650	845	1,567	2,496	2,873	2,652	3,472	4,384	4,128	3,333	
Czech Republic	4,697	7,220	13,921	19,702	35,161	40,603	63,637	72,328	40,415	46,952	60,164	57,894	43,265	
Denmark	70,149	70,135	84,933	95,394	157,410	157,898	167,055	208,813	156,200	132,855	149,998	147,780	176,733	
Djibouti									11					
Dominica	55	37	121	158	230	154	311	167	489	192	159	185		
Dominican Republic	23,469	25,224	25,689	23,686	33,159	36,800	57,516	57,081	47,777	62,568	75,491	66,963	62,301	
Ecuador	259,004	300,866	314,697	367,962	409,913	490,547	503,251	582,589	498,761	564,254	529,108	625,138	562,634	
Egypt	9,036	6,018	2,484	2,972	4,891	3,566	4,795	66,349	21,985	13,767	30,925	19,733	27,979	
El Salvador	15,995	22,951	43,816	73,733	100,180	135,533	137,216	163,777	65,971	43,548	72,592	50,325	49,872	
Estonia	4,013	5,752	4,893	8,707	12,027	13,398	16,137	19,999	11,680	11,080	13,445	15,327	14,142	
Ethiopia	0	0	790	97	26	46	599	2,035	1,854	810	3,282	1,613		
Faroe Islands	143	215	370	985	1,029	1,401	746	1,026	51,642					
Fiji		486	785	1,490	1,767	2,594	2,181	3,009	2,206	1,176	474	493		
Finland	70,398	71,059	97,226	145,089	196,900	303,445	325,735	365,898	151,028	227,474	236,414	169,521	135,309	
France	792,432	720,728	880,338	1,543,704	1,487,582	2,613,192	2,708,569	2,584,773	1,484,985	1,458,743	1,740,993	1,409,395	1,451,152	
French Polynesia	2,906	2,660	2,189	2,334	2,671	3,562	3,665	4,174	3,381	2,771	2,313	2,071	1,945	
Gabon	118	0	71	629	615	420	606	500	543					
Georgia	0	0	4	1	41	654	288	1,228	1,582	1,675	385	673	786	
Germany	617,411	562,966	803,867	1,546,555	1,719,349	3,306,908	3,561,591	3,285,694	2,099,428	2,138,998	2,792,815	2,201,919	2,096,859	
Ghana	0		1,161		8,651	11,396	18,736	15,453	14,892	13,252	17,793	29,465		
Greece	42,808	59,745	78,525	145,920	114,475	215,809	383,028	128,327	117,789	82,381	113,317	253,004	260,080	
Greenland	0	0	537	0	0	844	25	625	846	746	969	806	948	
Grenada	189	173	320	313	271	668	644	555						
Guatemala	37,294	69,104	38,889	44,880	114,982	160,629	274,323	267,015	138,165	93,925	128,412	130,406	121,894	
Guinea	4	4		349	28	357	1,678	1,004		107	924	7,114		
Guyana	338	424	551	816	948	1,231	1,139	868	1,203	1,731	4,322	1,250	1,322	
Honduras	23,599	17,220	23,407	59,247	62,040	50,655	75,085	91,364	64,574	42,911	50,767	56,285	58,682	
Hong Kong, China	134,136	149,571	170,876	190,895	164,776	168,850	166,295	211,144	485,419	382,604	410,551	452,646		
Hungary	2,252	3,835	3,781	1,605	2,815	1,546	3,013	2,273	3,828	14,137	10,519	7,543	8,947	
Iceland	39,635	1,786	1,749	2,750	3,630	4,943	6,425	5,825	4,589	4,390	45,958	43,584	6,489	
India	74,624	126,303	174,871	309,033	377,801	1,540,136	1,885,488	1,746,702	888,807	1,566,844	1,829,047	2,495,845	3,241,991	
Indonesia	57,027	52,095	62,093	110,474	135,612	197,945	202,632	274,276	189,212	309,055	372,262	206,641	241,248	
Iran (Islamic Republic of)	1,596	1,813	52,086	116,449	3,712	0				6,405	10,639			
Ireland	28,347	34,094	41,365	52,528	62,444	76,029	82,023	67,074	69,054	73,421	82,144	73,455	75,877	
Israel	5,613	8,620	12,765	12,654	18,991	14,762	14,833	32,230	31,778	53,747	58,363	55,608	72,100	
Italy	877,556	916,668	1,147,803	1,600,542	1,786,003	2,848,315	3,557,518	3,179,343	1,491,175	2,540,525	2,873,161	2,105,615	1,626,864	
Jamaica	6,831	8,477	14,889	10,892	11,039	11,933	11,601	15,230	12,630	11,598	9,954	9,459		
Japan	2,431,579	2,148,542	2,628,421	4,180,532	5,121,276	7,254,005	8,159,413	7,921,660	5,305,268	7,746,331	9,822,359	9,352,651	8,020,325	
Jordan	1,138	991	1,975	1,103		2,155	4,714	13,243	7,323	5,554	6,572	5,437	5,504	
Kazakhstan	39	303	215	923	23,005	1,464	2,704	3,238	5,525	6,043	8,710	23,380	13,426	
Kenya	17	137	185	654	3,054	2,303	2,205	2,524	2,400	3,197	3,420			
Kiribati					21		133	67	0	0	0	0		
Korea, Republic of	696,109	753,935	1,057,629	1,933,548	2,279,175	3,812,945	4,183,829	4,127,354	3,103,300	4,221,395	4,857,963	4,676,463	4,657,503	
Kuwait	7,466	6,991	8,214	12,384		13,828	19,716	19,138						
Kyrgyzstan	1,510	2,278	754	25	26	291	100	203	266	258	427	567		
Latvia	1,771	2,771	2,356	2,761	2,776	3,196	4,504	5,866	3,250	3,546	4,263	5,371	5,418	
Lebanon	2,514	2,111	1,773	1,977	2,170	1,797	4,207	3,193	3,186	3,389	6,035	4,962	5,878	
Lesotho	0	0	0					0	0	5				
Libya							1,857	935	2,641	1,723				
Lithuania	2,456	3,407	5,292	3,150	6,641	8,562	10,262	13,425	9,066	7,502	9,794	9,554	18,668	
Luxembourg	78	158	93	137	420	365	693	4,282	3,858	3,737	2,776	2,070	1,757	
Macao, China	217	222	398	683	779	723	1,440	2,444	4,140	4,389		5,190		
Macedonia, The Former Yugoslav Republic of	58	42	44	105	192	198	737		567	656	1,511	1,230	1,041	
Madagascar	53	40	4	18	11	49	14	402	2,412	2,595	144	235	274	
Malawi	14	2	537	81	0	0	0	0	0	55	49	24	156	
Malaysia	48,218	31,789	72,583	145,379	148,450	165,309	178,030	228,236	159,668	230,500	261,554	209,243	416,529	
Maldives	0	0	0	0	0	4	4	13	28	84	173	132	272	
Mali	64	44	0	194	19	0	0	787		0	547	207		
Malta	464	892	1,084	1,105	1,480	2,213	1,955	1,903	1,984	2,193	2,362	1,861	2,286	
Mauritania	0	0	0	21	5		212	0	599	1,558	1,290	456		
Mauritius	672	1,300	1,115	1,515	1,862	1,784	2,765	2,405	1,440	1,982	957	1,644	1,888	
Mayotte	12	24	13	24	101	551	689	1,493	2,110					
Mexico	974,871	1,010,037	1,081,743	1,463,717	1,754,121	2,469,763	2,593,964	2,592,290	1,650,554	1,952,329	2,101,388	1,502,613	1,438,432	
Mongolia	0		18	36	21	229	484						2,572	
Montenegro						65	70	203	217	218	213	353	353	
Montserrat	8	15	23	31	51	38	37	43	35			0	0	
Morocco	9,604	10,359	15,733	13,942	22,445	21,948	7,142	19,636	12,811	11,511	13,520	11,751	19,075	
Mozambique	13	0	38	15	454	149	440	650	64	1,114	3,678	5,018	6,732	
Myanmar										35				
Namibia	65	262	997	1,804	873	1,499	1,251	1,031	74	124	1,176	365	110	
Nepal			0						209	418	98			
Netherland Antilles					3,427	3,713	3,641	4,053						
Netherlands	345,561	370,221	462,567	898,933	1,428,038	1,771,229	1,988,781	1,465,001	1,923,956	2,533,187	3,514,466	2,394,338	2,275,576	
New Caledonia	1,030	948	768	866	1,085	1,290	1,156	676	618	1,113	9,354	2,572	891	
New Zealand	11,374	11,193	20,380	26,498	32,622	26,003	29,324	35,900	27,629	30,566	56,695	51,162	45,805	
Nicaragua	7,175	8,670	11,540	13,086	12,731	34,495	41,801	53,683	15,472	18,135	20,228	26,768	41,000	
Niger	1	0	3	640	6	2	106	8	37	564	502	637	731	
Nigeria	4,472	9,958	21,688			80,655	258,360	74,112	109,369	88,148	52,443	106,190		
Norway	59,377	52,995	61,010	58,931	77,502	97,794	108,380	133,241	140,173	103,586	108,761	122,386	140,688	
Oman	8,811	17,235	121	5,530	15,146	39,669	25,552	17,942	28,482	13,310	30,664	15,208	50,591	
Pakistan			989	3,308	3,376	1,199	3,908	3,000	11,355	8,777	16,204	17,902	32,829	
Palestine, State of							178	624	1,405	293	561	129		
Panama	19,983	19,887	25,432		30,804	44,713	54,948	66,611	63,622	86,579	100,560			
Papua New Guinea	59	90	70	155							63	2,269		
Paraguay	46,515	21,283	21,972	31,863	41,503	61,378	75,091	105,567	99,950	123,262	153,160	148,352	148,607	
Peru	428,418	419,007	429,256	470,723	615,632	863,985	880,679	1,183,437	997,218	1,049,014	1,333,473	1,243,962		
Philippines	41,073	39,538	54,816	54,138	9,306	22,939	87,079	84,962	81,654	179,057	80,004	27,978	111,563	
Poland	15,799	19,084	23,678	33,178	71,034	285,339	315,262	260,045	193,337	143,789	215,757	130,852	257,851	
Portugal	31,552	29,066	34,464	45,459	46,721	46,133	47,270	54,235	49,869	106,828	71,376	46,451	42,407	
Qatar	2,062	3,427	2,967	1,244	5,970	8,126	15,859	9,921	7,831	8,014	10,357	14,327	14,598	
Republic of Moldova	5	127	64	352	662	881	1,166	1,972	1,168	1,691	1,980	1,593	3,189	
Romania	852	1,228	1,958	3,137	3,225	11,005	3,483	3,995	6,078	2,123	1,962	2,479	4,799	
Russian Federation	15,990	30,128	45,494	82,284	129,377	152,395	259,147	343,803	257,745	329,898	422,167	497,475	694,318	
Rwanda	0	0	0	0	7	2	0	0	41	0	45	86	94	
Saint Kitts and Nevis	162	67	116	194	125	235	200	436	457	409	162			
Saint Lucia	410	499	715	718	946	822	667	497						
Saint Vincent and the Grenadines	49	56	146	235	258	261	451	758	875	1,055	1,062	655		
Samoa	176	295	443	2,087	96	231	151	398	460	0	30	336	94	
Sao Tome and Principe	0	0	0	0	1	0	0	0	0	0	0	0	0	
Saudi Arabia	63,685	48,189	92,193	100,940	91,597	104,383	151,369	173,087	108,909	230,391	296,304	243,445		
Senegal	558	165	22	241	1,258	272	328	233	522	671	448	605	522	
Serbia					24,736	22,215	3,126	4,257	6,361	64,848	64,306	9,426	6,655	
Serbia and Montenegro	3,179	1,324		2,073										
Seychelles	0	0	0		1	0		102						
Singapore	29,241	39,498	70,306	81,952	105,481	159,948	153,671	170,446	192,604	159,110	309,840	139,833	97,780	
Slovakia	892	1,317	2,058	2,524	3,832	4,446	5,441	11,131	7,897	7,282	7,174	8,970	11,277	
Slovenia	5,432	6,668	6,339	10,700	12,170	16,493	30,468	43,069	15,423	21,887	28,556	24,746	23,788	
Solomon Islands								0	6	1	4			
South Africa	13,646	22,404	45,895	37,772	53,221	75,918	106,623	148,520	101,345	79,332	114,937	143,503	112,971	
Spain	423,250	457,034	606,321	925,250	1,130,231	1,549,399	1,460,225	1,860,086	1,289,806	1,482,797	2,068,938	2,023,786	2,068,914	
Sri Lanka	15,037	17,137	15,737	16,281	20,631	22,757	28,708	23,193	22,417	15,481	7,214	4,431		
Sudan (North + South)	0	12	0	0	90	1		1,295	2,075	4,483	4,673			
Suriname	253			342	691	551	1,076		794	1,195	1,758			
Swaziland	0	0	0	0	0	0	1							
Sweden	116,003	138,905	139,685	303,254	344,866	426,438	523,947	487,026	233,200	325,473	318,535	207,619	207,060	
Switzerland	42,792	37,719	40,557	47,838	42,777	50,383	71,104	64,346	54,712	54,454	70,310	71,658	79,118	
Syrian Arab Republic	0	0	1,296	1,090	596	556	11,676	15,088	5,974	9,234				
Taipei, Chinese	420,109	556,840	585,757	1,068,082	1,134,701	1,635,328	1,822,166	2,015,798	1,342,294	2,106,925	2,175,256	1,929,297	1,702,735	
Tanzania, United Republic of	1,094	240	113	209	1,311	827	2,134	1,415	1,687	1,408	346	284	333	
Thailand	64,700	60,296	79,568	172,570	159,476	232,236	268,575	210,636	159,564	304,764	357,475	350,183	267,098	
Togo	24	242	729	99	2		9	0	8	0	1	33	973	
Tonga	41	150	66					262	254	307	239	405		
Trinidad and Tobago	3,926	4,330	6,796	6,126	7,108	11,472	17,417	20,165	20,264	20,213				
Tunisia	1,325	1,177	2,113	1,858	1,892	1,181	982	2,485	1,426	3,352	3,151	5,475	9,001	
Turkey	73,474	79,270	160,490	176,449	326,177	441,925	533,969	324,110	200,387	311,709	474,341	466,042	405,861	
Turks and Caicos Islands	0	0	0	0							0	35		
Uganda	0	0	18	0	98	0	0	2	52	484	379	111	421	
Ukraine	1,304	1,826	1,613	3,267	9,868	15,555	20,951	46,912	30,903	37,129	58,569	64,150	92,560	
United Arab Emirates					92,500		110,406	74,744						
United Kingdom	688,323	1,126,294	1,100,723	1,347,454	1,001,553	1,112,856	1,136,682	1,134,204	971,150	866,196	961,304	854,125	830,190	
United States of America	4,083,178	4,350,356	4,323,084	5,421,544	7,445,253	10,291,073	9,783,399	8,980,952	6,620,214	7,671,047	9,728,262	10,096,578	11,192,910	
Uruguay	67,133	40,072	41,456	58,425	69,595	71,199	77,339	101,880	99,619	117,150	135,052	142,787	152,224	
Vanuatu						82	131		65	70	0			
Venezuela	281,839	189,898	135,186	237,519	338,921	405,305		1,213,313	877,826	555,231	1,243,667	624,906	620,483	
Viet Nam	3,083	9,144	19,912	43,502	77,548	104,714	110,051	104,390	147,189	291,231	335,728	370,144		
Yemen				2,435	1,884	2,690	2,137	3,979	2,974	1,265	480	848		
Zambia	218	0	1	213	70	104	708	1,283	641	229	1,989	7,540	2,575	
Zimbabwe	1,437	0		215	59	288	165	0	0	19	531	0	2	
