List of importing markets for a product exported by Bahamas (Mirror) Product: TOTAL All products
"Importers"	"Exported value in 2001"	"Exported value in 2002"	"Exported value in 2003"	"Exported value in 2004"	"Exported value in 2005"	"Exported value in 2006"	"Exported value in 2007"	"Exported value in 2008"	"Exported value in 2009"	"Exported value in 2010"	"Exported value in 2011"	"Exported value in 2012"	"Exported value in 2013"	
Total	1,178,330	1,347,221	1,601,944	1,787,316	2,578,869	2,340,762	2,295,911	2,905,960	2,423,810	3,102,223	3,052,961	2,964,197	2,545,558	
Albania	0	0	0	0	0	0	123	156	54	85	0	1	2	
Algeria	767	0	31	9	0	151	0	57	0	26	395	537	0	
Andorra	158	294	295	214										
Anguilla	21	45	299											
Antigua and Barbuda					13,925		108		2	6	285	115	133	
Argentina	874	468	563	1,145	3,467	2,473	35,380	4,067	2,990	4,449	5,245	5,536	24,137	
Armenia	730	0	10	671	2,295	6	23	46	65	14	1	0	0	
Aruba					3,703				3,108	2,523	4,756	4,254		
Australia	1,391	1,489	1,694	1,813	2,988	3,039	2,125	2,299	2,056	1,847	2,462	3,320	5,457	
Austria	13	370	1,673	146	126	86	1,727	1,777	13	19	4	9	4,407	
Azerbaijan	0	0	0	0	0	0	2	0	0	0	0	0		
Bahrain	24	91	71	53	121	9	38	113	80	207	8			
Bangladesh	1,332	0	8	0	33	23	8							
Barbados	238	176	136	55	1,174	179	403	215	150	30	106	310	284	
Belarus	250	251	737	37	41	81	111	0	88	71	50	56	92	
Belgium	934	63	115	110,226	317	1,379	5,774	7,929	11,187	15,297	18,526	13,459	14,300	
Belize	149	285	664	1,009	1,228	1,424	763	34	0	42	44	7	2	
Benin	28	8	1	0	0	421	0	0	749	0	0	0	0	
Bermuda												543	61,615	
Bolivia	4	0	38	15	36	55	4	1	20	0	0	61		
Bosnia and Herzegovina			17	149	183	116	218	188	184	91	4	3	8	
Botswana	0	0	0	0	0	1	0	0	0	0	134	0	0	
Brazil	2,699	4,335	417	2,350	5,704	2,054	2,709	23,546	2,641	52,778	45,118	347	1,193	
Brunei Darussalam	0	0	0	0		0				0	32	0	1	
Bulgaria	0	36	0	206	182	411	796	99	719	144	16	2	1	
Burkina Faso	0	286	0	13	0		0	0	7,459	121	0	0		
Cabo Verde	1	0	55	1	1	0	149		3	11	0	0	0	
Cambodia	0	0	0	0	0	0	0	0	0	0	0	0		
Cameroon	0	0	0	0	0	0	0	0	0	1	24,932	0		
Canada	8,896	10,280	34,436	42,828	47,125	20,531	59,165	69,249	27,253	53,539	22,111	146,698	42,535	
Chile	47	9	109	102	121	133	280	226	133	40	35	1,458	19	
China	22	58	781	695	188	68	18,119	609	148	153	62,901	116,885	77	
Colombia	123	100	324	9	33	3	547	308	137	60	28	0	39,762	
Comoros	0	0	0	0	0	0	0	0	28					
Congo							37,550	0	0	0	0	6	0	
Costa Rica	24	16,545	8,417	7,554	123	130	2,409	6,417	3,800	5,800	4,740	2,045	1,589	
Côte d'Ivoire	0	1,501	2,238	5	1	13	10	4	23	11	0	136		
Croatia	443	425	231	288	334	7,030	537	715	404	59	14	7,970	31	
Cuba	8,627	8,829	17,670	120	65	636								
Cyprus	318	303	335	2	7	10	2	2	0	0	0	8	50	
Czech Republic	306	360	474	1,081	939	1,888	3,225	2,163	1,325	442	436	403	926	
Denmark	36	21	11,059	176	504	848	86	5	141	157	103	800	543	
Dominica	56	33	309	43	149	36	19	10	42	70	290	1,884		
Dominican Republic	661	139	13	47	12	51	112	1,896	134,865	266,201	161,262	359,222	410,051	
Ecuador	9,965	74	39,453	61	1,073	369	495	14,429	14,809	253,552	167,988	143,819	117,599	
Egypt	0	0	0	0	0	0	0	0	0	2	0	4	109	
El Salvador	9,494	13,776	2,881	4,401	0	2	3,542	7,686	9,381	8,734	20	29	404	
Estonia	29	62	254	101	8	59	435	680	877	468	1,646	494	3,158	
Ethiopia	0	0	298	153	0	74	22	75	2	0	0	16,526		
Faroe Islands	21	0	242	0	30	10	2	0	0					
Fiji		9	11	21	21	12	8	3	0	0	0	50		
Finland	911	770	639	595	43	82	368	1,988	90	13	140	1,139	1,441	
France	121,295	91,922	70,821	44,060	61,232	59,008	49,742	43,724	38,306	29,443	45,987	33,596	20,036	
French Polynesia	1	5	0	3	0	32	5	4	7	0	0	0	1	
Gabon	2	0	97	0	0	0	0	6	0					
Gambia	0	0	0	6	50	5	0	0	5	0	2			
Georgia	307	3,168	15	2	0	63	0	362	0	0	0	1	0	
Germany	130,119	149,986	112,972	97,223	140,615	328,172	180,241	221,615	146,800	345,080	6,631	16,463	53,860	
Ghana	15,032		3,367		339	1,106	208	430	64,179	375	19	82		
Greece	9,581	26,549	22,090	1,489	30,893	1,118	84,196	18,355	670	532	663	556	862	
Greenland	0	0	33	0	0	126	0	60	79	49	53	45	30	
Grenada	62	18	1	2	6	68	56	20						
Guatemala	3,293	574	66,665	57,835	58,639	37,867	50,486	25,354	60,679	102,713	14,992	54	218	
Guinea	0	0		0	0	0	13	0		13	0	0		
Guyana	47	150	20	141	32	0	147	90	243	28	5	313	392	
Honduras	115	3,011	363	633	940	26,950	12,443	30,215	15,214	12,956	1,621	71	44	
Hong Kong, China	67	13	5	6	33	188	7	76	130	269	385	454		
Hungary	262	419	531	3,179	2,530	2,706	3,336	3,027	2,518	2,095	2,064	1,878	1,844	
Iceland	1,800	1,345	2,092	325	1,802	1,345	1,093	415	1,599	1	2	0	0	
India	73	20	417	0	46,411	12,158	106	45,637	418	564	7,151	196	95,962	
Indonesia	0	14,147	0	211	5,729	0	209	1,888	373	17,128	810	105	6,473	
Ireland	313	246	416	262	477	74	1,645	6,031	5,307	7,169	9,697	9,293	9,600	
Israel	39	800	1,287	454	64	162	153	1	14	84	26	1	592	
Italy	4,337	8,587	32,863	3,973	7,094	44,488	6,006	5,023	3,135	3,888	3,001	6,383	7,559	
Jamaica	876	886	5,830	873	1,207	1,933	1,524	1,201	2,380	11,802	55,417	49,133		
Japan	2,593	1,994	476	786	983	84,867	2,986	225,760	63,094	351	411	423	73,398	
Kazakhstan	810	1,537	608	356	53	203	361	541	418	160	27	37	54	
Kenya	702	113	10	12	20	99	8	17	58	1	0			
Korea, Republic of	10,712	13	184	12,737	29,140	187	248	854	221	1,115	11,448	933	7,820	
Kyrgyzstan	0	0	0	12	2	2	0	1	0	6	27	12		
Latvia	5	2	0	0	0	3	0	0	0	132	0	0	0	
Lebanon	73	119	7	36	61	6	58	81	91	3	5	6	99	
Lithuania	149	2,057	73	3,222	5,782	19,657	12,024	1	0	0	0	0	0	
Luxembourg	0	0	0	0	0	2	5	6	24	10	48	7	14	
Macao, China	0	4	6	0	0	0	1	24	25	35		52		
Macedonia, The Former Yugoslav Republic of	105	0	21	15	10	11	31		56	13	2	186	209	
Madagascar	197	0	174	9	0	35	0	0	0	0	0	3	0	
Malawi	0	0	0	0	0	0	0	0	0	0	0	9	1	
Malaysia	213	352	414	382	235	663	490	45,243	2,382	2,077	33,069	42,525	5,760	
Maldives	147	222	21	25	51	4	8,301	58,696	46,629	62,025	16,208	30,812	20,459	
Malta	0	155	220	164	400	720	19	10	0	0	2	11,342	0	
Mauritania	0	0	0	0	0		0	0	0	0	0	7		
Mauritius	11	9	42	21	21	177	135	46	45	62	122	736	22	
Mayotte	0	0	0	0	0	0	3	0	0					
Mexico	9,539	47,913	51,216	36,157	24,326	295	24,750	40,055	3,026	125,868	9,695	97,053	73,590	
Mongolia	0		0	0	0	2	0						2	
Montenegro						0	7	3	22	53	358	7	21	
Montserrat	0	0	0	57	0	0	0	0	0			3	0	
Morocco	221	124	209	147	141	309	304	375	23,992	119	135	0	3	
Mozambique	90	56	417	71	131	31	3	10	19	4,262	21,907	9,792	212,127	
Myanmar										4				
Namibia	0	0	0	0	2	35	0	0	0	1,176	840	779	0	
Nepal			0						0	0	0			
Netherland Antilles					15	513	1	79						
Netherlands	537	223	1,655	778	5,133	342	373	1,994	5,916	475	5,538	1,206	1,989	
New Caledonia	28	2	1	1	18	0	0	0	2	6	0	0	0	
New Zealand	45	1	187	74	192	103	39	97	91	62	13	4	19	
Nicaragua	3,279	1,499	15,797	30	0	111	418	870	0	0	0	0	29	
Niger	0	610	0	0	0	0	0	0	0	0	0	0	6	
Nigeria	471	624	510			219	3,961	7,686	16	2,581	6,883	4,661		
Norway	33,408	674	1,034	8,597	2,262	3,268	6,564	4,266	898	1,267	1,270	819	1,708	
Oman	41	0	0	0	0	0	0	0	0	48	168	134	0	
Pakistan			4	77	253	95	71	4,144	32	1,252	12,900	24	62	
Palestine, State of							5	0	0	0	0	0		
Panama	14	0	163		0	245	941	574	771	1,936	4,550			
Papua New Guinea	0	0	0	0							0	25		
Paraguay	51,439	32,438	60,312	9,776	2,406	0	0	0	0	0	0	768	0	
Peru	208	3	11,448	2	30	0	23	100	444	11,066	31	37		
Philippines	0	0	8	48	0	0	0	6	44	15	138	10	1	
Poland	51,286	23,634	75,805	220,396	316,709	334,181	411,335	518,997	316,801	327,468	362,244	236,021	369,157	
Portugal	29	85	56	108	8,269	449	164	252	247	152	51	202	28	
Qatar	0	0	0	0	0	0	0	0	0	0	0	26	0	
Republic of Moldova	2	3	0	6	6	17	124	111	40	41	80	139	102	
Romania	479	278	258	297	247	341	55	0	0	0	0	0	0	
Russian Federation	229	515	371	546	709	1,252	1,763	2,327	1,486	2,580	2,879	2,906	1,971	
Rwanda	3	0	0	0	0	0	0	0	4	0	0	0	0	
Saint Kitts and Nevis	60	35	0	12	0	10	32	0	3	16	364			
Saint Lucia	7	157	27	102	210	65	138	131						
Saint Vincent and the Grenadines	138	153	139	17	39	2	65	106	0	3	2	2,671		
Samoa	0	0	0	328	142	0	0	0	0	0	0	0	0	
Sao Tome and Principe	372	0	37	0	5	89	33	126	220	185	0	0	0	
Saudi Arabia	84	10	5	0	18	15	16	0	0	606	443	2,420		
Senegal	4	8	13	11	15	8	29	13	22	10	68	5	1,349	
Serbia					65	12	24	13	59	46	3	148	613	
Serbia and Montenegro	81	155		91										
Seychelles	2	6	0		0	0		1						
Singapore	346	35,996	45,035	26,721	24,701	58,577	388,061	541,507	438,369	400,690	851,322	720,803	405	
Slovakia	67	89	136	191	179	283	560	705	452	11	13	16	12	
Slovenia	134	65	80	149	162	212	327	324	353	175	119	322	259	
Solomon Islands								0	0	0	1			
South Africa	595	863	317	62	4,098	2,792	12,519	24,060	21,593	24,219	6,258	19,800	12,358	
Spain	121,510	143,872	150,179	206,380	790,891	533,649	68,628	79,089	2,560	811	13,443	22,844	1,259	
Sri Lanka	0	0	0	0	0	16	0	0	1,939	1,649	0	21		
Sudan (North + South)	0	22	0	0	0	0		0	0	2	0			
Suriname	44			126	20	66	0		0	1	145			
Sweden	43	280	9	627	153	839	43	63	527	109	58	480	3,046	
Switzerland	51,203	43,940	68,788	39,969	43,777	69,275	134,080	90,495	54,497	70,423	145,438	120,100	58,594	
Syrian Arab Republic	0	0	0	0	0	0	0	0	0	29				
Taipei, Chinese	97	66	46	26	33	771	885	2,072	1,263	2,786	3,268	1,827	1,627	
Tanzania, United Republic of	5	1	129	103	90	0	0	0	0	0	0	1	0	
Thailand	55	14	1,497	371	293	134	943	6,465	1,912	6,462	7,217	11,937	6,595	
Togo	306	94	35	14	0		14	32	0	0	0	0	0	
Tonga	0	0	0					0	24	0	0	0		
Trinidad and Tobago	22,073	2,288	13,318	10,837	13,363	157	3,466	1,585	335	16,038				
Tunisia	4	17	9	13	1	19	28	2	46	2	6	21,661	0	
Turkey	220	388	3,557	584	4,052	1,432	518	54,037	4,362	1,534	1,155	8,447	136,254	
Turks and Caicos Islands	2,063	2,191	2,015	3,787							36,317	37,121		
Uganda	0	0	0	27	1	0	35	0	116	0	0	0	0	
Ukraine	1,748	1,492	464	113	617	871	1,129	1,056	1,569	454	1,648	554	231	
United Arab Emirates					284		1,020	939						
United Kingdom	136,028	158,266	146,019	106,703	127,642	107,299	20,888	10,468	9,764	3,927	6,793	6,666	6,003	
United States of America	328,343	478,050	500,024	667,299	725,328	475,413	523,021	626,403	844,826	815,189	806,338	587,796	619,920	
Uruguay	1	0	9	46	26	43	1	2	0	4	130	111	7	
Vanuatu						15	15		10	27	0			
Venezuela	83	0	588	40,231	376	78,737		516	794	1,201	48	945	932	
Viet Nam	8,336	98	879	16	288	55	94,811	1,998	3,338	3,112	8,691	8,074		
Yemen				214	0	0	0	0	0	0	0	0		
Zambia	0	9	0	0	0	0	1	0	0	0	0	961	0	
Zimbabwe	0	0		130	0	0	0	0	881	4,829	266	0	44	
