List of importing markets for a product exported by Swaziland (Mirror) Product: TOTAL All products
"Importers"	"Exported value in 2001"	"Exported value in 2002"	"Exported value in 2003"	"Exported value in 2004"	"Exported value in 2005"	"Exported value in 2006"	"Exported value in 2007"	"Exported value in 2008"	"Exported value in 2009"	"Exported value in 2010"	"Exported value in 2011"	"Exported value in 2012"	"Exported value in 2013"	
Total	381,120	507,505	599,300	807,664	858,441	963,139	936,371	1,073,945	892,673	957,717	865,259	931,888	2,012,428	
Afghanistan								0	0	0	0	0		
Albania	0	0	3,784	1,834	1,611	732	433	327	318	269	196	12	384	
Algeria	93	90	146	961	216	1,091	159	302	3,608	771	1,115	3,438	1,034	
Andorra	0	1	0	0										
Antigua and Barbuda					633		566		60	225	20	17	21	
Argentina	42	0	0	0	2	0	0	0	0	0	46	12	28	
Armenia	0	0	0	0	0	0	0	1	0	0	0	0	0	
Australia	2,014	18,308	29,812	40,175	46,674	33,267	45,803	50,205	46,235	56,830	25,819	3,425	3,644	
Austria	6	28	126	21	3	36	35	128	2	12	9	11	40	
Azerbaijan	0	0	0	0	0	0	0	0	1	0	0	0		
Bahrain	0	14	0	0	10	0	0	0	0	0	24,627			
Bangladesh	5,132	11,557	10,094	4,618	9,374	8,270	10,252							
Barbados	23	19	51	36	108	171	71	64	93	381	58	447	7	
Belarus	0	24	0	0	95	0	72	24	7	22	47	91	534	
Belgium	3,598	3,556	4,140	1,567	376	1,668	1,959	839	392	41	1,253	1,326	1,199	
Belize	1	0	0	0	0	1	0	0	32	0	0	21	7	
Benin	2	20	63	312	926	129	52	147	73	270	219	177	160	
Bermuda												17	52	
Bhutan					26	0	0	0	19	6	2			
Bolivia	0	335	14	79	57	1,022	80	99	103	647	133	103		
Bosnia and Herzegovina			339	996	87	44	43	46	32	17	50	13	11	
Botswana	1	3,150	2,531	288	214	92	210	1,982	3,740	5,754	2,143	5,253	4,019	
Brazil	414	88	294	289	312	232	425	178	1,561	19,762	17,390	3,691	532	
Brunei Darussalam	8	3	4	9		5				3	88	1,157	0	
Bulgaria	3	20	4	10	10	49	25	29	0	129	0	1,301	0	
Burkina Faso	3	0	0	29	24		12	5	0	0	49	132		
Burundi	1,146	140	26	24	0	869	102	0	149	44	747	218	0	
Cabo Verde	0	0	0	60	0	158	0		0	0	45	0	0	
Cambodia	4	0	2	91	854	176	484	1,111	1,150	129	350	478		
Cameroon	18	7	18	22	36	3	299	35	1,021	1,288	145	95		
Canada	828	1,505	1,828	2,068	3,192	1,880	2,320	2,282	1,685	1,607	1,843	3,020	2,485	
Central African Republic	0	0	0			0	1	305	1	0	198	0	0	
Chile	0	79	2	0	0	34	0	0	0	0	1	21	1	
China	7,014	11,089	14,533	14,633	23,181	24,822	19,332	11,280	15,108	2,504	344	100,381	115,524	
Colombia	4	1	4	171	160	133	87	37	488	1,047	155	116	286	
Comoros	0	0	0	0	0	1	0	0	196					
Congo							46	9	0	0	0	5	0	
Costa Rica	34	0	25	36	193	303	1	2	1	151	91	18	119	
Côte d'Ivoire	19	0	0	1	33	2	32	11	279	69	97	258		
Croatia	22	4	7	172	6	36	12	14	5	17	50	44	7	
Cuba	184	17	27	26	322	137								
Cyprus	4	2	93	45	106	73	455	257	116	128	309	7	10	
Czech Republic	58	118	44	43	108	137	123	49	73	185	237	306	365	
Denmark	171	1,667	146	87	36	1,265	31	30	10	243	118	309	369	
Dominica	140	14	34	47	356	65	26	46	55	39	191	125		
Dominican Republic	86	17	18	1	146	195	60	673	3,430	2,307	3,035	1,355	1,679	
Ecuador	11	18	804	68	0	6	9	328	1,615	54	104	333	1,424	
Egypt	19	1,793	0	9	387	0	154	1,098	50	632	129	60	14,268	
El Salvador	0	0	0	0	0	0	0	0	0	0	0	472	1,929	
Estonia	6	5	5	6	23	152	26	5	0	0	2	11	33	
Ethiopia	4,965	4,944	2,331	4,951	6,725	7,437	12,973	13,871	12,590	15,233	9,057	20,722		
Faroe Islands	3	1	5	37	69	332	70	17	45					
Fiji		276	124	118	883	689	492	767	334	472	1,508	2,864		
Finland	7,809	5,248	12,306	9,912	8,781	5,897	827	97	61	0	0	0	22,447	
France	39,161	32,897	22,213	51,120	34,818	20,324	23,805	28,248	22,953	24,276	14,161	11,378	13,016	
French Polynesia	1,470	1,487	1,505	1,725	0	1	0	1	0	0	3	2	1	
Gabon	14	0	63	23	8	39	124	67	94					
Gambia	0	0	0	0	0	0	0	0	0	463	677			
Georgia	0	0	0	129	0	0	0	39	0	2	0	0	0	
Germany	2,060	2,679	3,309	3,472	3,228	2,202	5,994	18,243	3,088	19,159	17,553	35,631	10,694	
Ghana	6		12		14	90	2,649	304	4	16	10	11		
Greece	312	173	187	100	225	386	360	141	1,689	9,130	8,598	10,390	2,664	
Grenada	6	2	19	0	2	1	23	43						
Guatemala	823	509	288	207	1,551	69	396	740	79	1,020	2,099	13	33	
Guinea	0	0		0	0	0	29	648		1,100	192	6,290		
Guyana	430	299	624	187	106	171	2	1,850	31	28	256	1,022	1,639	
Honduras	0	962	1,183	0	0	0	0	0	0	0	0	0	0	
Hong Kong, China	9,735	12,189	4,410	254	353	589	657	1,084	583	1,182	1,065	1,782		
Hungary	86	15	15	12	0	0	0	0	0	5	0	11,748	10,570	
Iceland	0	0	0	0	8	0	0	0	0	0	0	0	8	
India	350	269	1,723	3,221	3,714	70,732	27,660	36,084	29,465	99,324	55,291	65,885	30,182	
Indonesia	4,071	1,348	2,556	5,283	13,020	10,461	20,514	10,554	8,369	7,049	3,860	4,767	3,919	
Iran (Islamic Republic of)	0	0	0	0	0	0				427	0			
Ireland	515	365	503	1,483	860	879	1,544	1,865	1,450	759	1,300	1,198	1,237	
Israel	0	21	10	1	162	31	93	20	0	16	20	6,570	380	
Italy	5,574	4,813	5,411	4,973	3,505	7,428	12,523	9,866	26,902	36,689	49,545	47,679	76,691	
Jamaica	0	146	0	0	129	0	0	0	0	0	0	0		
Japan	7,386	5,178	6,387	6,672	6,606	4,559	5,237	5,722	5,328	2,197	1,191	872	2,054	
Kazakhstan	97	0	0	0	0	3	0	2	69	30	12	15	8	
Kenya	12,011	20,595	20,747	37,487	37,981	53,317	48,987	72,290	65,310	49,258	56,349			
Kiribati					0		0	3	0	0	0	0		
Korea, Republic of	23,687	53,969	54,631	87,350	90,239	36,554	45,408	49,273	30,332	18,475	7,671	29,116	33,102	
Kuwait	0	0	2	12		0	0	83,472						
Kyrgyzstan	0	0	0	0	0	0	0	0	0	0	0	0		
Latvia	0	0	0	0	0	0	0	0	62	0	0	0	0	
Lebanon	241	135	306	56	86	140	323	97	423	372	149	97	103	
Lesotho	0	0	0					2,515	138	1,224				
Lithuania	4	8	14	1	0	45	97	289	47	11	41	0	170	
Luxembourg	0	0	0	4	0	0	0	13	5	22	8	6	0	
Macao, China	0	0	0	0	0	0	0	0	0	0		0		
Macedonia, The Former Yugoslav Republic of	1	172	0	3	0	0	133		4	4	1	1	27	
Madagascar	1,725	1,203	5,215	7,955	9,576	16,825	22,788	17,566	2,178	1,866	7,394	7,156	7,724	
Malawi	2,874	4,252	4,100	5,119	4,644	6,161	5,024	6,406	1,684	15,704	13,934	10,001	9,776	
Malaysia	1,022	355	578	189	854	4,904	2,346	3,906	2,919	1,576	7,005	464	1,413	
Maldives	0	0	0	0	0	0	0	0	0	0	0	0	0	
Mali	3	66	31	118	1	91	463	286		1,287	63	311		
Malta	4	5	0	0	32	22	96	79	117	0	4	0	20	
Mauritania	0	212	0	0	0		0	0	0	1,594	9,163	13,656		
Mauritius	7,664	7,776	7,831	8,023	6,602	7,856	9,851	10,522	9,671	8,487	9,159	9,475	9,009	
Mayotte	6	20	0	0	0	0	0	281	380					
Mexico	3,807	5,726	13,202	22,696	9,024	11,375	11,433	11,413	19,542	9,621	5,575	10,987	12,012	
Mongolia	0		0	0	0	0	0						70	
Montenegro						32	172	37	2	30	31	19	84	
Morocco	0	10	18	2	22	3	136	366	391	131	274	199	367	
Mozambique	7,523	4,458	4,157	11,798	8,625	15,937	11,946	17,249	18,638	18,034	17,536	26,449	39,728	
Myanmar										199				
Namibia	30	23	286	7,174	2,599	6,550	8,730	9,760	16,345	16,163	20,195	20,154	17,463	
Nepal			0						655	158	0			
Netherland Antilles					2	0	4	0						
Netherlands	10,076	5,903	16,568	13,824	11,813	25,980	81,503	30,842	23,143	18,456	23,063	21,044	19,256	
New Caledonia	221	824	34	237	0	14	10	110	94	89	238	93	63	
New Zealand	0	17,292	28,331	43,539	52,108	34,857	42,403	28,391	28,955	24,267	6,615	59	56	
Nicaragua	0	195	9	4	216	226	53	43	36	6	42	85	127	
Niger	4	0	0	0	0	137	15	1	17	5	79	7	82	
Nigeria	1,986	4,289	1,902			23,158	56,419	29,037	36,203	46,989	46,950	65,666		
Norway	16	7	20	0	9	7	1	25	596	3,615	3,908	5,603	5,816	
Oman	85	0	0	0	0	0	0	2	0	0	54	0	0	
Pakistan			180	6,039	10,915	6,960	5,835	34,741	28,321	21,694	10,213	24,145	36,039	
Palestine, State of							0	3	23,070	102	0	0		
Panama	0	0	0		0	0	0	0	0	0	0			
Papua New Guinea	55	246	4	51							292	1,648		
Paraguay	0	0	0	0	5	0	0	12,283	0	0	0	0	14	
Peru	273	150	81	185	48	124	578	572	111	417	380	968		
Philippines	0	772	280	0	6	0	850	166	244	127	141	14	2	
Poland	0	124	170	82	305	1,858	1,353	1,514	1,042	25,064	33,638	14,183	2,047	
Portugal	16,287	8,050	9,962	10,359	12,394	14,988	20,684	25,702	33,915	16,932	17,549	1,239	46,811	
Qatar	3	47	183	1,182	9,971	10,457	28,200	51	20,241	4,397	3,330	3,236	2,750	
Republic of Moldova	0	19	2	18	1,213	595	36	239	12	164	183	136	136	
Romania	36	21	18	1,103	18	9	2	1	30,408	26,435	9,212	34,541	23,496	
Russian Federation	11,066	349	483	422	99	217	645	941	620	1,793	1,422	1,247	1,738	
Rwanda	2,070	692	2,419	966	336	368	389	633	1,087	32,595	1,036	1,427	1,059	
Saint Kitts and Nevis	58	6	0	3	17	53	0	2	51	5	0			
Saint Lucia	26	243	100	33	169	12	25	0						
Saint Vincent and the Grenadines	1	1	5	7	7	7	20	211	66	65	195	160		
Samoa	0	0	51	389	0	0	0	0	9	0	0	3	2	
Sao Tome and Principe	0	0	0	0	0	0	0	0	1	0	2	0	0	
Saudi Arabia	355	85	440	834	519	2,596	1,004	3,216	829	774	1,330	2,340		
Senegal	0	13	4	0	84	0	0	0	18	129	435	2,978	456	
Serbia					26	53	54	31	252	18	152	104	28	
Serbia and Montenegro	26	329		307										
Seychelles	211	101	0		206	534		940						
Singapore	1,318	3,055	2,634	2,511	6,207	2,307	4,998	3,581	4,819	3,127	3,746	5,626	5,031	
Slovakia	33	18	24	4,307	199	648	344	338	349	361	657	250	543	
Slovenia	4	7	5	3,771	165	515	352	801	227	70	2,533	238	3,999	
Solomon Islands								0	18	3	8			
South Africa	64	107	43	5	43	119	260	17	162	117	85	75	1,165,865	
Spain	2,438	2,460	3,216	3,215	2,797	3,730	3,185	18,243	31,200	11,995	36,557	36,012	54,468	
Sri Lanka	10	17	120	20	8	642	2,127	153	911	2,174	1,308	14,993		
Sudan (North + South)	3,416	3,880	10,750	95	0	0		19,863	34,291	18,074	18,536			
Sweden	0	4	167	50	52	169	113	41	164	602	114	40	4	
Switzerland	114	65	102	67	387	144	237	836	183	166	427	435	382	
Syrian Arab Republic	0	0	0	0	0	0	0	0	0	64				
Taipei, Chinese	6,391	3,356	1,837	1,796	710	4,768	5,929	935	224	414	133	480	818	
Tanzania, United Republic of	12,628	15,788	12,348	17,470	23,720	16,729	20,321	76,481	26,847	32,809	48,457	35,110	37,553	
Thailand	7,071	16,963	14,755	30,793	74,688	158,819	24,361	19,057	20,902	9,370	14,325	16,221	11,184	
Timor-Leste				1	18									
Togo	6	0	0	18	3		0	94	251	747	182	147	193	
Tonga	0	0	0					0	15	0	6	10		
Trinidad and Tobago	12	648	47	89	91	194	180	172	180	18				
Tunisia	106	993	72	3	5	596	6	18	800	1	147	43	3	
Turkey	30	429	1,240	3,153	2,224	775	127	34	2	9	31	5	11	
Uganda	5,231	8,209	10,003	16,821	17,882	27,919	25,258	24,436	18,403	20,714	18,652	23,242	13,665	
Ukraine	0	0	2	0	0	14	0	52	27	193	481	578	809	
United Arab Emirates					14		0	28						
United Kingdom	50,145	54,436	57,546	65,363	66,375	68,502	62,484	86,873	23,557	19,888	21,624	20,458	15,153	
United States of America	69,089	123,086	173,451	209,100	207,283	164,395	154,232	142,082	115,611	126,035	92,991	69,690	61,828	
Uruguay	0	0	0	0	0	0	0	0	1	3	45	6	2	
Vanuatu						266	462		94	146	77			
Venezuela	0	7	0	0	80	0		0	0	0	0	0	0	
Viet Nam	0	0	0	1,720	0	0	0	6,230	3,068	2,223	6,279	0		
Yemen				2,732	5,122	8,728	10,020	3,275	3,413	221	7	51		
Zambia	2,943	2,172	4,372	5,369	3,747	5,478	8,336	9,778	6,751	12,272	11,793	20,210	19,302	
Zimbabwe	10,633	5,552		8,910	1,186	5,084	5,254	2,786	7,177	13,387	23,194	21,836	24,855	
