List of importing markets for a product exported by Latvia Product: TOTAL All products
"Importers"	"Exported value in 2001"	"Exported value in 2002"	"Exported value in 2003"	"Exported value in 2004"	"Exported value in 2005"	"Exported value in 2006"	"Exported value in 2007"	"Exported value in 2008"	"Exported value in 2009"	"Exported value in 2010"	"Exported value in 2011"	"Exported value in 2012"	"Exported value in 2013"	
World	2,000,723	2,284,406	2,893,669	4,378,634	5,302,745	5,891,473	7,893,151	9,280,774	7,171,470	8,850,801	11,988,196	12,685,522	13,288,799	
Afghanistan	194	397	381	276	302	409	1,092	86	475	13,781	184,284	174,991	19,581	
Africa not elsewhere specified	0	0	0	0	0	0	0	0	0	0	6	255	0	
Albania	17	9	1	7	109	36	69	150	721	413	668	393	647	
Algeria	20,895	23,384	9,019	2,098	15,320	32,084	16,363	21,972	182,198	172,258	69,220	263,049	126,956	
Andorra	6	0	1	2	4	27	23	27	0	0	7	44	192	
Angola	3	0	0	0	0	0	0	1	58	5	1,957	3,711	7,437	
Anguilla	0	0	0	0	0	0	0	0	0	2	0	0	9	
Antigua and Barbuda	3	10	63	400	3,964	1,173	842	1,058	624	582	1,002	702	1,230	
Area Nes	6,202	8,364	9,147	17,223	23,900	3,733	9,936	11,675	4,548	1,521	4,786	3,559	2,135	
Argentina	0	6	9	79	212	699	1,846	2,294	1,545	1,609	2,608	2,066	3,350	
Armenia	567	553	634	1,543	1,934	1,887	2,393	3,875	1,935	2,863	3,055	2,830	3,005	
Aruba	0	0	0	0	0	13	38	83	3	0	0	1	0	
Australia	887	2,899	1,652	2,250	2,721	2,198	2,333	3,454	2,954	3,472	5,607	7,086	10,298	
Austria	12,165	13,702	14,321	19,559	21,477	25,646	44,278	39,967	51,821	29,516	41,365	34,617	50,128	
Azerbaijan	631	559	1,311	3,042	4,185	7,565	8,115	15,912	15,814	18,283	25,479	21,773	30,838	
Bahamas	39	249	1,264	258	2,105	968	1,624	1,385	290	97	250	306	297	
Bahrain	33	25	52	32	125	63	122	825	409	329	200	253	379	
Bangladesh	4	3	20	358	618	56	262	463	1,534	3,240	2,182	169	1,867	
Barbados	1	3	0	22	436	222	234	332	71	58	152	47	84	
Belarus	35,769	34,201	42,068	91,068	112,862	135,859	180,896	205,287	183,522	188,223	214,698	232,274	245,684	
Belgium	25,304	24,846	30,334	36,763	36,027	82,980	81,651	92,165	85,669	108,998	128,674	162,040	158,865	
Belize	316	21	23	213	1,080	677	818	1,100	1,353	1,923	2,000	5,244	2,892	
Benin	8	18	7	2,604	1	213	188	261	415	144	1,357	135	180	
Bermuda	24	23	1	0	0	0	41	28	23	19	41	45	149	
Bhutan	0	0	0	0	3	0	0	0	0	0	0	0	0	
Bolivia	0	4	1	19	11	21	67	121	65	107	113	659	1,066	
Bosnia and Herzegovina	71	102	144	115	288	52	706	1,076	553	920	773	1,141	1,285	
Botswana	0	0	22	0	0	2	38	23	2	306	10	2	64	
Brazil	617	535	201	282	639	873	1,638	2,306	1,392	3,624	4,478	6,433	5,000	
British Indian Ocean Territories	0	0	2	0	0	0	0	0	2	0	0	0	3	
British Virgin Islands	205	2,158	182	3,893	780	359	342	4,097	2,957	3,735	1,247	132	47	
Brunei Darussalam	0	0	0	0	0	1	1	0	0	0	0	3	25	
Bulgaria	191	623	920	2,261	5,531	4,568	7,623	11,963	9,306	14,069	17,758	19,167	25,101	
Burkina Faso	0	941	0	0	0	16	7	0	0	119	0	3	0	
Burundi	0	0	0	48	1,047	121	1	19	0	0	0	0	1	
Cabo Verde	0	0	0	0	0	0	102	0	3	0	205	0	0	
Cambodia	24	30	32	27	240	273	348	500	303	50	1,817	698	23	
Cameroon	4	0	1,038	3	3	5	55	92	2,749	171	1,095	241	187	
Canada	4,623	9,994	12,339	18,360	21,133	27,430	21,979	20,643	8,966	10,317	15,072	13,206	15,507	
Cayman Islands	0	0	13	0	650	196	460	24	139	73	17	55	40	
Central African Republic	0	0	0	0	0	0	41	0	0	0	8	0	0	
Chad	0	0	0	0	0	0	0	101	0	0	9,298	0	22	
Chile	2,806	1,135	2,002	11,252	9,073	2,699	666	1,368	1,931	5,153	5,823	7,011	4,253	
China	1,645	2,948	16,792	11,314	12,552	19,198	22,578	26,952	22,111	33,143	55,811	59,850	111,059	
Colombia	9	5	1,058	2,439	2,513	1,752	1,374	963	1,027	1,003	1,106	1,749	1,966	
Comoros	0	1	5	0	10	43	22	92	10	0	0	12	76	
Congo	0	0	53	1	20	1	0	1	0	47	7	42	169	
Cook Islands	0	0	0	0	0	0	0	15	32	1	79	4	1	
Costa Rica	3,694	98	131	4,121	344	282	288	268	522	408	278	428	495	
Côte d'Ivoire	0	0	10	1	7	2	0	0	0	0	1	19	3	
Croatia	103	919	1,184	1,475	3,292	1,582	2,495	2,174	1,856	5,679	3,241	4,765	4,942	
Cuba	22	37	550	42	0	20	36	0	25	592	4	39	31	
Cyprus	1,001	3,892	2,302	8,099	21,560	17,243	26,256	22,898	14,143	18,365	39,315	117,519	135,498	
Czech Republic	14,997	13,296	13,823	17,725	21,752	38,105	46,633	58,214	55,296	53,715	92,676	99,036	144,935	
Democratic Republic of the Congo	0	0	0	2	0	0	7	678	350	3	2	6	120	
Denmark	115,746	130,394	173,643	233,818	273,834	294,843	314,700	423,599	295,886	342,461	402,577	499,339	550,005	
Djibouti	0	0	0	0	143	38	77	135	475	395	488	453	320	
Dominica	396	65	103	20	435	521	568	207	39	27	75	26	150	
Dominican Republic	0	176	0	32	169	199	453	551	502	269	338	737	638	
Ecuador	831	3	6	5	1	229	584	734	443	649	1,059	1,292	2,629	
Egypt	12,503	10,872	12,650	5,594	5,144	8,181	4,354	9,351	30,687	57,039	46,341	54,063	46,188	
El Salvador	82	0	0	0	13	93	103	160	133	47	103	159	61	
Equatorial Guinea	0	0	0	0	0	0	72	67	103	104	456	273	281	
Eritrea	48	32	16	33	32	26	0	0	0	0	0	0	0	
Estonia	114,730	137,042	190,414	333,679	553,514	749,798	1,136,541	1,302,736	1,032,064	1,193,313	1,635,317	1,654,012	1,688,989	
Ethiopia	0	0	23	148	232	521	94	107	345	5,596	235	190	351	
Europe Othr. Nes	0	0	0	0	0	0	0	0	0	0	0	0	0	
European Union Nes	0	0	0	89,531	0	0	0	0	0	0	0	0	0	
Falkland Islands (Malvinas)	0	0	0	0	2	0	0	442	22	12	8	0	29	
Faroe Islands	0	0	39	70	136	221	340	882	129	336	4,416	357	504	
Fiji	0	0	0	10	58	31	30	0	0	0	0	0	6	
Finland	45,663	53,283	77,639	107,845	179,859	172,035	248,153	287,875	204,059	279,747	368,269	344,858	350,562	
France	38,626	46,544	64,057	83,497	92,416	102,443	123,711	170,297	133,062	142,937	173,531	179,593	200,703	
French Polynesia	0	0	0	1	0	0	9	14	0	2	0	3	10	
French South Antarctic Territories	0	0	0	0	0	0	0	0	24	2	108	83	178	
Gabon	0	0	0	0	0	17	481	78	120	545	101	39	18	
Gambia	119	99	280	285	137	317	179	100	18	391	1,433	131	38	
Georgia	4,027	915	1,718	4,245	5,073	5,452	7,118	10,159	13,192	10,975	14,759	15,974	23,349	
Germany	333,793	353,877	428,898	533,656	525,491	594,418	689,760	751,125	625,110	772,133	991,974	1,005,433	973,036	
Ghana	16	3	7	27	649	49	325	365	494	327	955	404	323	
Gibraltar	582	303	223	669	1,724	1,833	1,242	200	98	72	476	806	844	
Greece	793	3,515	4,159	4,943	5,363	5,904	17,470	6,985	8,459	8,181	9,556	7,480	15,582	
Greenland	0	0	0	0	0	12	5	69	0	2	2	64	121	
Grenada	0	0	1	0	0	0	0	0	0	1	0	0	0	
Guatemala	3,948	1,191	83	321	208	116	169	264	167	167	167	174	372	
Guinea	17	0	0	0	3	3	23	48	46	57	1,274	226	165	
Guinea-Bissau	0	0	0	0	0	0	2	6	2,451	4	272	50	137	
Guyana	0	0	0	0	0	7	13	9	12	5	4	57	35	
Haiti	0	685	9	12	9	18	13	7	31	21	29	17	7,372	
Honduras	563	0	0	0	44	86	122	161	319	244	239	281	447	
Hong Kong, China	4,331	6,191	1,830	1,974	3,759	2,491	4,042	8,674	6,645	6,350	12,762	9,981	13,612	
Hungary	3,385	3,904	6,241	12,775	26,089	25,511	26,984	29,229	26,897	34,248	34,282	27,068	33,261	
Iceland	7,139	9,305	16,623	41,861	39,264	42,694	55,890	40,547	15,840	13,009	15,859	17,389	16,825	
India	803	1,187	863	2,492	3,369	8,039	11,367	13,176	11,531	47,693	105,667	53,802	29,249	
Indonesia	0	5	61	597	143	668	1,056	2,401	1,747	7,542	4,813	2,155	3,164	
Iran (Islamic Republic of)	16,494	4,105	4,401	19,111	835	85	790	10,699	9,883	1,301	1,188	92,012	118,004	
Iraq	0	179	40	341	587	281	336	1,184	1,854	1,196	1,617	1,753	2,080	
Ireland	22,936	21,564	34,560	67,061	78,433	86,040	86,561	105,684	32,240	35,414	30,741	39,029	27,664	
Israel	1,339	1,909	2,917	4,272	6,970	8,659	9,599	10,733	15,843	20,713	21,656	27,509	29,806	
Italy	36,643	49,251	75,937	80,805	84,194	121,050	120,953	159,704	115,906	172,925	183,371	142,243	169,281	
Jamaica	32	0	0	6	0	0	1	833	0	16	16	20	28	
Japan	12,342	18,190	25,953	43,256	53,273	42,513	39,254	32,207	35,030	44,560	48,869	44,474	58,930	
Jordan	221	179	239	391	386	334	524	0	922	1,054	4,244	4,495	3,069	
Kazakhstan	7,470	9,358	10,599	29,057	17,690	23,839	45,428	44,351	39,583	37,495	68,595	60,411	79,105	
Kenya	10	3	111	519	1,064	531	508	237	7,080	211	194	258	500	
Korea, Democratic People's Republic of	0	2	0	0	0	0	0	0	0	0	0	0	63	
Korea, Republic of	534	1,414	2,508	6,243	10,578	11,244	17,567	18,258	12,315	12,592	27,214	31,464	34,105	
Kuwait	11	133	475	1,384	671	416	415	421	251	1,142	2,028	2,075	4,075	
Kyrgyzstan	696	603	854	1,035	1,320	2,658	3,873	4,114	3,887	4,838	17,932	9,782	15,576	
Lao People's Democratic Republic	0	0	0	9	24	39	85	19	14	0	0	2	47	
Lebanon	17	78	212	683	1,085	1,178	858	1,380	3,551	2,291	3,521	16,211	5,560	
Liberia	306	314	443	962	4,740	3,670	4,401	2,294	713	410	582	448	1,092	
Libya	0	185	695	153	69	4,243	6,433	5,878	34,559	2,615	5,623	28,721	364	
Lithuania	162,260	190,726	237,143	379,923	558,303	864,152	1,247,641	1,550,157	1,175,326	1,436,920	2,171,845	2,029,447	2,280,284	
Luxembourg	513	69	277	203	530	757	3,492	3,792	3,516	3,234	2,521	2,642	11,955	
Macao, China	0	0	0	0	0	0	0	0	47	0	0	0	1	
Macedonia, The Former Yugoslav Republic of	12	0	57	1	8	62	34	571	691	928	821	1,045	1,244	
Madagascar	0	0	42	41	371	39	0	4	267	525	1,191	1,619	1,092	
Malawi	0	0	0	0	0	26	43	37	0	0	0	82	0	
Malaysia	71	1,441	73	439	1,241	1,346	984	1,376	1,310	3,945	7,973	15,137	13,496	
Maldives	0	0	0	0	2	26	6	4	12	3	23	10	61	
Mali	5	17	2	1	15	259	26	0	7	16	46	34	29	
Malta	401	430	378	800	24,530	10,679	7,777	2,499	1,650	2,295	11,004	7,563	7,032	
Marshall Islands	2	4	11	84	1,442	1,200	1,667	498	525	766	678	357	706	
Mauritania	5	9	137	0	0	1	1	3	6,274	0	0	198	94	
Mauritius	0	1	3	1	1	0	0	16	11	22	19	20	13	
Mayotte	0	0	0	0	0	0	17	24	14	22	8	10	37	
Mexico	932	206	233	1,948	1,172	1,806	2,324	1,265	1,722	2,133	2,273	2,935	3,530	
Mongolia	171	645	684	151	289	254	949	955	216	327	1,164	4,646	1,842	
Montenegro	0	0	0	0	0	2	27	53	110	111	14	3	102	
Morocco	1,023	655	2,672	973	2,133	1,780	11,920	47,119	25,499	4,487	6,484	11,737	2,685	
Mozambique	0	1	7	4	13	15	45	30	6,902	4,614	124	1,201	249	
Myanmar	2	4	0	0	0	0	0	2	0	5	3	0	8	
Namibia	0	0	85	55	30	5	0	15	8	29	45	7	9	
Nepal	0	3	4	3	3	1	14	21	75	139	111	242	251	
Netherland Antilles	0	0	6	36	755	225	348	137	64	71	228	119	32	
Netherlands	73,704	87,346	93,860	107,071	109,124	138,402	166,978	217,747	184,392	199,546	273,585	345,569	293,822	
New Caledonia	0	0	0	0	0	0	4	15	21	8	19	14	20	
New Zealand	153	136	324	569	1,070	1,620	2,396	3,494	2,120	4,053	2,923	2,174	3,116	
Nicaragua	605	0	0	0	13	0	0	46	0	28	12	735	27	
Niger	0	0	0	0	0	146	0	0	178	1	53	135	26	
Nigeria	4,646	176	80	3,547	12,655	2,511	1,128	2,182	8,517	8,801	5,623	5,417	3,034	
Northern Mariana Islands	0	0	0	0	0	0	0	0	0	0	0	0	9	
Norway	28,081	37,678	56,230	100,973	126,177	139,486	198,256	238,845	188,595	247,183	285,553	333,973	353,147	
Oman	23	9	61	196	259	287	239	5,264	197	543	407	6,054	1,304	
Pakistan	50	159	218	334	960	2,639	2,514	2,538	2,255	5,640	3,887	4,616	5,247	
Palau	0	0	0	0	0	0	0	0	0	0	0	0	48	
Palestine, State of	0	0	0	0	0	0	0	0	7	33	69	4	18	
Panama	2,013	1,512	2,889	7,927	8,162	2,907	6,779	6,029	10,812	5,696	2,383	2,978	4,865	
Papua New Guinea	0	0	0	0	0	0	0	0	0	0	31	58	89	
Paraguay	9	45	16	237	408	126	65	45	358	560	4,955	6,054	7,584	
Peru	3,162	5,787	10,561	4,124	10,367	727	15,406	147,837	13,521	1,532	1,675	18,806	2,170	
Philippines	0	6	1	38	153	89	22	860	12	137	104	122	312	
Poland	38,348	35,673	43,055	145,067	269,654	142,532	285,255	346,850	275,372	438,146	703,220	762,538	878,234	
Portugal	955	5,925	11,130	27,617	32,419	11,520	8,441	4,094	6,527	5,232	5,920	7,140	15,346	
Qatar	0	6	14	115	152	115	139	538	222	487	725	589	1,014	
Republic of Moldova	943	1,583	4,495	9,126	9,418	10,137	10,300	11,499	8,715	9,042	12,719	13,335	14,797	
Romania	223	289	2,316	2,170	5,443	3,754	13,319	32,861	22,051	28,520	34,874	29,219	26,195	
Russian Federation	116,864	133,695	155,759	284,933	440,226	522,245	754,449	926,562	629,868	937,216	1,266,232	1,446,447	1,534,538	
Rwanda	0	0	0	0	0	787	0	0	0	0	0	0	1,758	
Saint Helena	0	0	0	0	0	2	0	0	0	0	0	0	77	
Saint Kitts and Nevis	0	0	14	1,112	541	5	41	328	106	209	53	23	256	
Saint Lucia	0	0	0	4	0	0	0	62	0	0	0	0	0	
Saint Vincent and the Grenadines	38	23	78	284	2,963	2,702	827	1,390	529	368	336	124	151	
Sao Tome and Principe	0	0	0	0	0	0	0	0	0	0	0	129	0	
Saudi Arabia	893	2,460	1,882	2,032	1,157	1,974	5,720	17,039	34,463	31,760	30,880	3,886	67,179	
Senegal	16	0	0	588	12	14	24	1,459	4	1,649	1	2,090	17	
Serbia	0	0	0	0	0	1,053	1,412	2,537	2,517	3,332	4,056	3,998	5,962	
Serbia and Montenegro	359	572	580	425	1,235	0	0	0	0	0	0	0	0	
Seychelles	407	111	2	241	55	111	678	10	53	115	246	119	498	
Ship stores and bunkers	0	0	0	0	0	22,375	35,224	85,416	37,204	29,210	106,884	132,640	139,147	
Sierra Leone	0	0	0	0	1	0	19	7	1	400	117	72	45	
Singapore	117	1,703	155	938	4,202	5,054	4,023	4,805	8,209	17,884	8,962	12,575	13,113	
Slovakia	9,516	8,491	9,413	11,526	8,931	15,286	28,405	45,467	26,333	25,495	38,969	66,600	67,456	
Slovenia	1,790	1,916	2,600	2,462	3,308	4,096	5,518	6,077	5,470	5,584	5,689	9,245	10,087	
Somalia	0	0	0	0	0	0	4	9	121	196	651	2	0	
South Africa	293	185	3,279	943	1,289	1,715	2,566	4,119	2,959	4,094	5,333	5,650	9,552	
Spain	13,763	15,580	24,217	22,840	66,354	68,206	110,909	138,772	76,352	100,550	91,030	69,799	75,266	
Sri Lanka	191	179	222	164	105	281	395	324	258	311	454	409	324	
Sudan (North + South)	131	155	156	7	0	566	667	56	4	152	286	177	142	
Suriname	0	0	0	0	37	23	23	22	18	32	38	121	242	
Swaziland	0	0	0	0	0	0	0	0	0	0	0	0	0	
Sweden	191,457	240,768	305,349	427,870	398,483	380,929	611,443	614,738	436,960	557,148	760,427	656,835	675,970	
Switzerland	6,695	8,890	12,754	61,364	83,988	71,906	54,667	65,270	34,486	43,670	52,019	46,792	43,820	
Syrian Arab Republic	0	0	135	0	0	14	54	2,365	2,664	1,520	1,502	1,253	272	
Taipei, Chinese	4,164	936	1,911	2,804	1,976	1,904	5,622	3,751	3,753	12,152	14,573	6,982	5,182	
Tajikistan	10	261	2,224	634	1,420	1,432	2,524	2,870	1,822	4,449	12,048	10,652	7,782	
Tanzania, United Republic of	346	17	281	110	1,493	532	61	137	155	10,328	756	2,174	8,052	
Thailand	275	221	1,265	3,080	1,464	627	1,231	6,031	35,647	7,545	21,081	12,704	10,240	
Togo	0	0	1	1	46	5	498	80	21	22	150	957	2,660	
Tokelau	0	0	0	0	0	0	0	0	0	0	0	0	0	
Tonga	0	5	0	0	0	0	0	0	0	0	0	0	0	
Trinidad and Tobago	0	0	9	102	143	40	17	0	27	0	28	70	38	
Tunisia	15	75	219	2,301	2,806	5,918	7,877	11,691	1,757	4,175	2,906	20,186	4,866	
Turkey	2,943	4,751	900	3,218	4,370	15,178	4,483	11,026	22,149	62,334	150,230	185,158	184,402	
Turkmenistan	516	74	168	336	1,118	639	786	4,758	4,263	4,959	7,038	8,141	10,083	
Tuvalu	0	0	0	0	0	0	0	3	0	0	0	0	0	
Uganda	3	1	0	0	0	69	292	18	175	0	252	103	4,296	
Ukraine	33,325	41,961	60,270	71,376	83,908	103,146	116,895	135,106	75,036	99,525	105,736	125,512	121,707	
United Arab Emirates	71	250	459	1,607	2,179	2,407	2,267	14,423	6,341	15,415	30,624	27,875	26,493	
United Kingdom	313,077	332,852	449,876	524,584	521,238	460,193	541,323	349,284	229,636	310,558	365,843	412,552	481,521	
United States Minor Outlying Islands	0	0	0	0	0	0	0	0	0	0	0	116	25	
United States of America	57,375	99,153	83,760	173,666	171,376	110,587	108,430	137,133	116,714	123,919	142,985	140,731	156,218	
Uruguay	13	11	19	31	27	47	303	734	472	462	520	602	1,658	
Uzbekistan	5,939	4,118	4,896	9,454	9,275	10,242	12,731	26,869	27,546	16,066	16,605	24,100	50,359	
Vanuatu	4	0	0	0	0	48	0	19	191	29	19	5	281	
Venezuela	0	61	33	200	368	93	351	443	410	307	341	408	36	
Viet Nam	167	195	135	406	378	3,117	10,041	8,253	6,552	31,154	11,620	3,157	2,660	
Yemen	1,360	1,153	945	472	883	1,174	1,110	6,028	7,430	7,984	132	65	151	
Zambia	0	0	0	9	55	153	87	193	141	114	53	2	2,020	
Zimbabwe	4	0	0	33	0	0	32	23	36	15	14	15	3	
