List of importing markets for a product exported by Colombia (Mirror) Product: TOTAL All products
"Importers"	"Exported value in 2001"	"Exported value in 2002"	"Exported value in 2003"	"Exported value in 2004"	"Exported value in 2005"	"Exported value in 2006"	"Exported value in 2007"	"Exported value in 2008"	"Exported value in 2009"	"Exported value in 2010"	"Exported value in 2011"	"Exported value in 2012"	"Exported value in 2013"	
Total	13,709,313	13,354,426	14,874,235	18,584,116	24,024,579	26,292,508	26,866,125	42,898,816	34,565,070	41,041,142	57,682,087	61,365,795	57,983,096	
Afghanistan								0	1,154	264	3	0		
Albania	807	466	7	445	2,053	390	581	1,912	1,395	322	1,833	498	1,563	
Algeria	9,432	7,559	9,146	8,886	3,557	2,680	3,512	302	386	4,600	18,158	7,693	17,832	
Andorra	101	90	58	81										
Anguilla	413	410	67											
Antigua and Barbuda					1,263		1,233		2,953	1,979	2,245	1,649	2,854	
Argentina	49,884	16,381	19,802	46,800	56,638	55,954	91,018	154,046	108,786	149,976	241,563	355,593	434,403	
Armenia	0	71	0	0	0	101	1,137	1,218	1,500	2,839	725	764	497	
Aruba					24,908				41,462	37,007	30,441	21,364		
Australia	9,646	14,561	15,873	20,922	21,268	18,979	18,619	26,740	24,032	36,387	48,221	46,799	51,383	
Austria	19,188	23,114	18,173	17,456	20,054	27,828	31,017	30,042	5,163	6,375	12,027	3,492	5,522	
Azerbaijan	9	0	17	180	121	19	74	17	2,979	1,952	50	203		
Bahamas	346	200	379	407	731	431	790	693	343	607	1,167	1,522		
Bahrain	281	66	86	106	104	111	261	1,081	1,127	2,713	1,380			
Bangladesh	4,960	1,409	179	675	4,327	183	1,328							
Barbados	4,533	3,495	4,681	3,349	5,365	6,314	7,492	7,892	6,223	6,636	5,816	6,765	6,974	
Belarus	6,712	212	8,782	3,144	2,506	5,703	6,099	5,910	6,396	17,661	7,951	7,095	8,225	
Belgium	218,468	284,233	370,685	527,272	558,277	599,441	575,064	968,952	756,498	761,916	846,185	713,846	698,386	
Belize	533	889	540	769	614	733	1,528	2,229	1,495	719	2,190	1,261	1,915	
Benin	26	77	348	358	433	260	65	503	152	18	3,972	1,239	122	
Bermuda												194	220	
Bolivia	47,859	42,718	48,074	61,229	57,283	63,880	71,206	111,685	98,214	118,456	195,005	161,506		
Bosnia and Herzegovina			658	2,392	7,566	6,610	7,730	17,503	6,269	19,760	17,742	19,592	18,484	
Botswana	0	0	0	2	0	0	0	5	0	0	0	0	1	
Brazil	188,843	108,500	98,518	143,270	137,748	247,903	426,760	829,364	567,879	1,077,299	1,384,139	1,267,096	1,462,609	
Brunei Darussalam	0	1	0	1		2				21	20	28	30	
Bulgaria	396	678	1,056	1,916	2,427	2,176	8,683	7,361	2,959	328	79	209	918	
Burkina Faso	0	0	389	0	283		21	158	307	339	5	57,767		
Burundi	6	4	0	5	0	15	0	3	0	11	232	0	11	
Cabo Verde	3	103	105	169	112	0	0		0	59	119	49	65	
Cambodia	0	34	0	1	1	2	5	19	10	610	356	433		
Cameroon	530	1,387	2,185	821	972	1,637	1,345	2,951	2,812	2,909	2,429	3,286		
Canada	268,326	250,542	267,347	322,117	481,850	564,961	437,948	601,679	645,016	696,676	808,102	665,041	671,311	
Chile	188,838	205,721	236,870	304,659	352,268	380,239	890,486	2,174,019	1,391,862	1,557,519	2,209,951	2,184,752	1,721,345	
China	26,933	29,118	60,459	175,507	205,154	263,817	1,095,796	1,125,408	974,821	2,103,363	2,394,851	3,156,664	3,624,034	
Colombia	0	0	209,002	0	410,383	623,828	0	0	0	0	1,301,941	1,254,079	937,381	
Comoros	0	0	84	0	0	0	0	0	0					
Congo							724	391	561	556	3,224	381	1,804	
Costa Rica	152,516	162,233	211,053	277,490	263,796	253,304	302,944	401,347	316,110	499,152	655,854	342,848	322,550	
Côte d'Ivoire	74	115	172	759	535	979	1,504	93,615	72,889	264,980	258,836	363,329		
Croatia	5,579	11,091	12,869	13,202	14,481	32,327	27,009	64,450	22,167	76,454	68,536	46,027	60,020	
Cuba	26,572	77,123	98,316	56,660	88,840	37,656								
Cyprus	298	641	467	215	17	21	139	181	266	213	729	172	228	
Czech Republic	26,539	29,160	35,189	46,262	50,494	20,547	23,261	35,003	24,932	32,383	41,800	36,759	31,217	
Denmark	16,683	48,653	114,368	95,462	100,738	25,132	27,138	33,507	236,161	141,455	312,397	187,719	181,459	
Dominica	524	640	1,347	1,057	1,045	1,548	2,817	2,503	2,430	2,871	4,508	4,191		
Dominican Republic	77,667	134,250	113,349	109,848	120,256	174,530	206,855	235,482	526,933	578,850	725,115	397,887	409,379	
Ecuador	762,693	902,310	901,012	1,107,448	1,383,168	1,546,543	1,488,837	1,791,373	1,537,899	2,022,329	2,108,100	2,190,194	2,162,908	
Egypt	202	58	2,491	383	252	1,632	592	5,909	2,077	17,250	15,410	13,327	11,281	
El Salvador	35,059	40,124	64,970	58,219	65,969	89,394	84,439	136,976	94,184	84,946	182,745	328,870	170,289	
Estonia	1,545	1,249	1,064	1,203	1,888	2,547	5,036	10,481	8,819	2,428	3,413	3,924	4,451	
Ethiopia	90	0	3	23	228	447	407	175	664	1,103	381	897		
Faroe Islands	106	131	140	27	357	413	520	519	637					
Fiji		14	283	290	128	365	169	128	217	123	152	178		
Finland	59,848	60,860	69,003	73,370	32,417	71,568	62,139	91,749	30,291	81,547	82,638	55,352	46,590	
France	185,214	172,936	236,876	317,999	348,966	368,015	407,784	529,892	433,846	536,570	673,013	756,146	702,058	
French Polynesia	278	235	89	265	310	159	149	236	240	33	118	304	484	
Gabon	54	0	40	88	64	53	700	1,564	62					
Gambia	4	0	0	0	0	0	0	0	0	50	38			
Georgia	18	218	42	4,410	3,978	102	252	65	730	804	2,282	2,167	23	
Germany	482,661	476,133	496,739	630,277	762,930	784,018	1,239,733	1,647,783	1,137,058	1,238,477	2,197,120	1,782,229	2,030,516	
Ghana	20		210		1,282	1,370	2,123	2,251	1,960	1,004	14,316	2,199		
Greece	13,025	3,764	5,936	6,229	8,731	12,494	16,174	13,503	17,688	33,452	50,170	20,541	8,527	
Greenland	0	0	282	1	0	308	0	366	370	69	71	136	12	
Grenada	601	373	571	254	1,260	1,109	797	4,836						
Guatemala	97,972	103,619	93,521	123,985	186,445	182,862	214,533	289,061	308,435	393,961	596,789	551,033	767,948	
Guinea	2	40		120	27	6	1,591	471		959	426	510		
Guyana	2,782	3,197	2,867	4,229	7,656	8,712	8,211	9,027	16,123	12,191	11,917	10,572	13,980	
Honduras	136,851	37,018	45,138	46,001	55,444	49,775	78,541	114,754	125,306	178,064	335,000	282,079	337,032	
Hong Kong, China	11,933	14,615	15,262	16,470	13,757	16,100	21,207	33,012	21,472	34,601	36,311	37,198		
Hungary	4,157	5,401	13,360	3,544	9,038	3,316	2,988	2,103	1,083	5,435	28,597	27,516	1,639	
Iceland	301	172	430	614	1,048	4,294	2,619	1,399	449	2,615	3,123	1,663	1,259	
India	10,834	5,506	10,135	7,944	12,359	59,647	95,703	22,049	336,724	765,600	713,425	1,243,124	4,293,644	
Indonesia	2,144	2,883	1,488	2,832	4,083	2,895	4,647	5,954	18,966	31,194	31,956	19,529	15,767	
Iran (Islamic Republic of)	145	460	549	0	141	1,060				85	823			
Ireland	14,878	15,255	16,950	22,084	8,580	8,343	17,259	16,496	6,986	8,628	18,021	139,618	144,222	
Israel	83,205	138,818	107,083	121,041	535,296	473,213	584,713	445,137	53,896	8,341	13,379	17,152	21,651	
Italy	267,975	320,431	403,980	560,583	637,267	616,082	761,290	799,068	613,121	691,832	779,128	656,547	764,037	
Jamaica	28,470	27,002	35,954	55,300	64,237	74,692	51,497	47,308	57,462	56,381	70,478	54,589		
Japan	196,071	226,897	224,244	289,856	370,059	361,847	427,812	464,700	387,744	540,363	700,608	451,950	440,293	
Jordan	450	619	520	296		963	1,239	2,428	2,682	2,469	7,783	16,602	17,990	
Kazakhstan	0	25	135	152	280	755	1,005	1,912	3,175	3,214	3,337	3,249	6,335	
Kenya	3,274	108	88	218	397	501	658	475	1,185	2,306	4,711			
Kiribati					0		2	3	0	0	0	0		
Korea, Republic of	42,271	48,905	76,143	106,339	136,795	205,533	116,309	143,429	124,918	432,139	380,014	414,770	206,586	
Kuwait	1,282	1,358	1,259	2,087		2,243	2,819	2,724						
Kyrgyzstan	0	0	2	35	1	23	14	17	17	69	158	397		
Latvia	110	139	270	170	529	1,572	2,593	1,658	90	65	203	178	229	
Lebanon	2,865	2,831	2,114	2,194	3,207	1,874	3,406	4,997	7,405	35,515	53,945	44,550	12,590	
Libya							1,055	3,189	9,372	7,361				
Lithuania	657	2,081	3,975	877	1,103	1,518	33,570	1,074	796	283	1,242	2,172	1,450	
Luxembourg	389	123	208	134	103	82	1,634	4,026	8,589	621	427	443	2,216	
Macao, China	75	86	107	134	320	288	639	1,162	302	427		314		
Macedonia, The Former Yugoslav Republic of	2,622	94	1,152	2,173	1,237	571	2,498		1,056	2,810	12,081	7,520	10,942	
Madagascar	92	87	32	359	15	141	107	203	113	156	203	88	210	
Malawi	1	1	6	0	0	13	218	49	187	350	117	3	0	
Malaysia	1,298	1,500	1,591	1,803	1,767	2,833	3,718	6,023	7,691	54,727	112,656	712,576	387,651	
Maldives	0	0	0	0	0	8	0	3	0	0	2	0	54	
Mali	0	23	942	808	246	3	205	471		162	126	336		
Malta	566	442	609	700	1,459	1,058	844	150	193	152	182	139	51	
Mauritania	0	0	0	0	0		15	27	27	692	662	258		
Mauritius	149	45	350	174	81	468	412	1,786	131	107	201	183	185	
Mayotte	1	10	10	7	45	13	17	19	6					
Mexico	344,288	352,280	405,510	635,221	675,129	744,225	764,041	1,071,547	619,078	795,342	824,512	877,072	911,766	
Mongolia	0		0	0	0	45	894						48	
Montenegro						98	107	68	109	305	821	425	470	
Montserrat	1	0	1	2	5	2	2	5	5			16	19	
Morocco	1,837	2,063	12,022	38,586	8,610	14,020	58,951	44,660	124,200	28,655	113,930	8,485	5,794	
Mozambique	0	26	170	208	489	278	43	393	860	196	515	75	1,464	
Myanmar										0				
Namibia	1	17	0	0	0	37	0	0	0	0	0	0	5	
Nepal			0						0	47	11			
Netherland Antilles					21,890	23,025	27,967	37,307						
Netherlands	313,575	183,224	216,598	328,678	527,808	601,140	933,009	1,122,937	1,527,158	1,345,205	2,643,900	2,250,928	2,428,552	
New Caledonia	89	93	58	60	294	121	210	49	72	82	118	118	62	
New Zealand	2,347	2,590	3,175	3,649	5,279	4,901	6,647	8,363	9,009	10,671	10,693	15,853	13,888	
Nicaragua	7,969	6,228	8,520	8,595	9,792	12,662	14,819	14,685	17,762	16,829	16,471	17,844	18,751	
Niger	1	1	351	122	35	6	1	8	56	1	35	13	45	
Nigeria	322	455	319			4,114	1,888	1,589	3,898	4,543	5,612	2,230		
Norway	44,059	43,404	45,517	50,256	51,149	41,278	64,174	73,539	58,967	76,304	114,818	97,990	96,599	
Oman	32	8	157	23	0	41	14	66	9,953	18	61	230	117	
Pakistan			111	67	1,221	6,393	312	1,626	3,922	1,133	539	502	941	
Palau												1		
Palestine, State of							930	1,127	923	974	1,669	4,139		
Panama	168,997	179,552	123,117		143,638	258,525	245,509	343,026	326,602	380,646	565,602			
Papua New Guinea	0	0	11	1							314	71		
Paraguay	2,679	1,521	1,829	2,804	1,870	3,173	4,048	7,494	8,075	10,087	22,521	21,208	19,227	
Peru	378,533	456,494	498,671	779,439	772,644	950,688	983,565	1,282,953	947,225	1,331,061	1,462,005	1,567,002		
Philippines	5,972	7,320	5,866	5,534	9,617	6,624	8,400	7,931	7,614	9,273	8,443	11,528	11,708	
Poland	24,137	20,491	23,387	32,756	55,304	65,983	104,340	206,589	109,174	175,732	139,732	63,176	60,000	
Portugal	75,250	77,318	96,695	154,480	187,480	210,846	220,455	298,008	143,443	133,081	343,405	370,323	267,424	
Qatar	46	84	168	270	234	387	463	447	409	655	1,582	1,196	1,131	
Republic of Moldova	57	86	85	174	160	312	352	642	808	600	1,027	706	611	
Romania	11,588	6,068	6,238	8,504	11,149	10,042	10,667	29,273	18,589	12,656	15,445	9,560	10,341	
Russian Federation	34,447	33,844	21,735	67,496	92,488	89,652	144,098	148,755	118,114	132,528	158,125	172,521	146,954	
Rwanda	1,602	10	0	7	36	0	34	48	205	134	448	142	28	
Saint Kitts and Nevis	1,213	397	180	157	197	998	1,961	739	780	726	932			
Saint Lucia	2,064	1,364	2,131	2,699	5,345	7,163	6,006	8,040						
Saint Vincent and the Grenadines	540	524	2,894	1,313	2,456	3,022	3,944	3,352	2,876	2,860	4,937	3,591		
Samoa	0	0	0	0	0	0	0	0	0	0	0	1	0	
Sao Tome and Principe	0	0	0	0	0	0	0	0	0	0	0	0	0	
Saudi Arabia	5,979	2,604	4,587	4,256	5,904	5,932	4,772	6,796	6,689	6,016	6,723	14,112		
Senegal	609	503	1,835	1,257	1,292	20,958	1,776	1,474	781	835	1,554	22,506	2,581	
Serbia					7,933	11,714	14,258	10,062	2,085	4,488	2,038	2,724	5,366	
Serbia and Montenegro	1,580	5,345		4,406										
Seychelles	11	120	0		1	0		1						
Singapore	13,144	9,092	11,218	26,544	48,261	126,531	42,295	196,900	89,415	154,304	505,909	736,526	1,210,462	
Slovakia	4,506	8,557	8,380	10,859	7,958	8,847	14,134	21,567	14,956	8,803	7,408	5,355	4,457	
Slovenia	5,669	6,686	8,477	9,159	14,977	12,871	20,174	16,227	9,794	8,097	6,205	6,140	4,631	
Solomon Islands								0	0	55	0			
South Africa	6,936	4,356	13,895	32,589	30,713	43,037	228,490	35,732	33,315	46,782	23,653	28,223	47,256	
Spain	171,871	266,713	252,553	296,550	436,332	653,729	688,063	745,623	560,331	630,240	1,707,662	3,259,877	2,692,182	
Sri Lanka	658	691	766	2,901	4,949	1,428	1,140	71	17,720	16,714	499	842		
Sudan (North + South)	0	63	56	0	0	0		19	190	1,392	10			
Suriname	4,384			6,681	11,601	14,401	27,630		22,741	20,832	22,208			
Swaziland	0	0	0	0	0	0	0							
Sweden	33,430	33,330	29,433	35,321	55,775	58,567	58,842	64,696	48,649	46,636	67,785	90,143	58,713	
Switzerland	74,214	191,866	40,278	58,069	119,024	312,086	378,235	283,340	111,353	132,739	191,744	220,028	186,445	
Syrian Arab Republic	0	0	7,371	8,057	2,537	20,143	12,756	5,527	12,315	31,176				
Taipei, Chinese	18,765	42,181	58,913	83,102	99,570	95,153	79,799	104,278	30,709	262,907	179,172	76,735	43,669	
Tanzania, United Republic of	23	32	28	24	466	342	415	898	771	1,013	817	1,795	1,019	
Thailand	6,487	4,896	5,567	8,146	9,143	14,097	11,825	25,099	14,694	44,663	113,187	36,044	44,624	
Timor-Leste				0	1									
Togo	18	1	9	112	77		10	9	16	25	14	55	0	
Tonga	0	0	0					0	1	0	0	0		
Trinidad and Tobago	150,206	62,179	121,884	75,453	320,363	384,942	677,853	760,378	689,854	613,561				
Tunisia	1,686	5,043	7,311	1,618	1,357	1,057	1,408	716	15,876	771	16,380	4,290	13,721	
Turkey	763	4,479	75,705	95,932	175,246	204,921	206,515	271,005	382,943	296,766	678,255	814,146	674,665	
Turks and Caicos Islands	0	0	0	80							11	0		
Uganda	2,559	26	8	3	10	32	122	56	1,872	5,135	2,206	638	2,264	
Ukraine	1,036	2,497	14,613	2,784	7,753	5,341	5,181	27,291	14,201	13,394	31,639	32,856	34,794	
United Arab Emirates					2,888		6,501	9,919						
United Kingdom	469,797	350,937	429,365	545,924	569,287	600,966	709,261	1,245,886	871,053	1,052,810	1,518,817	1,638,613	1,344,272	
United States of America	6,067,496	5,935,894	6,790,018	7,766,337	9,424,380	9,826,572	10,033,877	13,832,364	11,875,343	16,217,740	23,721,499	25,224,592	22,152,082	
Uruguay	4,726	2,803	2,220	2,674	1,951	3,032	3,533	5,699	8,375	10,065	12,046	39,871	16,407	
Vanuatu						30	0		0	0	0			
Venezuela	1,432,268	963,673	712,992	1,563,366	2,409,191	2,420,699		6,903,379	4,417,550	1,424,244	1,521,828	2,416,338	2,187,732	
Viet Nam	80	255	312	702	1,586	466	1,075	5,324	11,465	11,105	22,220	20,539		
Yemen				2,466	6,261	709	594	475	2,361	5,230	2,373	1,449		
Zambia	1	1	0	0	54	22	112	396	410	591	596	491	1,118	
Zimbabwe	0	0		0	1	0	0	2	270	1,374	1,511	807	849	
