List of importing markets for a product exported by Serbia Product: TOTAL All products
"Importers"	"Exported value in 2005"	"Exported value in 2006"	"Exported value in 2007"	"Exported value in 2008"	"Exported value in 2009"	"Exported value in 2010"	"Exported value in 2011"	"Exported value in 2012"	"Exported value in 2013"	
World	4,481,782	6,427,892	8,824,701	10,972,082	8,345,076	9,794,516	11,779,478	11,353,056	14,613,752	
Afghanistan	274	617	768	4	2,980	28,438	9,975	3,454	4,950	
Albania	21,289	33,276	80,055	76,565	69,835	131,199	126,618	87,263	116,763	
Algeria	13,042	7,017	7,078	13,633	21,918	10,773	8,010	25,999	13,755	
Andorra	0	0	43	0	0	0	0	16	7	
Angola	152	974	536	462	3,795	7,919	1,735	4,816	8,534	
Antigua and Barbuda	0	0	0	0	0	0	0	0	0	
Area Nes	0	3	5	0	0	0	0	0	4,730	
Argentina	378	200	55	65	112	290	464	490	2,447	
Armenia	921	769	2,323	998	674	649	660	1,076	1,797	
Aruba	1	0	2	0	0	0	0	0	0	
Australia	3,825	4,650	5,987	7,111	3,603	4,653	6,604	8,057	9,565	
Austria	118,555	184,889	301,416	458,108	290,753	338,418	371,641	283,582	371,382	
Azerbaijan	225	1,217	1,345	3,593	4,212	5,764	3,925	31,609	56,084	
Bahamas	208	61	0	0	14	13	5	0	0	
Bahrain	329	395	867	2,201	2,820	681	6,225	1,787	2,698	
Bangladesh	119	104	84	2,319	436	5,049	7,396	533	31,542	
Barbados	52	3	0	0	0	0	0	0	0	
Belarus	9,836	15,075	12,865	15,665	19,829	40,769	51,841	69,529	81,806	
Belgium	64,538	86,440	98,475	115,590	113,696	131,539	132,491	126,426	169,866	
Belize	25	0	264	83	328	266	681	836	1,475	
Benin	0	0	0	20	0	5	18	0	160	
Bermuda	2	0	0	0	0	0	0	0	0	
Bhutan	0	0	0	0	0	0	0	0	0	
Bolivia	0	1	0	0	1	53	765	5	0	
Bosnia and Herzegovina	744,039	748,963	1,042,136	1,338,745	1,015,613	1,088,979	1,191,424	1,082,479	1,179,523	
Botswana	145	90	0	531	8,723	157	437	367	33	
Brazil	748	709	6,320	215	688	2,585	6,023	11,249	25,855	
British Indian Ocean Territories	0	0	0	0	0	0	0	97	0	
British Virgin Islands	115	331	384	1,011	197	2,142	147	598	59	
Brunei Darussalam	5	0	0	0	37	14	0	0	2	
Bulgaria	93,031	154,165	218,114	251,349	198,697	241,159	325,328	290,393	335,425	
Burkina Faso	230	480	0	0	20	0	38	540	268	
Burundi	0	0	0	0	0	0	0	0	92	
Cabo Verde	0	0	2	0	0	0	0	0	0	
Cambodia	0	4	3	36	238	182	829	872	1,885	
Cameroon	1	2,113	1,116	647	3,744	3,040	1,830	5,356	5,557	
Canada	6,896	7,263	6,939	8,482	6,153	8,850	7,431	7,023	10,419	
Cayman Islands	3	0	0	0	3	0	3	0	17	
Central African Republic	0	0	0	0	0	0	0	0	0	
Chad	0	879	0	935	0	0	0	3	0	
Chile	7	314	730	3,613	2,772	1,471	2,217	4,263	6,124	
China	2,288	6,264	5,660	5,777	8,955	7,259	15,258	20,265	21,872	
Christmas Islands	0	0	0	0	0	0	0	0	0	
Cocos (Keeling) Islands	0	0	0	0	0	0	0	0	0	
Colombia	2,178	1,607	868	445	6	247	17	873	1,245	
Comoros	367	120	0	39	32	2	5	0	0	
Congo	15	2	31	32	46	53	741	492	1,078	
Cook Islands	58	0	4	0	0	0	0	0	0	
Costa Rica	202	27	169	23	21	34	338	503	1,248	
Côte d'Ivoire	3	143	27	499	4,405	1,138	52	62	177	
Croatia	195,923	251,012	330,814	434,504	278,763	307,100	468,072	397,219	414,349	
Cuba	6	0	0	266	0	5	120	176	0	
Cyprus	73,688	33,147	35,733	10,186	9,129	7,184	27,823	109,188	67,853	
Czech Republic	64,889	92,049	119,463	148,091	96,973	135,043	157,386	170,496	320,265	
Democratic Republic of the Congo	0	0	1,240	0	231	10	2,457	770	1,048	
Denmark	10,290	11,405	13,045	19,161	13,466	17,740	25,142	20,874	31,623	
Djibouti	0	0	0	0	0	0	3	0	0	
Dominica	0	0	0	0	0	0	0	3	0	
Dominican Republic	268	68	224	24	5	24	7	96	221	
Ecuador	40	0	108	9	1,035	2,055	55	24	1	
Egypt	21,234	17,177	20,242	36,583	26,848	27,809	21,136	19,843	16,172	
El Salvador	0	0	0	0	0	60	1	0	94	
Equatorial Guinea	1,189	4,127	5,681	8,583	9,234	6,616	6,619	4,608	8,026	
Eritrea	14	0	0	0	167	8	0	0	0	
Estonia	743	2,566	3,387	1,616	1,383	1,094	1,597	2,773	3,312	
Ethiopia	721	2	2	3	3,852	8,703	5,046	11,390	3,530	
Europe Othr. Nes	27,561	89,780	459	0	0	0	0	0	0	
Falkland Islands (Malvinas)	0	0	0	0	0	0	1	0	0	
Faroe Islands	0	0	0	0	1	2	1	0	0	
Fiji	0	0	0	0	0	0	0	0	0	
Finland	4,076	5,489	9,958	10,486	8,759	9,661	13,166	15,084	13,722	
France	161,553	235,247	290,513	346,405	249,349	276,733	309,115	285,202	353,191	
French Polynesia	0	0	0	0	0	0	95	0	0	
French South Antarctic Territories	0	0	0	0	0	0	0	0	0	
Gabon	19	46	7	6	94	8,751	5,574	819	1,099	
Gambia	6	0	0	14	8	35	12	0	2	
Georgia	1,516	1,390	1,147	1,256	1,256	1,312	2,114	2,772	7,046	
Germany	435,058	636,960	937,491	1,141,357	870,475	1,008,213	1,330,706	1,315,360	1,736,902	
Ghana	94	29	28	3	480	109	268	1,034	437	
Gibraltar	308	0	27	0	6	12	20	19	6	
Greece	121,636	153,019	182,153	211,091	135,734	182,066	201,004	165,500	218,411	
Greenland	0	0	0	0	0	60	54	95	71	
Grenada	0	0	0	0	0	0	0	24	0	
Guatemala	287	410	578	659	257	443	594	319	311	
Guinea	189	27	0	84	55	151	12	103	50	
Guyana	34	1,293	90	0	0	0	0	0	458	
Haiti	83	32	0	13	0	0	13	0	87	
Honduras	78	31	0	0	20	0	0	0	38	
Hong Kong, China	1,363	864	340	693	2,197	2,447	1,523	13,481	44,752	
Hungary	131,232	188,295	248,647	324,836	255,476	303,392	346,553	329,435	402,025	
Iceland	530	341	65	359	1,015	792	149	373	328	
India	2,725	6,291	21,093	16,195	5,015	9,655	8,392	4,869	8,741	
Indonesia	2,184	980	2,912	1,488	4,162	1,057	5,187	7,035	11,084	
Iran (Islamic Republic of)	9,848	8,358	16,050	38,602	28,859	32,297	48,437	32,860	13,898	
Iraq	14,485	2,773	4,766	82,855	195,412	46,874	53,874	37,824	16,847	
Ireland	1,060	3,702	6,265	15,075	6,561	8,227	11,505	6,434	8,544	
Israel	17,291	16,440	16,380	20,227	8,975	15,254	17,546	15,534	16,568	
Italy	652,992	926,047	1,094,269	1,128,468	821,336	1,118,513	1,306,232	1,201,058	2,381,774	
Jamaica	0	0	27	0	0	0	23	0	0	
Japan	906	1,143	1,205	2,089	1,013	1,554	2,336	4,196	6,746	
Jordan	1,907	1,155	9,581	6,263	1,860	1,555	4,115	12,395	8,641	
Kazakhstan	2,532	5,395	11,434	11,773	9,792	4,576	9,869	11,425	11,493	
Kenya	17	102	277	1,210	1,066	15,879	14,292	8,723	11,027	
Kiribati	0	0	0	1	0	0	0	2	0	
Korea, Democratic People's Republic of	2	1	0	1	0	6	31	0	0	
Korea, Republic of	200	688	274	374	736	902	1,351	2,181	536	
Kuwait	798	999	1,002	2,743	744	162	599	875	686	
Kyrgyzstan	0	60	86	98	81	0	19	32	595	
Lao People's Democratic Republic	4	7	4	0	0	0	0	0	25	
Latvia	13,626	4,608	14,469	6,790	4,655	3,838	4,870	4,333	3,249	
Lebanon	1,490	1,124	2,752	3,508	4,007	5,815	4,588	11,496	6,286	
Lesotho	73	0	0	0	0	0	0	0	0	
Liberia	0	14	340	0	0	28	0	2	1,074	
Libya	3,969	3,446	4,956	7,422	26,070	6,752	5,921	4,249	31,195	
Lithuania	5,697	17,509	7,328	16,480	17,369	36,838	33,078	25,798	22,611	
Luxembourg	268	446	430	1,900	1,213	789	1,433	2,243	2,929	
Macao, China	0	35	0	11	1	15	0	0	1	
Macedonia, The Former Yugoslav Republic of	260,576	300,267	437,076	492,988	429,149	476,817	524,651	482,101	567,798	
Madagascar	24	58	2	3	0	10	0	0	1	
Malawi	0	0	0	0	0	0	0	0	4	
Malaysia	16	168	1,346	3,500	107	95	90	2,425	1,459	
Maldives	18	0	144	0	0	0	13	0	15	
Mali	29	40	3	30	0	0	6	262	261	
Malta	3,021	786	323	1,130	1,599	458	612	1,557	806	
Marshall Islands	84	48	9	14	23	4	6	329	44	
Mauritania	0	0	2	0	0	125	25	38	1	
Mauritius	0	103	96	4	60	0	11	9	840	
Mexico	244	310	1,738	584	1,736	1,227	3,684	2,068	3,551	
Micronesia (Federated States of)	0	0	0	0	0	0	0	0	0	
Mongolia	6	97	207	274	118	281	401	296	826	
Montenegro	0	616,331	950,828	1,287,184	836,164	803,776	890,953	798,898	836,963	
Montserrat	0	5	0	0	0	0	0	0	0	
Morocco	2,596	2,280	4,871	4,252	245	214	281	1,588	1,531	
Mozambique	0	23	76	10	167	16	199	0	19	
Myanmar	6,412	9,182	1,455	13,558	224	0	81	3,624	10,795	
Namibia	126	161	53	359	198	269	80	104	321	
Nauru	0	0	0	0	0	0	0	0	0	
Nepal	5	102	4	4	0	8	0	1	7	
Netherland Antilles	11	57	68	1,131	1,072	95	134	124	5	
Netherlands	76,340	105,777	150,613	181,176	158,277	157,053	132,327	145,644	153,166	
New Caledonia	0	5	0	3	0	0	27	0	12	
New Zealand	23	741	254	204	99	454	450	332	404	
Nicaragua	0	0	0	0	0	0	0	0	0	
Niger	91	401	325	393	118	0	17	68	21	
Nigeria	829	2,878	1,260	1,574	1,731	990	1,178	7,087	3,082	
Niue	0	0	0	0	0	0	0	0	0	
Norway	2,594	7,542	10,238	19,914	7,523	7,040	9,008	13,081	29,171	
Oman	0	59	4	581	255	190	132	155	1,209	
Pakistan	180	89	1,415	1,058	5,036	1,191	435	407	650	
Palestine, State of	0	0	45	0	28	0	84	13	126	
Panama	88	170	335	57	160	540	40	195	649	
Papua New Guinea	0	2	0	0	0	0	0	0	0	
Paraguay	0	0	0	27	0	0	41	110	138	
Peru	77	32	785	906	345	4,546	104	1,904	757	
Philippines	117	706	283	1,765	480	1,218	3,103	5,340	4,542	
Pitcairn	0	0	0	0	0	0	0	0	0	
Poland	42,479	75,951	135,307	155,843	67,100	113,137	182,475	180,816	271,854	
Portugal	9,145	8,380	24,117	24,276	15,514	8,229	8,170	12,906	26,837	
Qatar	0	275	89	446	364	2,722	626	379	1,365	
Republic of Moldova	2,787	3,896	4,638	6,559	4,432	5,365	9,663	13,056	14,641	
Romania	130,070	176,712	265,193	397,821	482,308	650,721	812,529	935,882	785,200	
Russian Federation	225,252	311,081	450,590	550,963	349,425	534,747	792,310	867,057	1,061,605	
Rwanda	30	31	56	845	1,082	833	409	10	359	
Saint Helena	0	0	0	0	14	0	3	0	0	
Saint Kitts and Nevis	0	153	44	39	643	0	0	48	0	
Saint Lucia	0	0	0	0	0	0	0	0	0	
Saint Vincent and the Grenadines	0	0	0	0	0	0	0	0	0	
Samoa	0	0	0	0	0	0	0	0	0	
Sao Tome and Principe	43	92	0	0	0	0	0	0	0	
Saudi Arabia	3,662	1,986	7,857	10,117	3,343	1,426	1,325	4,835	4,259	
Senegal	0	0	40	657	342	15	187	61	681	
Seychelles	41	761	29	26	18	42	40	14	1,712	
Sierra Leone	555	402	191	84	510	366	28	1	29	
Singapore	252	552	550	399	253	1,987	4,879	8,437	36,019	
Slovakia	39,030	44,548	112,153	225,976	112,523	173,421	215,976	253,712	270,699	
Slovenia	188,801	253,385	408,986	501,989	343,820	425,897	526,119	428,847	479,327	
Solomon Islands	0	0	0	0	0	0	0	0	0	
Somalia	0	5	0	0	0	0	0	0	0	
South Africa	4,747	1,590	1,742	2,063	2,092	6,543	1,346	2,426	2,184	
Spain	59,117	64,373	62,010	59,104	60,106	66,845	77,143	86,115	100,988	
Sri Lanka	413	627	2,167	170	237	6	19	136	232	
Sudan (North + South)	0	225	6	24	503	1,082	1,861	1,275	198	
Suriname	0	178	179	1	107	0	138	142	102	
Swaziland	0	0	1	0	21	0	12	0	0	
Sweden	21,227	32,743	45,000	46,237	33,995	43,171	51,421	52,952	59,659	
Switzerland	37,504	43,729	61,813	94,353	83,928	61,484	82,784	92,366	104,100	
Syrian Arab Republic	11,940	8,992	10,833	9,998	8,360	15,448	12,173	2,111	0	
Taipei, Chinese	282	1,235	371	747	141	337	613	548	599	
Tajikistan	1	61	4,057	1,063	1	1,550	829	1,357	519	
Tanzania, United Republic of	4	106	191	106	1,004	472	55	70	1,728	
Thailand	566	135	200	2,028	7,468	5,177	5,678	5,890	5,090	
Timor-Leste	0	0	0	0	0	19	0	0	0	
Togo	105	243	29	11	0	22	21	4	0	
Tokelau	0	0	0	0	0	2	0	0	0	
Tonga	0	0	1	0	0	0	18	0	0	
Trinidad and Tobago	0	140	324	321	32	60	19	0	466	
Tunisia	1,161	636	3,577	4,152	3,624	2,149	3,249	9,106	3,827	
Turkey	50,316	38,763	58,519	45,338	45,123	87,988	183,179	187,010	219,746	
Turkmenistan	646	447	3,067	2,387	1,290	2,812	1,393	487	287	
Turks and Caicos Islands	50	89	14	2	9	0	0	0	0	
Tuvalu	0	0	0	2	0	0	0	0	0	
Uganda	45	34	269	1,404	1,809	1,293	805	366	103	
Ukraine	79,599	123,314	135,107	206,606	180,357	195,734	211,020	131,843	172,261	
United Arab Emirates	3,405	7,132	14,879	18,062	15,099	13,787	6,667	21,209	13,876	
United Kingdom	84,017	117,310	150,074	152,328	107,335	155,406	185,215	144,117	170,967	
United States Minor Outlying Islands	0	0	0	0	0	0	0	0	0	
United States of America	59,007	71,200	80,435	65,226	68,820	69,888	79,500	98,556	491,664	
Uruguay	91	61	4	41	42	393	1,001	1,074	1,248	
Uzbekistan	712	1,061	2,243	2,344	2,319	1,494	2,655	1,224	1,935	
Vanuatu	0	0	9	0	0	0	0	0	0	
Venezuela	213	52	46	69	4	30	0	170	278	
Viet Nam	4	196	1,660	322	3,472	3,668	6,311	6,961	9,127	
Yemen	139	0	136	160	575	94	131	62	320	
Zambia	5	2	25	34	5	0	1	55	11	
Zimbabwe	0	1,292	0	0	38	28	1	34	54	
