List of importing markets for a product exported by Belize (Mirror) Product: TOTAL All products
"Importers"	"Exported value in 2001"	"Exported value in 2002"	"Exported value in 2003"	"Exported value in 2004"	"Exported value in 2005"	"Exported value in 2006"	"Exported value in 2007"	"Exported value in 2008"	"Exported value in 2009"	"Exported value in 2010"	"Exported value in 2011"	"Exported value in 2012"	"Exported value in 2013"	
Total	290,672	199,900	283,596	306,827	346,689	471,694	434,898	2,467,060	1,958,846	417,623	881,790	525,286	421,376	
Albania	0	0	0	0	0	0	0	49	10	40	10	50	0	
Algeria	1	0	2	2,342	4	12	103	315	0	6	461	19	302	
Anguilla	22	10	14											
Antigua and Barbuda					134		121		39	78	144	98	9	
Argentina	0	0	0	0	1	5	0	1	0	0	24	2	14	
Armenia	0	0	8	0	118	13	256	221	30	0	4	0	0	
Australia	19	84	72	57	214	1,892	1,970	966	2,181	1,245	3,195	1,466	2,877	
Austria	417	412	328	225	426	561	264	272	112	2	77	112	37	
Azerbaijan	0	0	0	0	12	38	15	15	1,411	29	4,109	254		
Bahamas	38	1	8	0	2,012	0	0	0	0	0	36	159		
Bahrain	0	6	0	2	10	0	0	1	3	160	100			
Bangladesh	0	55	166	1,631	415	61	132							
Barbados	1,037	2,048	1,456	1,404	1,603	1,571	2,583	2,058	1,477	1,380	3,433	2,333	1,628	
Belarus	0	0	69	0	0	0	0	0	31	0	0	5	11	
Belgium	3	1,469	134	786	1,197	656	482	5,912	1,248	1,373	34	785	294	
Belize	0	0	0	0	0	0	0	0	0	0	0	0	79	
Benin	0	0	7	0	0	0	0	0	0	0	0	574	20	
Bermuda												35	2	
Bolivia	0	0	1	6	0	0	10	2	0	2	0	7		
Bosnia and Herzegovina			0	0	2	0	27	10	16	0	1	0	1	
Botswana	0	103	0	0	0	0	0	0	0	0	0	0	0	
Brazil	163	527	270	317	155	11	194	59	294	354	188	743	158	
Brunei Darussalam	12	50	49	127		118				4	4	0	0	
Bulgaria	37	6	93	0	1	34	37	80	479	1,617	574	31	1	
Burkina Faso	0	0	0	5	0		0	0	0	2	0	0		
Burundi	0	0	0	0	0	0	0	0	0	0	4	0	14	
Cabo Verde	0	0	0	105	0	15	5		0	0	0	0	0	
Cambodia	0	0	0	0	0	0	3	24	0	0	1	0		
Cameroon	0	0	0	0	0	0	3,090	12,716	4,919	4,624	28,864	9,547		
Canada	2,393	4,068	3,226	6,403	7,968	8,431	10,243	10,213	6,042	6,000	7,594	3,203	2,433	
Chile	0	0	28	0	6	1	2	84	133	245	74	580	1,227	
China	0	159	988	0	205	20	0	27	13	252	2,902	7,787	8,385	
Colombia	2	5	109	0	4	0	6,566	12	36	10	19	4	170	
Costa Rica	2,124	812	539	618	623	19,317	46,887	30,708	43,258	46,774	19,817	1,921	438	
Côte d'Ivoire	1,525	1,272	815	4,961	8,634	17,051	17,220	21,335	16,097	4,175	8,721	11,816		
Croatia	207	0	3	13	0	1	35	6	28	66	14	17	2,104	
Cuba	15	1	244	0	113	224								
Cyprus	26	0	0	159	20	0	0	0	0	0	0	63	0	
Czech Republic	0	95	5	40	9	14	648	434	10	6	119	144	530	
Denmark	9	120	165	264	662	159	8	47	316	354	73	299	36	
Dominica	21	57	87	125	73	42	119	410	56	96	117	136		
Dominican Republic	3,045	2,163	294	0	1	1,529	5,106	3,378	2,787	2,509	10,302	8,032	4,414	
Ecuador	7	48	53	0	7	3	0	3	17	1	228	143	888	
Egypt	57	0	0	0	0	0	0	0	0	2,614	233	3,587	343	
El Salvador	405	1,105	405	676	691	2,416	1,786	2,216	1,413	301	732	767	534	
Estonia	0	0	0	4	16	38	9	82	0	0	32	126	4	
Ethiopia	0	0	0	131	148	0	50	1,600	44	19	48	18,725		
Faroe Islands	0	0	0	0	0	6,596	1	6	20					
Fiji		1	15	0	11	44	0	71	88	9	0	7		
Finland	4	0	0	0	1	9,795	16,492	66	0	0	9	3	3	
France	2,144	949	426	698	3,673	1,515	1,795	1,362	1,051	873	2,313	2,362	2,531	
French Polynesia	0	0	0	0	1	0	0	0	0	0	0	0	0	
Gabon	0	0	0	2	0	0	0	0	0					
Gambia	10	0	0	0	0	0	0	0	0	0	0			
Georgia	0	0	37	2	53	397	75	135	4	98	400	1,463	126	
Germany	3,125	1,860	1,862	848	1,125	1,582	1,538	1,793	3,379	396	738	3,065	1,474	
Ghana	0		122		0	3	0	82	5	23	10	0		
Greece	2,434	1,182	701	0	42	47	248	2,054	283	0	0	0	816	
Greenland	0	0	2	0	0	0	0	0	0	0	0	0	0	
Grenada	95	25	55	14	142	172	580	194						
Guatemala	1,630	670	29,733	6,627	1,722	2,824	2,151	2,723	6,678	7,110	6,208	5,226	5,077	
Guinea	3	0		0	0	320	0	0		212	215	1		
Guyana	910	1,332	967	1,075	1,843	1,269	1,380	1,636	883	1,866	1,419	3,519	7,457	
Honduras	94	155	130	539	372	795	461	158	63	90	111	121	102	
Hong Kong, China	107	93	45	131	118	490	30	88	3	176	293	300		
Hungary	247	129	560	1,675	594	25	0	34	1	499	1,286	174	19	
Iceland	0	0	0	0	19	0	0	0	0	0	0	0	0	
India	2	44	455	10	15	5,666	201	12,439	66	515	103	171	218	
Indonesia	152	686	411	0	50	152	45	8,006	6,043	283	3,958	4,267	1,652	
Ireland	2,601	4,210	6,166	164	4,416	1,920	5,965	12,666	14,410	12,018	12,859	18,491	19,101	
Israel	0	0	0	0	1	0	1	23	4	6	1,722	104	327	
Italy	3,081	78	3,716	238	407	156	46	20,019	268	173	59	2,037	3,011	
Jamaica	4,244	6,128	10,582	12,856	13,574	13,205	6,153	5,298	6,911	10,393	11,802	19,016		
Japan	35,082	7,701	9,569	9,604	8,013	5,405	6,964	5,619	6,415	10,034	19,087	21,706	14,013	
Kazakhstan	0	6	0	0	0	0	2	252	176	0	7	193	19	
Kenya	7	49	0	52	4	80	356	9	198	110	405			
Korea, Republic of	9,855	3,060	1,322	5,066	5,186	528	5,213	3,231	968	733	3,093	1,243	745	
Kuwait	0	0	0	0		48	47	57						
Kyrgyzstan	0	0	0	0	0	0	4	0	0	0	144	0		
Latvia	0	1,063	1,278	121	1,825	120	4	0	0	1	240	4	1	
Lebanon	5	0	0	0	53	446	301	166	2	0	2	0	33	
Lithuania	0	947	6	1,840	5,971	817	5,960	24	6	0	0	3	418	
Luxembourg	0	0	0	0	0	0	0	1	23	24	1	67	54	
Macao, China	0	0	0	15	0	0	0	0	0	0		0		
Macedonia, The Former Yugoslav Republic of	0	0	29	21	10	0	18		0	6	0	0	0	
Madagascar	0	0	0	0	0	0	0	1	0	12	0	0	4	
Malawi	43	0	0	65	55	180	85	0	0	0	29	1	0	
Malaysia	23	29	23	4	47	124	270	1,176	123	87	115	733	327	
Mali	0	0	0	0	0	0	0	0		0	0	0		
Malta	48	1	0	1,438	0	2	0	0	0	0	1	0	9	
Mauritania	0	0	0	0	8,191		0	0	0	0	0	0		
Mauritius	148	0	161	55	0	130	455	39	132	520	640	460	648	
Mexico	1,545	1,589	2,821	5,107	8,393	7,557	7,759	9,043	8,530	8,134	6,244	6,260	9,446	
Montenegro						1	0	45	0	0	11	0	0	
Montserrat	0	2	1	1	2	0	3	3	0			0	0	
Morocco	18	1	5	0	3	0	3	0	0	626	23	15	9	
Mozambique	5	7	0	0	0	32	713	5	0	29	0	33	57	
Myanmar										475				
Namibia	32	99	10	351	0	0	3	1	0	3	96	3	6	
Nepal			0						77	37	432			
Netherland Antilles					243	0	0	31						
Netherlands	451	1,115	2,842	1,686	1,044	1,286	902	1,373	5,958	11,209	9,066	21,669	16,920	
New Caledonia	0	0	0	0	0	0	3	5	27	20	3	1	18	
New Zealand	3	4	10	67	14	21	23	68	23	71	915	16	195	
Nicaragua	117	118	0	4	9	0	3	1	13	3	7	12	3	
Nigeria	548	507	5,509			3,936	17,750	2,000,146	1,578,710	0	384,601	0		
Norway	0	2	1	0	5	23	0	0	220	15	59	62	38	
Oman	26	0	0	0	0	0	0	1	0	0	2	0	26	
Pakistan			66	126	193	595	322	1,003	1,762	6,967	337	1,478	180	
Palestine, State of							0	17	0	0	0	122		
Panama	722	41	0		93	654	1,324	699	698	638	4,609			
Papua New Guinea	110	0	15	1							10	0		
Paraguay	0	0	0	0	0	0	0	0	0	1,239	2,484	0	0	
Peru	0	0	0	151	2	3	1	1	0	337	1	5		
Philippines	859	115	507	16	0	0	0	0	0	0	0	0	13	
Poland	0	0	800	3,099	5,047	0	2	36	23	11,178	31	702	173	
Portugal	2,143	14	0	3,859	144	9,605	9,633	0	611	507	431	13,954	12,074	
Republic of Moldova	0	0	196	0	5	0	110	16	0	0	0	16	29	
Romania	1	0	16	8	5	11	3	22	0	13	32	0	0	
Russian Federation	2,808	658	137	0	666	957	959	88	757	7	22	20	3,611	
Rwanda	0	0	0	0	0	0	0	59	0	0	0	0	0	
Saint Kitts and Nevis	9	1	4	14	1	11	34	26	0	0	0			
Saint Lucia	81	77	83	154	351	47	3	15						
Saint Vincent and the Grenadines	74	105	42	60	94	61	82	58	58	60	32	86		
Samoa	6	0	10	0	0	0	0	1	0	0	0	0	4	
Saudi Arabia	0	0	0	0	0	1	692	287	0	144	154	0		
Senegal	0	0	0	0	0	0	0	0	0	0	0	0	0	
Serbia					116	0	8	2	0	20	0	39	236	
Serbia and Montenegro	79	0		163										
Seychelles	0	0	0		9	0		0						
Singapore	105	63	0	0	0	0	0	0	0	0	3,157	5,749	3,021	
Slovakia	7	43	8	5	125	10	67	0	18	22	0	0	6	
Slovenia	3	0	14	0	28	0	9	13	5	18	27	0	20	
Solomon Islands								0	0	0	1			
South Africa	47	768	1,824	3,030	3,607	2,497	1,366	197	156	312	414	80	241	
Spain	2,987	211	572	1,271	3,462	7,250	2,836	4,059	4,889	14,137	8,996	15,534	15,117	
Sri Lanka	0	0	3	3	0	57	15	84	0	46	202	622		
Sudan (North + South)	0	552	0	0	0	0		5	2	106	59			
Suriname	0			9	0	29	83		13	37	106			
Sweden	42	243	577	792	5,329	0	32	182	10	27	4	3	0	
Switzerland	3	49	15	3	70	151	516	596	383	424	956	830	359	
Syrian Arab Republic	0	0	152	0	0	0	0	0	0	0				
Taipei, Chinese	377	6,620	334	1,715	2,446	2,719	1,840	1,297	2,639	1,906	5,980	4,994	3,933	
Tanzania, United Republic of	191	45	6	1	0	0	0	1	0	0	0	0	0	
Thailand	6,328	1,140	1,850	10,311	2,563	2,452	22,759	1,401	990	2,349	2,139	2,008	2,551	
Togo	0	10	4	0	0		0	83	0	101	0	0	0	
Trinidad and Tobago	16,007	3,510	5,680	9,744	10,323	6,897	8,922	9,109	7,102	11,117				
Tunisia	1	3	7	1	38	8	7	1	0	2	507	1,205	1,574	
Turkey	532	0	1,303	1,484	1,246	809	1,832	468	886	2,333	2,340	4,549	6,694	
Turks and Caicos Islands	56	0	101	0							0	0		
Uganda	0	0	48	0	0	0	0	0	0	0	0	0	0	
Ukraine	0	507	1,163	180	143	104	238	1,207	383	676	480	1,053	5,457	
United Arab Emirates					357		1,154	130						
United Kingdom	50,768	51,949	70,708	83,293	87,200	157,908	82,008	96,003	105,064	90,934	86,534	116,550	114,393	
United States of America	102,967	83,609	106,050	113,241	104,162	155,878	113,431	163,517	108,074	130,091	199,976	168,778	133,852	
Uruguay	18	0	44	25	19	8	215	117	2	188	172	332	30	
Vanuatu						0	2		0	0	0			
Venezuela	293	794	351	270	3,157	0		393	59	460	578	145	1,070	
Viet Nam	22,576	53	1,696	2,986	22,938	941	2,410	2,457	0	0	0	31		
Yemen				35	0	0	4	1	0	0	3	1		
Zambia	48	202	0	0	2	89	4	3	1	0	0	22	4,882	
Zimbabwe	0	0		0	17	0	1	0	0	0	0	0	0	
