List of importing markets for a product exported by Uruguay (Mirror) Product: TOTAL All products
"Importers"	"Exported value in 2001"	"Exported value in 2002"	"Exported value in 2003"	"Exported value in 2004"	"Exported value in 2005"	"Exported value in 2006"	"Exported value in 2007"	"Exported value in 2008"	"Exported value in 2009"	"Exported value in 2010"	"Exported value in 2011"	"Exported value in 2012"	"Exported value in 2013"	
Total	2,337,109	2,249,251	2,662,264	3,402,535	4,406,519	4,527,106	5,301,404	6,966,756	6,491,039	8,307,097	9,444,416	10,381,275	10,505,549	
Afghanistan								0	0	0	97	0		
Albania	9	105	92	2,468	169	862	348	942	721	145	266	96	168	
Algeria	68	19,889	48,177	11,001	17,792	38,338	18,204	23,188	22,019	47,476	68,005	114,868	48,796	
Andorra	20	21	303	418										
Antigua and Barbuda					0		1		124	1	37	4	2	
Argentina	328,974	122,450	163,496	226,605	558,051	309,442	467,794	540,146	348,260	586,782	605,839	520,062	498,160	
Armenia	21	40	95	1,664	1,438	70	0	83	141	119	186	422	178	
Aruba					496				1,975	5,533	5,837	9,281		
Australia	3,106	4,834	3,803	8,163	8,754	11,654	21,324	13,518	14,521	13,254	15,292	17,506	20,334	
Austria	1,278	2,846	1,325	1,949	1,574	2,896	4,204	7,860	5,106	6,954	19,362	33,169	35,147	
Azerbaijan	0	651	104	0	24	21	102	962	968	980	1,667	974		
Bahamas	122	10	28	1	8	0	0	0	0	0	8	125		
Bahrain	1	45	0	0	6	0	0	344	95	222	531			
Bangladesh	531	686	967	766	1,578	1,568	14,751							
Barbados	57	98	71	841	2,772	3,531	3,149	1,750	1,999	1,988	1,768	2,171	3,497	
Belarus	122	77	502	1,088	1,122	921	1,222	1,943	809	1,696	2,399	3,357	4,304	
Belgium	20,438	20,349	22,951	25,720	16,317	25,851	58,980	35,382	33,590	33,032	42,751	34,170	30,341	
Belize	1	5	0	93	163	512	597	335	214	571	82	669	944	
Benin	43	6	50	50	54	987	789	232	354	179	1,357	1,820	1,075	
Bermuda												221	214	
Bolivia	3,897	3,843	3,870	3,833	5,201	6,303	9,657	18,222	18,570	26,892	26,811	36,752		
Bosnia and Herzegovina			39	98	1,752	1,100	1,553	770	139	262	1,819	1,765	723	
Botswana	0	336	0	71	1	45	78	41	87	100	36	312	191	
Brazil	502,930	484,847	537,868	522,856	493,653	618,224	786,202	1,018,199	1,240,346	1,572,528	1,753,185	1,818,926	1,766,984	
Brunei Darussalam	0	0	5	0		0				419	653	810	244	
Bulgaria	220	1,500	2,624	1,324	1,610	3,256	8,566	10,728	2,556	5,607	9,461	6,156	9,422	
Burkina Faso	10	5	0	0	0		0	387	142	1,257	511	873		
Burundi	0	0	0	0	0	0	0	0	0	0	379	9	0	
Cabo Verde	9	17	38	21	1,641	3,244	3,272		10,517	7,700	7,435	4,813	3,035	
Cambodia	13	52	97	101	310	0	61	42	186	479	9	312		
Cameroon	54	0	1,062	3,005	2,234	10,660	11,400	11,136	9,213	7,349	12,707	2,643		
Canada	89,228	30,552	97,937	100,029	108,013	48,398	89,505	32,641	47,952	50,376	41,357	72,506	69,905	
Central African Republic	0	0	0			0	0	70	0	81	0	0	0	
Chile	55,540	64,072	86,673	74,864	103,292	190,583	128,672	186,713	101,501	150,126	181,472	271,075	204,845	
China	95,526	78,067	75,750	110,301	173,326	270,000	341,761	623,955	733,762	1,151,841	1,413,379	1,911,220	2,465,398	
Colombia	22,424	22,602	21,061	18,799	27,517	31,386	39,599	44,023	45,442	59,080	60,105	81,491	64,873	
Comoros	0	0	0	0	55	38	0	68	26					
Congo							387	285	2,066	1,466	3,327	3,191	8,256	
Costa Rica	4,074	5,219	3,297	11,832	5,057	7,175	12,345	19,923	11,118	17,891	15,185	12,771	23,345	
Côte d'Ivoire	40	116	334	579	794	1,757	4,856	2,670	12,281	6,075	7,947	2,112		
Croatia	881	627	521	30,752	4,180	489	1,419	7,531	6,957	3,760	2,465	2,461	2,312	
Cuba	1,987	401	1,592	8,306	34,095	33,122								
Cyprus	703	1,030	1,200	476	760	842	1,011	2,750	1,196	1,541	1,210	1,429	1,723	
Czech Republic	2,351	1,901	3,005	2,509	3,531	5,970	12,676	19,262	11,025	20,850	17,587	12,244	20,750	
Denmark	2,126	2,424	5,377	4,521	5,624	7,214	7,364	11,887	9,110	11,949	14,531	11,130	10,415	
Dominica	0	16	6	12	4	3	1	11	0	0	10	2		
Dominican Republic	2,302	3,077	3,279	4,448	6,187	11,410	10,466	17,959	20,326	28,605	37,904	60,266	88,906	
Ecuador	13,047	25,070	8,494	18,574	52,409	61,899	85,658	46,456	50,628	56,296	41,630	84,752	51,411	
Egypt	3,502	11,765	6,450	21,924	37,664	21,183	54,863	60,141	37,030	13,128	8,350	74,779	221,571	
El Salvador	1,335	1,095	5,491	3,034	6,708	26,639	30,652	34,758	34,930	30,646	25,468	14,337	25,365	
Estonia	275	240	423	131	1,170	583	513	1,448	1,361	2,054	3,027	1,382	1,042	
Ethiopia	0	0	7	4	0	52	52	317	145	242	373	131		
Faroe Islands	1,423	668	6	5	119	656	603	1,080	1,139					
Fiji		16	8	3	121	37	3	18	6	14	3	1		
Finland	2,960	7,512	11,292	15,326	13,576	20,919	50,111	55,769	8,414	12,329	8,851	13,566	31,467	
France	39,020	32,651	42,130	54,093	50,030	56,561	62,917	68,402	54,756	68,584	85,575	95,904	80,760	
French Polynesia	52	0	0	814	3,676	3,606	6,008	8,355	4,688	5,618	5,899	5,901	6,483	
Gabon	300	0	294	1,042	2,355	4,350	2,305	2,741	3,570					
Gambia	0	0	0	0	0	0	0	0	0	71	668			
Georgia	0	8	54	0	1	386	403	105	506	667	406	2,773	1,950	
Germany	72,730	129,589	164,910	225,146	170,599	236,552	280,293	522,755	351,223	574,958	616,582	490,345	497,776	
Ghana	181		365		2,435	0	5,641	4,266	924	448	7,393	1,311		
Greece	1,282	4,294	3,191	2,599	1,271	2,715	2,221	10,059	6,390	1,088	1,586	687	9,030	
Greenland	0	0	186	0	0	121	130	315	249	97	110	12	53	
Grenada	0	0	0	36	77	52	37	43						
Guatemala	2,665	2,976	19,013	20,493	8,819	4,486	36,407	59,667	61,401	57,027	66,398	73,475	63,840	
Guinea	0	0		0	0	0	14	934		430	342	56		
Guyana	664	17	95	50	173	214	543	1,189	2,373	3,008	3,980	5,601	3,295	
Honduras	410	736	2,460	1,242	3,210	2,637	21,027	31,287	30,324	38,510	45,475	46,587	50,702	
Hong Kong, China	34,973	33,363	31,310	29,722	31,682	27,931	36,488	55,640	80,152	66,404	80,287	73,856		
Hungary	461	983	1,165	689	630	515	721	789	801	237	5,210	18,809	12,633	
Iceland	42	31	47	59	354	124	285	320	150	148	117	1,218	69	
India	2,452	4,566	8,725	5,319	4,923	5,755	12,038	13,268	16,285	17,363	28,521	28,468	20,867	
Indonesia	1,471	3,801	2,350	2,170	1,267	1,469	1,135	6,730	5,081	7,933	17,123	19,998	26,000	
Iran (Islamic Republic of)	27,097	36,110	27,402	23,443	52,834	0				4,387	7,378			
Ireland	681	1,493	380	1,039	855	6,643	2,864	4,031	9,759	8,214	5,224	4,673	4,827	
Israel	46,104	64,809	45,138	30,089	49,731	70,819	68,670	80,228	49,936	57,794	125,602	231,728	191,429	
Italy	95,588	99,556	124,852	118,864	112,647	134,397	127,517	166,590	138,876	157,843	178,325	148,358	249,465	
Jamaica	311	792	774	918	7,270	1,654	8,011	9,586	10,073	1,597	1,296	1,628		
Japan	45,609	52,313	58,622	63,305	80,584	109,597	93,865	132,738	73,254	82,948	98,532	98,420	77,327	
Jordan	166	725	4,162	8,281		14,944	13,614	20,005	17,527	21,919	7,902	18,846	26,068	
Kazakhstan	65	230	10	124	155	708	437	537	377	718	1,477	12,251	6,539	
Kenya	68	61	113	562	146	129	3,285	1,070	1,188	3,942	12,224			
Korea, Republic of	8,214	5,645	11,692	14,507	26,023	30,034	40,673	42,913	44,742	32,359	74,954	98,242	120,945	
Kuwait	0	335	258	1,066		1,818	912	3,289						
Kyrgyzstan	0	0	0	0	0	1	2	0	39	3	2	1		
Latvia	427	456	337	117	70	21	57	109	78	345	298	21	166	
Lebanon	52	3,178	466	395	1,510	8,197	12,254	22,547	58,088	41,540	4,505	3,062	1,253	
Libya							5,370	2,483	1,446	3,140				
Lithuania	1,664	321	1,512	1,448	1,114	521	552	840	468	1,020	1,443	772	1,602	
Luxembourg	54	23	0	0	0	50	84	163	273	365	322	424	409	
Macao, China	347	259	296	2,355	804	513	345	1,307	745	743		516		
Macedonia, The Former Yugoslav Republic of	308	350	796	1,139	938	711	547		1,070	400	903	484	392	
Madagascar	15	2	0	464	19	24	33	239	1,230	97	23	398	60	
Malawi	0	0	0	57	0	0	4	0	0	11	0	0	0	
Malaysia	6,903	20,531	3,867	18,199	34,230	11,734	14,960	18,893	23,030	26,230	8,536	30,508	11,107	
Maldives	0	0	0	0	19	1	54	0	0	0	57	299	712	
Mali	0	0	40	125	57	725	0	315		369	6,829	15		
Malta	80	65	299	1,004	942	209	58	8	159	180	181	67	50	
Mauritania	0	0	5	9	653		37	2	24	401	9,031	21,751		
Mauritius	0	6,267	6,113	426	188	215	280	159	55	97	629	326	752	
Mayotte	0	65	1	0	185	0	11	4,454	3,377					
Mexico	84,555	91,535	101,450	135,809	262,846	262,283	333,248	325,787	261,431	233,189	277,256	288,732	283,613	
Mongolia	0		0	0	0	0	0						206	
Montenegro						134	99	277	370	156	136	121	211	
Montserrat	0	0	0	0	1	10	11	12	16			0	0	
Morocco	2,425	9,904	14,560	23,780	41,886	24,242	22,265	31,238	19,464	17,961	55,405	161,149	31,725	
Mozambique	0	0	14	97	691	469	643	337	2,982	13	11,081	466	729	
Myanmar										68				
Namibia	0	43	74	58	250	788	1,131	3,694	1,185	1,252	1,349	819	701	
Nepal			21						61	2	0			
Netherland Antilles					959	441	588	720						
Netherlands	32,719	36,953	68,190	72,441	63,301	78,141	98,129	174,632	248,283	397,794	370,165	372,760	439,129	
New Caledonia	1	2	0	3	17	6	18	53	16	15	5	7	7	
New Zealand	316	391	438	467	453	318	523	3,072	3,007	782	1,214	2,993	5,254	
Nicaragua	2,061	211	395	1,146	1,467	1,201	6,557	10,735	12,418	7,981	10,594	12,261	11,225	
Niger	100	0	0	0	0	238	460	1,297	349	73	24	89	4	
Nigeria	643	4,208	2,717			13,022	29,601	34,043	37,765	22,190	89,569	64,686		
Norway	16,551	9,882	18,571	27,786	50,540	52,394	66,605	86,567	48,283	54,842	62,981	47,224	41,992	
Oman	4	36	0	0	0	47	216	121	5,554	2,519	2,753	2,727	1,530	
Pakistan			581	333	1,414	5,858	11,905	64,411	15,228	2,617	5,266	11,325	1,276	
Palestine, State of							473	690	191	428	384	970		
Panama	379	1,128	1,686		1,797	25,776	19,444	25,035	32,167	32,130	32,575			
Papua New Guinea	5	1	0	0							563	23		
Paraguay	72,510	61,462	48,544	58,745	52,516	56,912	75,208	107,854	88,129	154,088	195,877	168,297	155,552	
Peru	22,497	18,522	14,670	30,152	46,198	31,001	55,097	94,378	82,517	87,867	125,329	165,298		
Philippines	1,649	1,547	16,619	33,398	35,386	36,110	42,482	41,812	49,978	55,302	53,939	56,740	71,168	
Poland	22,808	26,906	35,316	36,761	28,985	50,711	66,913	50,973	22,835	21,707	40,845	55,405	50,492	
Portugal	5,707	11,875	16,501	23,965	12,772	13,517	18,518	34,446	19,578	108,503	120,667	72,720	85,909	
Qatar	23	203	5	50	14	1,147	519	368	1,264	2,784	1,340	1,928	1,135	
Republic of Moldova	36	62	6	99	333	430	630	328	779	1,185	974	1,203	1,385	
Romania	564	1,687	2,561	3,019	8,224	6,578	2,397	3,087	2,711	3,505	5,382	5,456	4,469	
Russian Federation	4,964	21,406	22,995	19,190	35,556	222,052	109,908	322,148	299,776	329,652	357,588	423,026	325,241	
Rwanda	0	0	27	0	54	0	0	0	75	29	1,177	4	25	
Saint Kitts and Nevis	0	0	0	0	0	0	0	64	0	5	9			
Saint Lucia	0	19	48	2	312	15	8	18						
Saint Vincent and the Grenadines	567	13	0	3	0	5	120	1	77	286	50	6		
Samoa	6	1	0	0	0	0	30	0	0	0	0	1	0	
Saudi Arabia	5,218	6,237	3,087	33,004	22,453	18,870	13,621	15,587	11,819	18,997	12,905	9,174		
Senegal	1,804	426	2,373	9,839	15,544	20,794	19,709	48,049	19,628	37,641	36,335	16,023	20,721	
Serbia					174	1,156	827	1,296	398	762	1,124	2,472	809	
Serbia and Montenegro	86	211		470										
Seychelles	0	0	0		0	481		0						
Singapore	8,218	11,346	4,679	11,502	15,156	18,249	15,325	23,924	20,463	32,520	48,235	26,865	16,039	
Slovakia	681	570	1,037	905	540	588	560	711	645	814	983	509	538	
Slovenia	459	625	543	292	222	679	959	1,371	1,305	1,069	2,263	974	1,374	
South Africa	12,741	10,192	10,158	14,146	12,058	35,866	26,599	22,514	29,979	43,835	31,743	61,901	76,392	
Spain	93,078	96,783	106,929	130,180	174,729	158,382	196,592	257,664	203,021	210,143	244,221	145,847	144,312	
Sri Lanka	3	10	6	275	0	128	371	455	20	223	401	356		
Sudan (North + South)	0	0	0	0	0	0		8	276	961	473			
Suriname	10			1,455	280	390	147		199	64	169			
Sweden	6,048	7,820	11,476	15,082	26,938	21,352	41,548	44,100	41,594	22,115	32,933	20,811	18,239	
Switzerland	7,334	7,689	7,127	17,676	11,569	4,555	20,042	61,316	56,108	61,987	43,148	38,685	40,766	
Syrian Arab Republic	0	0	194	0	2,404	11,165	19,990	7,527	0	0				
Taipei, Chinese	2,451	3,887	6,378	7,515	4,877	6,952	9,350	5,915	3,058	4,313	14,746	14,922	20,183	
Tanzania, United Republic of	0	1	0	0	0	0	0	20	60	7	1,455	107	4,502	
Thailand	12,920	13,616	37,281	38,267	50,371	41,391	43,295	50,135	39,237	38,606	41,460	41,855	40,129	
Timor-Leste				1	0									
Togo	0	0	0	4,275	66		192	45	159	37	81	476	536	
Tonga	0	0	0					38	27	16	50	18		
Trinidad and Tobago	1,879	303	954	8,210	9,622	10,624	7,810	8,231	8,203	7,908				
Tunisia	40	67	698	7,666	1,449	4,564	7,690	4,830	5,483	51,369	52,484	20,534	104,509	
Turkey	15,555	18,139	35,655	11,772	21,061	15,568	36,089	26,399	29,887	171,877	230,884	97,979	109,267	
Turks and Caicos Islands	0	9	0	0							0	0		
Uganda	0	0	0	0	201	10	3,895	590	1,329	2,684	2,875	12	1,582	
Ukraine	320	62	6,154	561	2,848	1,796	10,624	12,800	2,170	5,356	2,791	12,288	12,810	
United Arab Emirates					6,390		11,938	2,408						
United Kingdom	47,457	104,842	87,541	96,545	107,125	126,861	148,806	250,396	224,635	207,346	198,029	176,434	137,203	
United States of America	240,459	202,781	269,938	622,076	784,349	547,359	523,514	259,187	254,365	248,571	302,965	372,811	442,320	
Uruguay	0	0	0	0	0	0	0	0	0	0	0	17,766	19,349	
Vanuatu						0	2		0	1	1			
Venezuela	55,869	37,721	17,926	26,904	123,915	55,460		244,543	296,912	320,682	284,536	540,258	598,629	
Viet Nam	1,125	2,000	2,897	6,281	12,644	18,952	30,107	42,662	30,509	48,269	41,975	48,225		
Yemen				8	1	48	124	169	48,508	732	13,248	15,899		
Zambia	12	42	44	259	76	23	24	49	445	54	2,152	633	223	
Zimbabwe	148	92		90	87	18	28	303	354	85	1,238	82	235	
