List of importing markets for a product exported by Malta Product: TOTAL All products
"Importers"	"Exported value in 2001"	"Exported value in 2002"	"Exported value in 2003"	"Exported value in 2004"	"Exported value in 2005"	"Exported value in 2006"	"Exported value in 2007"	"Exported value in 2008"	"Exported value in 2009"	"Exported value in 2010"	"Exported value in 2011"	"Exported value in 2012"	"Exported value in 2013"	
World	1,957,850	2,126,263	2,467,058	2,631,728	2,430,592	2,847,260	3,158,339	3,028,516	2,868,426	3,584,246	4,376,860	4,257,788	3,486,287	
Afghanistan	0	0	0	7	513	22	0	0	3,067	935	1,787	4,324	0	
Albania	0	130	230	144	241	0	18	238	1,839	377	0	1,296	1,487	
Algeria	398	433	901	1,615	767	1,683	8,202	4,733	84	143	307	8,607	391	
Andorra	24	0	0	254	2	204	0	0	0	0	0	0	0	
Angola	491	953	2,783	4,414	3,521	4,036	3,988	5,222	4,603	7,625	10,929	9,419	10,209	
Antigua and Barbuda	9	24	0	103	51	0	0	0	0	39	3	346	151	
Area Nes	215	243	213	0	0	0	0	0	0	0	0	0	0	
Argentina	110	236	398	237	92	261	118	147	97	489	580	801	755	
Armenia	0	1	0	0	0	0	0	62	59	55	1	1	11	
Aruba	0	98	0	0	3	13	0	0	0	0	0	0	0	
Australia	1,221	1,130	1,110	2,422	3,565	4,896	7,461	5,450	5,224	13,715	3,968	4,948	10,219	
Austria	2,703	2,080	3,422	4,462	4,090	9,941	7,873	11,000	8,730	10,038	9,982	9,387	6,239	
Azerbaijan	15	0	0	6	627	36	117	16	2	236	217	73	56	
Bahamas	93	0	0	1	165	113	115	99	121	1	196	10	4	
Bahrain	484	708	785	552	1,393	1,448	1,396	1,759	1,373	2,023	2,255	2,974	1,166	
Bangladesh	375	15	7	15	0	13	0	32	11	176	1,007	5,098	1,522	
Barbados	13	38	1	0	624	10	0	0	0	0	0	5	114	
Belarus	3	0	0	0	0	0	0	15	0	0	0	207	27	
Belgium	60,823	70,902	68,067	33,724	53,907	30,289	20,112	8,643	7,331	13,275	15,749	19,431	11,341	
Belize	0	0	0	0	0	0	0	0	0	0	1,822	78	24	
Benin	1,309	52	118	196	0	147	125	83	1	30	49	49	0	
Bermuda	0	0	0	0	0	0	0	0	0	0	46	0	0	
Bhutan	0	0	0	0	85	0	0	0	0	0	23	1,025	0	
Bolivia	0	0	0	21	0	0	0	0	0	0	0	0	0	
Bosnia and Herzegovina	0	0	74	305	0	0	0	508	97	189	400	15	45	
Botswana	0	925	0	840	839	785	822	0	1,835	2,299	0	3,269	0	
Brazil	1,810	1,190	15,233	6,293	14,940	7,043	8,095	7,377	6,822	7,188	9,891	8,175	6,614	
British Indian Ocean Territories	0	0	0	4	0	0	0	0	0	0	0	0	0	
British Virgin Islands	0	0	0	0	32	166	0	0	0	0	0	10	1	
Brunei Darussalam	0	0	0	0	0	0	0	0	0	0	0	1	10	
Bulgaria	266	253	318	320	529	2,086	1,874	1,547	3,958	3,394	8,323	5,314	5,106	
Burkina Faso	0	0	0	0	51	364	0	0	66	98	77	68	77	
Burundi	0	28	0	172	1,269	954	1,953	991	0	0	0	0	0	
Cabo Verde	0	201	90	748	1,861	2,256	1,861	2,017	1,211	1,384	362	235	505	
Cambodia	0	10	0	8	0	0	0	0	0	0	0	30	9	
Cameroon	16	234	875	644	1,063	1,361	1,038	764	704	671	1,438	835	3,476	
Canada	4,020	3,687	5,434	10,587	18,172	12,887	15,392	18,670	15,477	13,576	23,440	33,895	36,901	
Cayman Islands	2	0	0	0	0	0	80	83	29	0	111	2	1	
Central African Republic	0	0	0	0	36	26	49	36	69	33	40	36	0	
Chad	0	0	0	0	0	244	612	1,011	1,848	2,657	2,698	3,199	2,556	
Chile	35	33	30	13	1,418	642	580	192	782	218	366	534	292	
China	1,291	5,027	9,286	19,319	21,926	67,214	37,768	36,227	37,640	81,305	101,483	78,300	62,035	
Colombia	63	172	60	133	1,289	61	176	59	58	75	63	43	112	
Congo	0	82	27	305	174	344	408	63	392	232	464	821	1,189	
Cook Islands	0	4	0	0	0	0	0	0	0	0	0	0	0	
Costa Rica	2	84	23	130	296	53	21	7	368	217	11	6	21	
Côte d'Ivoire	0	0	140	612	174	0	0	0	474	63	0	280	216	
Croatia	623	460	511	566	1,460	1,286	2,642	2,369	1,905	2,238	4,694	3,576	22,543	
Cuba	61	69	49	0	8	286	0	0	0	0	0	0	0	
Cyprus	1,063	349	815	1,799	3,352	4,474	4,672	8,091	80,700	102,396	5,148	2,616	1,845	
Czech Republic	2,877	3,868	3,279	4,154	16,140	21,002	15,525	3,086	2,427	5,958	8,222	7,526	7,202	
Democratic Republic of the Congo	0	0	0	0	0	28	456	144	150	91	238	415	68	
Denmark	4,817	3,804	5,367	4,782	6,285	12,052	17,387	19,597	10,577	16,386	12,072	17,884	13,600	
Djibouti	1,484	2,033	1,844	1,904	1,507	1,975	1,638	1,878	3,297	3,636	6,637	6,552	5,613	
Dominica	185	0	32	39	0	87	0	0	0	0	0	50	0	
Dominican Republic	0	255	706	3,398	878	1,655	2,078	2,300	1,822	2,135	9,137	2,594	1,842	
Ecuador	71	48	74	773	39	12	17	46	25	103	39	63	6	
Egypt	3,804	5,930	3,782	5,041	6,857	10,414	5,935	4,413	3,284	790	1,999	27,918	12,091	
El Salvador	0	0	0	0	32	0	1	0	0	0	0	0	0	
Equatorial Guinea	0	0	0	0	0	15	11	0	0	0	0	0	22	
Eritrea	0	240	78	166	24	28	0	0	54	0	31	101	413	
Estonia	1,353	2,719	5,727	7,071	1,082	490	0	57	75	75	67	61	76	
Ethiopia	97	3	114	69	18	590	449	2	0	111	2	426	4	
Europe Othr. Nes	0	0	0	353	3,452	786	2,291	6,748	0	0	0	0	0	
Falkland Islands (Malvinas)	0	0	0	0	0	0	0	0	0	0	0	1	0	
Faroe Islands	0	0	0	0	0	0	0	0	0	0	0	0	0	
Fiji	128	2	0	0	2	0	0	0	0	0	0	1,573	217	
Finland	16,235	8,724	11,036	12,945	6,144	56,190	66,165	28,259	20,811	8,032	6,724	10,196	2,981	
France	182,716	277,610	319,430	408,077	352,111	412,153	374,597	348,322	262,158	294,558	338,585	379,477	244,358	
French Polynesia	0	0	0	0	0	0	1	0	0	0	0	0	0	
French South Antarctic Territories	0	0	0	0	2	18	1,469	0	0	0	1	0	0	
Gabon	0	0	0	153	306	296	224	208	94	146	110	245	78	
Gambia	0	380	343	446	643	315	366	124	71	692	290	1,706	1,849	
Georgia	21	0	3	0	0	290	0	173	0	15	18	3	7,727	
Germany	255,701	216,257	253,026	284,439	293,126	357,107	421,471	389,413	310,721	373,445	450,846	460,151	434,893	
Ghana	5,422	1,611	1,635	510	764	320	10,711	3,430	312	3,856	2,696	3,103	16,349	
Gibraltar	0	377	2	1	0	28	0	4,804	0	31	31	129	9,856	
Greece	678	1,900	1,794	1,859	5,098	3,584	3,099	4,242	2,057	49,092	247,283	15,836	84,482	
Greenland	0	0	0	0	0	0	0	0	0	0	0	4	0	
Guatemala	0	27	81	12	8	13	820	602	16	8	63	10	19	
Guinea	0	1	174	155	2,826	1,204	4,207	325	139	5,699	231	11,968	2,351	
Guinea-Bissau	0	111	382	411	667	975	1,370	884	32	0	17	528	751	
Guyana	109	77	128	58	47	0	0	21	0	3	573	71	6,296	
Haiti	9	0	0	333	2,042	0	0	0	0	118	0	446	969	
Honduras	0	68	33	8	5	0	0	0	0	0	0	0	1,156	
Hong Kong, China	35,054	49,100	60,993	78,562	70,929	112,985	183,149	197,613	148,353	213,292	399,006	434,052	272,591	
Hungary	18,280	15,833	37,218	33,965	30,721	27,776	17,936	10,232	14,221	14,018	12,243	6,478	4,697	
Iceland	227	779	683	4,411	3,753	5,630	2,484	4,097	4,309	4,676	2,186	1,700	4,186	
India	76	2,533	114	499	1,170	1,954	4,123	4,377	4,501	12,936	19,991	19,130	34,875	
Indonesia	38	0	301	211	35	1,535	221	228	1,652	1,394	2,125	18,484	13,186	
Iran (Islamic Republic of)	66	183	126	561	1,225	2,491	3,168	4,412	2,655	193	20	58	50	
Iraq	0	0	1,576	6,500	1,329	472	930	770	1,019	953	1,425	1,156	2,400	
Ireland	1,895	10,817	6,937	8,184	3,587	4,152	12,514	12,299	13,786	10,660	10,663	9,715	8,069	
Israel	1,941	1,497	8,012	9,782	9,227	5,720	10,593	6,087	3,300	3,655	5,088	21,838	3,183	
Italy	67,351	75,521	83,691	81,015	124,705	102,707	125,263	137,721	147,442	208,652	238,738	222,983	195,045	
Jamaica	433	498	190	20	196	87	55	165	81	47	24	4	30	
Japan	58,496	96,192	98,406	98,544	98,299	153,511	226,403	232,287	81,259	141,202	134,687	136,973	171,842	
Jordan	328	1,821	1,464	560	1,059	924	1,103	1,087	1,324	1,345	2,168	3,040	4,814	
Kazakhstan	0	0	0	25	0	12,444	1,325	1,330	549	88	105	123	86	
Kenya	146	282	113	390	282	206	393	368	397	1,668	597	590	1,026	
Kiribati	0	0	0	0	0	0	0	0	0	0	82	77	0	
Korea, Democratic People's Republic of	0	0	0	0	0	0	0	0	0	0	26	0	0	
Korea, Republic of	27,880	28,445	27,165	24,791	11,119	15,708	22,345	57,465	36,957	45,507	26,000	12,605	13,785	
Kuwait	887	1,555	4,262	2,332	2,455	2,944	3,280	2,746	2,732	3,938	2,777	2,378	2,978	
Kyrgyzstan	596	2,753	1,044	1,548	1,434	594	2,681	2,020	0	2,352	0	796	4,921	
Lao People's Democratic Republic	0	2	0	0	0	0	0	0	0	0	0	11	0	
Latvia	240	179	22	34	138	46	320	672	221	387	242	208	209	
Lebanon	763	1,220	1,305	533	564	605	682	974	835	752	888	1,445	1,158	
Lesotho	0	0	0	0	0	0	0	0	0	1,045	115	0	2,917	
Liberia	0	0	31	150	286	259	553	396	645	4,939	1,047	537	733	
Libya	48,558	74,310	58,754	93,409	103,762	79,333	82,620	89,157	112,695	101,866	57,426	158,446	158,274	
Lithuania	27	11	47	8	0	300	237	971	772	2,243	898	2,310	1,674	
Luxembourg	243	0	0	84	10	7	8	71	40	137	774	486	451	
Macao, China	0	459	2	314	59	0	0	5	0	0	1	103	339	
Macedonia, The Former Yugoslav Republic of	0	0	0	37	0	98	0	0	670	645	5	5	0	
Madagascar	3	439	265	2	127	74	19	85	66	0	27	19	24	
Malawi	0	0	478	4,351	1,939	2,242	0	149	6,457	1,104	0	2,579	2,127	
Malaysia	443	735	16,609	6,083	15,209	19,765	17,136	13,846	28,839	7,690	9,237	1,812	625	
Maldives	214	347	494	600	246	667	679	317	408	423	667	352	1,258	
Mali	0	0	56	309	1,304	677	765	944	1,009	1,693	2,074	1,963	2,025	
Marshall Islands	0	0	0	0	0	0	0	0	0	0	3	0	0	
Mauritania	6	134	798	140	30	219	691	630	1,022	445	714	980	733	
Mauritius	0	65	10	55	106	63	130	159	267	198	2,471	3,918	2,667	
Mayotte	0	0	0	0	0	0	0	0	0	0	0	0	0	
Mexico	870	1,052	941	1,763	3,525	4,844	7,268	6,971	6,210	9,398	9,033	10,761	16,082	
Mongolia	0	0	0	0	0	0	0	0	29	34	0	1	2,012	
Montenegro	0	0	0	0	0	0	1	172	217	92	0	0	18	
Montserrat	0	0	0	0	0	0	0	0	0	0	0	0	316	
Morocco	1,621	1,509	2,130	3,268	3,131	3,474	3,604	4,700	11,950	4,574	1,949	2,470	818	
Mozambique	59	0	2	0	0	0	1	4	0	1,852	1,401	440	997	
Myanmar	28	0	2	0	0	0	49	52	0	54	65	63	0	
Namibia	0	22	0	325	55	155	98	112	145	0	2	0	1	
Nauru	0	0	0	0	0	0	0	0	0	0	0	0	0	
Nepal	2	52	172	824	29	46	42	15	138	56	124	4,809	5,465	
Netherland Antilles	0	0	0	0	0	473	0	5	234	0	12	86	4	
Netherlands	28,115	23,809	18,089	21,581	21,722	25,482	17,242	31,331	28,317	29,136	36,136	125,907	38,536	
New Caledonia	0	0	34	0	0	0	3	0	0	0	0	0	0	
New Zealand	43	74	74	75	131	473	365	1,595	1,013	1,087	2,394	1,148	1,445	
Nicaragua	0	0	86	35	91	0	0	0	0	0	0	1,727	0	
Niger	6	40	0	194	242	320	536	390	237	543	530	534	861	
Nigeria	609	742	737	492	15,441	16,885	15,427	37,700	4,184	4,337	10,799	6,275	10,334	
Norway	1,758	2,948	5,364	3,365	2,923	3,991	5,388	8,225	3,666	7,557	7,308	4,630	3,981	
Oman	1,536	689	1,753	2,247	2,526	2,130	3,847	2,935	4,049	3,862	4,292	5,255	7,662	
Pakistan	48	225	86	198	501	972	369	483	499	86	546	420	59	
Palestine, State of	0	0	0	8	0	0	0	17	56	28	113	1,615	70	
Panama	21	485	37	291	0	0	40	0	0	88	89	86	580	
Papua New Guinea	0	4	0	0	0	0	0	0	98	0	0	58	36	
Paraguay	3	3	5	0	1,148	13	0	0	0	24	0	1	18	
Peru	0	16	0	208	179	35	57	194	71	27	23	4,222	59	
Philippines	959	314	774	11,453	4,693	532	605	939	1,825	1,876	7,427	6,221	35,344	
Pitcairn	0	0	0	0	0	0	0	0	0	0	0	0	0	
Poland	2,487	362	769	2,114	5,556	10,095	20,003	18,660	19,985	27,750	21,908	18,296	22,917	
Portugal	4,123	5,451	3,955	5,346	5,197	57,571	10,802	8,210	8,910	18,858	13,056	11,304	10,887	
Qatar	521	605	863	1,108	934	1,493	3,021	3,730	7,157	3,577	6,800	3,828	17,548	
Republic of Moldova	0	0	9	0	0	0	2	77	0	3	4	1,090	9	
Romania	75	52	329	199	1,924	3,627	3,203	968	3,697	10,540	10,870	23,340	37,479	
Russian Federation	75	89	39	912	1,494	2,289	2,020	2,834	2,948	983	1,317	45,825	46,683	
Rwanda	0	0	0	0	0	24	838	0	1,284	0	2,191	0	0	
Saint Helena	0	0	0	0	0	0	0	0	0	1,205	0	3	0	
Saint Kitts and Nevis	0	0	0	0	0	0	0	0	0	0	0	1	0	
Saint Lucia	0	0	0	0	0	334	0	0	0	0	0	0	0	
Saint Vincent and the Grenadines	0	0	23	0	31	0	0	0	0	5	0	7	0	
Sao Tome and Principe	0	0	0	0	0	0	91	72	32	137	0	0	0	
Saudi Arabia	7,926	9,886	8,637	7,965	10,473	10,022	15,263	22,549	21,081	19,830	18,259	22,288	26,141	
Senegal	0	750	2,240	3,068	3,106	2,447	2,289	1,879	2,658	3,240	3,447	3,187	3,460	
Serbia	0	0	0	0	0	2,009	474	550	616	1,245	1,012	1,555	5,897	
Serbia and Montenegro	5	117	4	0	20	0	0	0	0	0	0	0	0	
Seychelles	0	0	79	0	6	3	1	2,764	18	26	405	214	357	
Ship stores and bunkers	127,406	145,337	156,288	104,344	44,676	44,043	58,945	82,213	517,131	711,706	1,009,998	727,560	300,234	
Sierra Leone	168	88	360	669	293	180	276	157	51	2,258	285	6,190	2,361	
Singapore	230,834	351,479	414,275	381,492	280,115	353,325	421,191	404,697	282,966	301,667	286,418	316,775	368,969	
Slovakia	1,074	1,727	757	1,347	560	1,350	2,160	857	2,888	2,332	3,031	4,106	7,386	
Slovenia	570	0	1,476	2,196	525	459	23,965	1,020	2,454	6,948	3,464	931	12,722	
Solomon Islands	0	0	0	0	0	0	0	0	0	0	0	86	521	
Somalia	0	0	0	0	351	0	653	1,230	0	0	0	967	1,456	
South Africa	3,384	5,001	3,373	970	3,736	5,636	438	1,293	3,273	4,233	3,443	4,134	6,236	
Spain	10,297	14,861	17,337	19,765	15,486	19,861	19,763	23,999	25,131	27,736	48,702	62,072	44,535	
Special categories	0	0	0	0	0	0	0	0	2,565	640	448	74	152	
Sri Lanka	33	176	644	549	364	513	290	319	313	388	481	7,505	2,199	
Sudan (North + South)	781	867	700	382	105	4	229	5,344	1,698	1,451	7,416	2,764	2,318	
Suriname	0	3	7	145	97	14	10	0	0	0	123	80	124	
Swaziland	0	0	0	14	50	0	0	11	3	0	1,285	152	423	
Sweden	3,524	5,327	10,447	11,089	8,350	8,522	10,804	8,658	4,778	10,342	11,250	13,403	39,006	
Switzerland	132,384	3,561	3,977	5,206	10,386	9,662	10,964	13,616	14,135	21,045	35,645	29,503	26,932	
Syrian Arab Republic	102	4	81	90	139	5,533	325	86	847	72	3	25	25	
Taipei, Chinese	676	1,928	2,455	1,829	1,009	518	2,208	10,234	8,913	14,710	14,584	12,245	7,952	
Tajikistan	0	0	0	3	0	1	0	0	0	0	0	0	0	
Tanzania, United Republic of	0	45	46	200	133	232	1,621	390	79	8	141	6	0	
Thailand	2,866	1,177	1,516	2,633	3,353	2,969	14,036	16,632	16,463	14,164	1,353	3,061	1,920	
Togo	0	0	246	574	585	771	129	189	253	351	159	203	166	
Tokelau	0	0	0	31	0	0	0	0	0	0	0	0	0	
Trinidad and Tobago	368	263	197	782	130	164	223	64	15	7	22	154	90	
Tunisia	4,220	4,462	6,730	8,845	16,378	9,205	11,479	19,216	9,893	7,659	9,695	5,661	11,040	
Turkey	1,940	9,976	3,867	4,751	4,527	5,290	12,184	19,871	18,314	20,944	33,088	98,082	17,005	
Turkmenistan	0	0	0	3,569	8,636	2,906	13	5,555	5,515	0	0	3,365	0	
Turks and Caicos Islands	0	0	0	0	0	0	0	0	0	0	0	0	0	
Uganda	5	0	12	2	3	1	0	80	3,203	2,378	3,382	382	0	
Ukraine	83	115	92	226	95	282	350	854	111	437	463	485	161	
United Arab Emirates	10,437	11,388	12,457	10,582	17,939	12,410	14,045	16,927	20,321	17,823	70,836	17,148	19,901	
United Kingdom	169,358	259,632	289,707	301,884	268,243	268,986	306,403	242,392	138,026	169,594	205,533	160,163	141,159	
United States Minor Outlying Islands	0	0	0	0	717	0	22	0	8	0	24	0	11	
United States of America	387,784	272,849	356,706	411,691	327,387	347,587	340,594	269,212	211,803	257,990	220,304	227,003	207,270	
Uruguay	0	474	0	75	720	87	0	0	0	35	0	0	10	
Uzbekistan	0	0	0	0	0	0	0	0	0	0	0	0	0	
Vanuatu	0	0	0	0	0	0	0	88	0	0	0	0	0	
Venezuela	138	973	169	198	725	0	10,508	2,084	14,265	7,206	12,814	8,839	1	
Viet Nam	3	3	40	100	109	0	0	7	211	288	174	3,685	5,728	
Yemen	1,092	2,096	1,757	2,325	2,752	2,294	1,714	1,718	4,856	5,220	2,402	7,499	6,652	
Zambia	0	1,538	2,865	0	2,899	1,252	193	1,100	3,037	0	1	84	31	
Zimbabwe	0	11	8	0	0	0	0	0	0	0	1	0	0	
