List of importing markets for a product exported by Italy Product: TOTAL All products
"Importers"	"Exported value in 2001"	"Exported value in 2002"	"Exported value in 2003"	"Exported value in 2004"	"Exported value in 2005"	"Exported value in 2006"	"Exported value in 2007"	"Exported value in 2008"	"Exported value in 2009"	"Exported value in 2010"	"Exported value in 2011"	"Exported value in 2012"	"Exported value in 2013"	
World	244,252,016	254,215,604	299,465,736	353,543,123	372,957,146	417,152,997	500,203,413	541,786,283	406,984,269	447,280,280	523,824,902	501,854,124	517,658,861	
Afghanistan	1,332	7,328	19,757	24,702	26,697	16,204	26,868	23,986	49,667	33,871	37,876	30,225	37,159	
Africa not elsewhere specified	100,513	27,083	20,328	9,255	12,525	27,750	6,317	9,318	0	0	0	0	0	
Albania	418,183	515,084	625,090	723,931	758,167	844,293	1,113,515	1,366,320	1,149,606	1,276,543	1,591,308	1,626,047	1,617,368	
Algeria	924,030	1,170,680	1,320,352	1,533,491	1,662,250	1,948,012	2,518,692	4,402,728	3,573,264	3,807,659	4,186,324	4,851,336	5,656,307	
Andorra	24,386	24,578	36,204	41,036	47,272	43,781	41,715	42,624	28,559	25,091	26,326	18,258	19,261	
Angola	106,518	107,102	103,834	124,032	164,326	186,568	267,166	325,895	709,063	298,192	332,709	363,421	459,501	
Anguilla	1,273	983	900	1,044	749	3,402	5,183	1,667	42,865	771	803	1,886	45,887	
Antigua and Barbuda	3,075	2,665	4,130	7,343	9,903	10,236	65,755	25,504	5,997	4,843	5,645	4,746	6,615	
Area Nes	2,608,445	2,611,790	3,215,869	3,735,874	3,940,553	4,158,925	4,893,157	5,451,828	0	0	0	0	0	
Argentina	809,797	287,838	478,026	700,831	783,559	957,065	1,166,628	1,287,148	823,005	1,246,854	1,492,723	1,294,706	1,434,074	
Armenia	30,248	35,342	50,701	65,775	81,708	108,775	128,078	153,595	108,535	117,209	142,582	154,380	147,335	
Aruba	11,708	10,337	8,215	13,276	13,082	13,951	16,146	29,069	35,527	9,128	34,122	27,121	10,825	
Australia	1,760,867	2,102,732	2,590,903	3,140,543	3,108,391	3,176,864	3,791,028	4,208,395	3,299,858	3,558,609	4,157,591	4,756,728	4,975,951	
Austria	5,268,356	5,632,933	6,967,777	8,621,190	9,173,100	10,295,721	12,062,675	12,857,244	9,666,793	10,558,302	12,103,539	11,107,162	11,187,099	
Azerbaijan	38,243	54,017	120,157	156,285	124,185	189,655	238,845	409,861	285,740	275,919	483,381	514,816	684,998	
Bahamas	236,789	329,547	602,113	426,077	63,554	61,937	654,092	105,372	370,989	23,105	106,601	26,202	78,743	
Bahrain	97,542	107,476	128,529	148,666	172,533	238,448	249,619	317,029	215,610	179,536	219,673	243,878	207,480	
Bangladesh	155,315	105,464	125,223	164,808	179,125	204,862	251,227	243,885	237,658	332,901	431,137	301,560	339,697	
Barbados	8,017	16,862	23,031	12,543	8,907	10,776	50,742	12,876	10,195	27,393	8,243	11,714	8,691	
Belarus	134,698	174,619	207,376	229,114	288,343	348,556	454,786	686,151	501,368	517,475	642,680	593,098	701,611	
Belgium	7,303,436	7,720,543	7,983,661	8,689,007	9,839,991	11,762,842	14,453,305	14,261,734	10,999,976	11,329,377	13,233,401	13,133,587	14,920,824	
Belize	1,914	739	1,630	3,912	11,375	2,741	19,179	8,879	4,523	7,231	10,526	7,662	16,275	
Benin	49,802	64,447	51,826	40,713	45,737	35,168	41,816	78,221	57,172	59,524	96,564	61,783	86,574	
Bermuda	480,180	479,893	10,094	47,306	72,264	506,302	516,859	1,209,616	11,996	12,298	8,612	7,896	7,554	
Bhutan	725	366	1,059	457	2,030	294	736	1,521	2,355	2,454	5,098	2,466	2,035	
Bolivia	23,096	22,724	19,538	21,386	21,716	23,755	30,436	41,549	49,509	58,942	85,396	95,985	129,952	
Bosnia and Herzegovina	347,333	384,297	436,581	502,852	579,388	542,096	704,590	931,441	717,290	727,995	814,195	741,404	762,664	
Botswana	10,455	3,891	3,462	5,806	2,836	3,666	8,404	9,236	5,224	6,270	10,740	8,767	5,775	
Brazil	2,319,295	1,869,571	1,799,996	2,213,417	2,502,034	2,776,740	3,487,950	4,859,180	3,757,412	5,086,649	6,622,220	6,374,582	6,711,171	
British Indian Ocean Territories	147	25	53	422	89	529	0	0	408	0	63	0	0	
British Virgin Islands	123,613	128,591	103,163	152,070	175,248	142,281	239,407	149,634	238,485	150,888	603,264	286,925	273,295	
Brunei Darussalam	13,503	7,656	44,011	11,650	10,840	25,772	9,977	17,535	21,189	10,787	20,247	50,330	40,349	
Bulgaria	676,994	804,352	1,049,029	1,305,193	1,527,854	1,961,115	2,439,770	2,814,645	1,707,839	1,871,358	2,225,655	2,082,860	2,483,906	
Burkina Faso	16,188	20,183	24,484	34,222	28,047	28,562	35,435	29,527	22,786	25,204	48,283	43,831	43,736	
Burundi	3,049	4,189	3,908	11,473	19,344	41,664	6,151	6,364	5,716	10,414	8,197	5,582	6,255	
Cabo Verde	14,218	10,417	10,536	17,380	35,819	31,479	35,900	34,172	30,918	16,363	50,389	13,633	10,761	
Cambodia	12,218	10,054	8,596	12,356	9,690	14,433	20,902	15,756	19,462	20,869	34,250	53,347	37,896	
Cameroon	75,117	84,358	91,769	82,271	80,387	76,712	121,151	119,434	99,788	109,935	223,701	140,372	149,181	
Canada	2,300,641	2,319,217	2,724,539	3,000,520	3,014,193	3,371,509	3,747,035	3,808,892	2,876,459	3,136,481	3,754,225	3,701,827	4,015,172	
Cayman Islands	91,804	75,684	123,436	192,027	262,295	242,263	223,816	276,793	168,715	127,386	329,605	136,867	190,737	
Central African Republic	2,317	1,898	1,880	2,375	1,538	3,542	2,447	2,850	5,998	6,331	3,476	2,303	1,742	
Chad	6,961	7,988	7,778	6,523	6,547	6,091	11,344	24,739	53,942	28,465	24,239	33,692	34,333	
Chile	371,589	325,187	369,264	421,365	504,332	578,922	705,976	775,572	695,971	845,027	1,220,157	1,154,654	1,175,045	
China	2,901,083	3,751,879	4,299,700	5,450,971	5,658,290	7,070,767	8,585,845	9,410,933	9,220,583	11,358,590	13,885,126	11,525,175	13,032,793	
Christmas Islands	0	16	11	12	12	279	54	51	0	0	0	0	475	
Cocos (Keeling) Islands	0	136	0	10	7	50	0	5	0	0	0	26	12	
Colombia	269,089	254,455	266,100	283,133	311,342	388,518	486,127	585,836	428,375	559,948	861,333	810,764	804,711	
Comoros	862	1,132	1,268	5,248	4,486	5,390	1,392	10,969	823	1,803	1,628	1,779	2,232	
Congo	102,820	86,072	73,002	83,856	95,459	101,649	337,379	169,734	293,066	242,898	294,850	189,535	255,468	
Cook Islands	0	114	555	60	540	66	69	148	10,337	67	132	50	13,946	
Costa Rica	84,693	92,949	109,837	86,614	89,176	99,341	134,070	134,572	95,847	109,925	146,558	126,930	157,162	
Côte d'Ivoire	113,526	113,778	112,237	120,735	137,635	108,413	136,070	146,748	122,889	153,040	141,989	163,292	164,313	
Croatia	1,508,710	1,938,560	2,402,314	2,738,192	2,888,045	3,397,475	3,836,211	4,584,615	3,137,397	2,745,398	3,161,493	2,538,765	2,664,934	
Cuba	250,260	234,632	262,851	223,286	246,421	353,450	309,442	432,603	257,238	244,250	317,459	317,109	355,395	
Cyprus	341,476	364,920	494,942	801,410	895,086	1,039,616	1,164,708	1,616,778	1,035,606	1,024,434	933,109	725,922	554,208	
Czech Republic	1,895,135	2,022,303	2,817,681	3,360,556	3,583,478	4,135,964	5,298,971	5,881,538	4,126,648	4,661,780	5,720,706	5,335,251	5,540,687	
Democratic Republic of the Congo	14,979	19,244	26,329	24,368	33,253	49,207	72,608	91,492	123,503	62,121	108,186	77,375	85,582	
Denmark	1,928,202	1,962,104	2,217,901	2,660,071	3,250,348	3,313,991	3,932,721	3,965,619	2,572,535	2,755,820	3,248,408	3,135,347	3,160,556	
Djibouti	21,404	16,211	16,180	16,309	17,472	26,291	26,118	26,754	22,126	19,613	23,732	17,685	21,995	
Dominica	1,991	1,191	789	1,879	1,740	3,273	2,296	2,605	982	1,470	1,030	523	825	
Dominican Republic	130,468	134,898	105,178	160,633	150,206	161,773	185,403	202,553	187,800	183,099	205,691	314,525	225,158	
Ecuador	113,298	138,725	107,971	110,989	118,575	146,862	201,408	212,866	191,279	255,262	284,875	261,945	278,920	
Egypt	1,314,715	1,113,045	1,333,877	1,654,189	1,699,861	1,911,706	2,924,713	4,248,066	3,609,278	3,867,644	3,608,580	3,646,549	3,745,107	
El Salvador	44,392	37,746	51,505	34,851	41,006	63,656	48,870	61,030	53,480	46,274	46,068	38,933	50,525	
Equatorial Guinea	23,492	16,476	56,566	34,393	212,464	71,893	79,915	86,550	87,908	127,547	148,673	124,442	139,180	
Eritrea	38,664	49,628	41,847	48,124	81,921	38,225	36,289	37,505	39,540	25,089	34,748	53,169	36,270	
Estonia	147,411	204,994	191,374	229,936	280,166	427,190	537,333	532,731	283,595	391,286	524,154	522,354	537,132	
Ethiopia	104,797	92,688	97,087	111,405	182,317	193,696	246,071	268,175	212,849	194,973	282,427	338,101	362,470	
Falkland Islands (Malvinas)	4,979	7,586	1,660	154	75	77	46	22	195	19	132	7	5	
Faroe Islands	711	1,299	1,507	6,415	1,420	10,441	2,379	17,406	1,150	1,963	1,123	1,954	1,290	
Fiji	1,517	2,558	2,380	2,922	7,469	4,211	4,784	5,627	9,458	4,054	2,799	4,168	5,183	
Finland	1,164,087	1,341,889	1,479,869	1,784,381	1,918,085	2,015,990	2,707,489	2,500,172	1,658,213	1,890,058	2,149,821	2,000,143	1,844,680	
France	29,892,148	30,961,568	37,036,167	43,461,580	45,521,830	48,841,489	57,201,160	60,474,823	46,924,618	51,821,273	60,288,187	55,248,301	55,673,363	
French Polynesia	23,192	23,734	29,490	28,943	32,113	29,678	28,980	50,270	25,717	24,054	25,937	22,560	35,299	
French South Antarctic Territories	0	0	0	3	5	18	0	70	0	72	261	280	236	
Gabon	27,776	34,960	32,704	41,937	44,645	54,189	58,690	78,404	69,152	86,825	127,715	134,590	129,085	
Gambia	9,460	10,777	12,698	8,025	6,994	7,706	4,561	8,689	6,962	5,420	12,174	5,383	9,872	
Georgia	39,880	50,612	62,653	61,965	95,697	161,662	186,795	221,897	122,232	149,603	189,428	283,765	215,133	
Germany	35,665,702	34,988,873	41,856,583	47,903,819	48,804,634	54,863,954	64,445,510	68,826,032	51,201,506	57,946,234	68,337,825	62,516,490	64,008,866	
Ghana	96,055	177,909	128,407	152,095	161,411	190,877	226,988	298,871	189,415	215,238	272,995	267,967	317,781	
Gibraltar	80,223	130,734	112,426	218,763	416,092	973,483	628,652	814,632	647,566	896,706	1,485,064	1,444,372	1,481,274	
Greece	4,788,580	5,353,032	6,552,646	8,004,502	7,450,120	8,537,897	10,613,309	11,469,884	8,530,074	7,243,096	6,644,274	5,387,482	4,930,157	
Greenland	359	101	195	100	47	109	861	199	264	6,793	342	1,100	262	
Grenada	813	1,428	788	6,015	6,475	6,884	14,729	2,710	825	858	752	717	1,186	
Guatemala	88,765	86,878	91,565	99,775	103,601	121,188	165,675	104,876	80,954	86,525	112,498	116,962	124,060	
Guinea	26,779	68,114	52,866	43,612	81,029	32,738	20,914	49,057	38,107	37,865	42,887	55,297	57,070	
Guinea-Bissau	2,090	3,188	11,467	5,625	47,285	23,473	4,530	4,669	3,945	4,784	3,176	2,792	1,533	
Guyana	4,379	32,646	59,749	3,274	3,381	7,487	8,768	12,045	8,913	18,742	10,316	5,445	7,105	
Haiti	6,206	7,098	7,241	5,271	14,038	12,204	16,153	18,643	10,438	27,831	33,960	19,438	17,697	
Honduras	19,287	20,036	28,411	28,156	27,496	48,780	72,307	47,838	30,431	53,884	52,440	44,765	47,585	
Hong Kong, China	2,921,175	2,911,421	3,046,772	3,657,529	3,743,716	4,005,059	4,522,880	4,739,178	3,770,316	4,767,422	5,808,045	5,739,463	6,297,251	
Hungary	2,660,015	2,563,203	3,249,667	3,464,582	3,618,390	4,194,421	5,086,459	5,314,359	3,439,803	4,058,546	4,866,189	4,372,175	4,726,911	
Iceland	53,597	49,883	100,308	102,436	128,170	149,390	169,612	136,002	72,902	84,847	117,515	98,131	125,254	
India	874,978	958,237	1,196,952	1,540,763	2,043,745	2,681,475	4,046,076	4,476,676	3,772,781	4,239,805	4,932,744	4,157,383	3,861,989	
Indonesia	442,477	450,109	438,068	578,550	590,472	728,588	756,911	899,473	690,062	827,923	1,092,334	1,572,100	1,487,951	
Iran (Islamic Republic of)	1,040,981	1,690,850	2,202,078	2,671,969	2,794,886	2,280,570	2,528,372	3,103,647	2,813,156	2,714,219	2,584,379	1,800,096	1,392,217	
Iraq	324,319	316,980	162,585	249,918	362,273	163,366	130,587	306,773	694,678	588,316	681,385	812,967	1,688,661	
Ireland	1,423,446	1,374,269	1,561,682	1,698,283	1,780,017	2,145,470	2,353,432	2,054,164	1,264,356	1,196,306	1,276,641	1,231,160	1,264,755	
Israel	1,607,687	1,442,393	1,360,938	1,656,070	1,911,153	2,041,822	2,441,910	2,702,668	2,249,446	2,631,073	3,209,053	2,645,947	2,813,544	
Italy	5,832	7,792	13,289	11,762	14,332	15,384	13,748	16,679	9,626	89,017	134,403	143,730	118,885	
Jamaica	14,210	21,130	13,473	13,411	14,333	19,783	33,340	21,083	20,831	12,454	62,218	20,482	15,234	
Japan	4,173,389	4,219,042	4,876,374	5,353,401	5,611,383	5,594,897	5,886,369	6,179,898	5,145,763	5,283,777	6,555,006	7,210,358	7,974,588	
Jordan	242,225	243,661	331,462	398,265	404,192	466,307	547,563	627,517	557,220	554,308	876,760	857,025	940,584	
Kazakhstan	238,008	188,065	231,404	414,541	508,133	791,412	789,434	980,468	1,644,178	1,419,601	1,212,812	1,018,445	972,004	
Kenya	67,687	63,869	81,635	116,435	111,228	182,988	198,978	297,989	186,371	200,964	175,714	198,569	240,911	
Kiribati	383	68	112	0	0	310	0	0	0	3	11	0	2	
Korea, Democratic People's Republic of	9,608	14,985	27,763	10,812	11,954	11,833	9,557	34,955	39,435	42,700	24,930	7,193	1,241	
Korea, Republic of	1,809,084	2,037,119	2,284,537	2,284,808	2,518,779	2,750,464	3,435,476	3,778,345	2,999,773	3,291,395	4,031,599	4,408,394	5,013,860	
Kuwait	386,397	417,515	501,647	584,938	522,145	684,126	1,120,622	1,042,446	828,812	927,460	800,344	1,068,905	1,051,984	
Kyrgyzstan	3,282	5,989	8,027	6,786	12,639	7,623	11,172	21,353	10,549	11,837	23,174	18,797	23,217	
Lao People's Democratic Republic	1,515	1,182	1,464	1,806	1,381	925	1,713	6,075	15,900	14,935	12,761	11,351	8,889	
Latvia	195,022	217,522	305,833	285,503	313,330	423,805	584,680	529,175	291,982	398,263	521,307	560,567	582,962	
Lebanon	650,216	642,567	743,216	948,534	975,632	974,186	1,002,841	1,138,114	1,063,897	1,376,065	1,846,948	1,600,482	1,717,832	
Lesotho	985	1,353	306	5,948	2,317	387	235	399	464	45	78	412	1,219	
Liberia	58,103	68,628	33,447	41,968	62,976	71,293	108,564	290,917	225,175	77,648	50,524	35,739	16,163	
Libya	1,156,467	1,241,971	1,545,989	1,864,779	1,694,518	1,760,682	2,223,189	3,876,065	3,403,895	3,580,708	823,856	3,058,977	3,783,256	
Lithuania	329,834	407,124	560,708	494,485	481,113	730,111	992,914	1,103,443	630,442	769,870	1,024,186	1,028,971	1,090,970	
Luxembourg	480,820	393,282	473,215	790,706	675,356	733,187	813,078	679,722	602,018	669,859	725,313	643,168	640,667	
Macao, China	21,331	15,569	18,448	19,114	15,537	17,450	21,485	64,250	75,016	40,548	78,350	100,326	141,101	
Macedonia, The Former Yugoslav Republic of	155,115	114,190	126,594	169,893	192,077	205,153	256,430	326,511	281,486	267,364	316,127	282,440	280,552	
Madagascar	29,806	13,097	27,656	26,346	25,375	24,865	33,711	31,704	27,961	26,379	32,420	30,574	30,805	
Malawi	2,332	3,416	3,047	7,094	5,763	6,420	7,624	10,338	6,519	8,912	14,143	11,871	12,006	
Malaysia	988,829	852,589	985,709	1,109,377	966,140	918,029	989,115	1,031,987	1,006,220	1,066,768	1,161,053	1,293,698	1,399,483	
Maldives	5,302	5,506	6,942	13,422	12,701	13,461	21,777	18,395	11,844	16,970	27,504	16,271	29,054	
Mali	20,104	19,608	21,402	19,383	24,739	25,891	30,306	25,840	50,875	53,813	44,373	36,485	30,955	
Malta	729,774	829,015	952,814	888,983	836,211	1,108,525	1,201,912	1,801,757	1,472,540	1,491,492	2,025,946	2,210,094	2,048,938	
Marshall Islands	10,447	3,169	38,933	74,548	62,118	27,189	169,654	252,981	124,392	54,108	53,214	501	94,468	
Mauritania	34,937	32,379	33,102	32,826	26,823	80,833	29,581	41,227	32,130	22,529	46,686	72,283	69,893	
Mauritius	59,558	64,978	67,255	81,214	86,717	79,384	97,812	98,272	68,931	94,652	114,593	91,339	102,279	
Mayotte	1,446	1,458	2,891	3,669	3,578	3,366	4,098	14,833	6,594	5,324	5,339	4,882	8,916	
Mexico	1,753,037	1,810,567	2,033,858	2,228,808	2,617,283	3,166,704	4,664,683	4,080,112	2,401,151	3,305,894	4,454,184	4,770,777	4,314,993	
Micronesia (Federated States of)	326	102	179	28	147	19	11	77	3	11	188	16	88	
Mongolia	5,054	3,290	4,146	10,352	6,075	7,870	22,702	31,285	13,387	19,014	34,634	41,155	49,659	
Montenegro	0	0	0	0	0	177,321	206,384	299,877	167,850	142,155	154,222	144,983	173,852	
Montserrat	390	1,866	3,347	2,582	987	95	222	309	193	108	634	368	1,110	
Morocco	725,302	766,534	989,467	1,151,956	1,231,140	1,417,675	1,960,122	2,457,815	1,901,730	1,882,008	2,045,746	1,743,439	2,018,911	
Mozambique	15,628	17,701	25,759	26,217	23,829	29,718	43,799	35,072	53,686	63,520	69,883	47,205	58,441	
Myanmar	10,769	3,174	5,494	10,986	5,288	16,657	97,608	6,038	9,474	21,153	19,539	30,498	74,273	
Namibia	8,378	7,549	9,168	22,537	17,742	8,874	9,849	30,703	14,295	9,873	55,129	66,287	77,820	
Nauru	0	123	13	0	5	2	9	0	20	48	27	0	69	
Nepal	4,745	2,889	6,835	4,193	3,912	4,409	6,127	7,288	7,061	8,032	9,651	10,667	14,877	
Netherland Antilles	173,015	116,869	79,062	77,020	264,112	545,186	123,750	462,510	48,480	69,261	37,436	27,791	0	
Netherlands	6,464,823	6,529,283	7,177,077	8,277,853	8,972,411	9,968,510	11,799,616	12,657,332	9,870,983	11,034,980	12,609,547	11,854,728	11,978,804	
New Caledonia	16,986	17,533	39,591	29,327	32,352	41,839	54,519	86,357	50,164	77,384	55,910	55,903	52,889	
New Zealand	243,118	299,900	356,255	432,803	484,893	417,174	532,996	551,010	318,900	372,642	522,679	480,033	522,420	
Nicaragua	8,007	8,197	8,403	6,429	9,845	9,605	9,037	14,349	13,863	15,363	36,938	22,586	24,928	
Niger	9,264	11,408	14,097	51,069	50,746	25,860	24,453	25,922	24,045	37,119	33,509	30,414	32,788	
Nigeria	492,424	521,332	729,551	737,882	703,759	966,976	1,117,927	1,138,829	1,203,109	1,053,264	1,135,016	1,095,078	1,112,548	
Niue	0	32	5	3	5	0	0	0	0	0	0	57	29	
Norfolk Island	1	221	156	64	36	62	160	0	25	6	3	0	92	
Northern Mariana Islands	2,343	5,610	5,169	8,098	7,922	4,115	1,705	1,450	1,232	1,344	1,668	1,637	2,563	
Norway	953,099	1,087,495	1,241,406	1,400,595	1,445,195	1,708,295	2,104,959	2,553,091	1,732,265	1,697,263	1,827,289	1,968,746	2,062,746	
Oman	115,349	185,366	205,112	425,871	171,834	244,387	405,451	580,944	411,185	335,448	430,187	583,267	569,870	
Pakistan	261,610	282,453	327,773	464,069	563,078	668,980	702,744	793,145	833,807	690,475	506,926	514,427	559,137	
Palau	105	4	0	0	0	23	3	0	0	0	40	6	67	
Palestine, State of	2,941	6,849	2,229	2,706	2,173	2,289	2,944	5,227	5,870	7,926	7,424	4,983	10,436	
Panama	317,540	630,394	607,576	808,610	610,147	246,359	892,216	324,235	944,623	305,888	423,753	354,435	475,144	
Papua New Guinea	1,139	1,837	1,358	1,493	1,644	1,644	2,734	5,232	6,514	21,999	120,272	297,347	45,829	
Paraguay	49,684	44,521	32,163	33,998	39,049	41,058	47,506	64,755	55,468	79,161	106,168	90,084	97,855	
Peru	121,774	155,826	156,545	151,751	180,097	244,542	314,063	623,592	306,006	394,653	537,095	622,317	604,306	
Philippines	224,857	246,806	270,301	312,620	283,459	266,420	318,610	392,661	309,001	338,433	473,989	479,468	561,708	
Pitcairn	44	102	3	54	23	0	14	2	16	0	7	49	0	
Poland	3,775,119	4,019,204	5,164,462	6,355,645	6,928,775	8,877,930	12,154,716	14,214,666	10,935,315	11,224,997	12,964,501	11,738,295	12,320,114	
Portugal	3,243,818	3,171,793	3,704,522	4,214,212	4,096,684	4,668,126	4,842,540	5,239,754	5,363,750	4,552,384	4,577,692	3,857,512	3,981,345	
Qatar	313,387	242,749	288,939	397,566	622,620	1,269,479	2,222,082	2,239,248	1,679,983	1,240,543	1,064,645	1,310,181	1,420,115	
Republic of Moldova	76,341	93,068	109,654	137,934	152,493	192,402	239,475	289,566	195,348	219,830	285,837	273,096	284,127	
Romania	2,997,284	3,405,286	4,365,771	5,307,835	5,789,291	6,920,412	8,185,789	9,096,928	5,850,999	6,838,809	8,512,803	7,579,594	7,851,059	
Russian Federation	3,156,033	3,577,735	4,335,263	6,146,087	7,536,237	9,554,182	13,077,923	15,332,105	8,942,240	10,446,553	12,948,689	12,791,308	14,305,245	
Rwanda	3,543	2,946	2,958	5,009	3,690	9,717	5,696	11,124	10,653	29,189	8,289	16,704	21,389	
Saint Helena	6,692	4,799	2,753	87	88	87	296	43	4	33	503	0	139	
Saint Kitts and Nevis	399	406	33,312	3,486	519	1,193	731	971	1,022	15,306	664	27,784	13,772	
Saint Lucia	1,527	1,761	1,550	1,672	20,577	63,802	9,446	5,012	18,418	4,065	5,644	4,001	3,102	
Saint Vincent and the Grenadines	8,972	4,275	24,835	50,656	77,711	57,009	71,486	46,314	51,262	15,195	17,486	9,036	24,687	
Samoa	1,282	787	165	175	332	200	1,258	3,317	213	978	453	201	398	
Sao Tome and Principe	181	410	3,197	230	184	165	312	1,010	280	235	806	1,089	708	
Saudi Arabia	1,584,846	1,729,870	1,799,616	1,819,660	2,226,333	3,040,986	4,147,695	4,861,991	3,386,505	3,526,327	5,187,112	5,134,299	5,897,395	
Senegal	82,244	114,180	110,091	98,189	131,741	131,434	138,624	213,391	137,183	143,355	170,290	200,129	235,261	
Serbia	0	0	0	0	0	1,219,978	1,684,691	1,874,682	1,411,429	1,334,367	1,702,905	1,685,663	2,195,132	
Serbia and Montenegro	652,736	734,638	867,512	1,136,382	1,153,966	0	0	0	0	0	0	0	0	
Seychelles	26,513	32,082	40,881	33,502	39,640	36,263	29,606	27,638	28,079	43,457	30,176	27,733	47,215	
Ship stores and bunkers	366,385	300,525	405,079	484,969	548,979	532,045	907,662	2,549,341	1,215,074	1,313,632	2,255,345	2,349,045	2,126,547	
Sierra Leone	19,712	19,167	19,000	17,198	7,882	16,031	10,979	19,628	6,778	11,470	18,547	16,636	13,285	
Singapore	1,524,950	1,339,503	1,579,453	1,954,921	1,872,307	2,083,417	2,346,327	2,505,716	2,083,067	1,823,785	2,436,770	2,393,875	2,524,475	
Slovakia	808,446	951,074	1,180,720	1,356,184	1,607,993	2,025,399	2,628,518	2,979,609	2,227,456	2,669,747	3,314,935	3,010,499	3,023,264	
Slovenia	2,000,982	2,070,377	2,625,032	3,072,521	3,351,999	3,946,334	5,202,956	5,824,805	3,980,172	4,732,466	5,532,532	5,325,611	4,698,604	
Solomon Islands	19	61	946	514	997	2,626	213	357	247	519	322	583	507	
Somalia	3,906	7,510	4,654	5,761	2,343	3,223	2,730	2,414	3,222	6,905	14,260	6,836	14,934	
South Africa	949,342	940,080	1,074,757	1,397,027	1,586,343	1,950,726	2,071,991	2,071,909	1,462,002	1,753,695	2,361,556	2,243,986	2,499,428	
Spain	14,999,175	16,238,014	21,200,007	25,438,128	27,658,817	30,443,504	37,242,994	35,144,332	23,101,133	25,796,668	27,481,726	23,370,364	22,552,099	
Special categories	0	0	0	0	0	0	0	2,505	4,560,324	5,218,046	6,287,024	6,428,527	6,651,221	
Sri Lanka	70,416	91,224	128,449	151,451	154,117	186,578	202,400	238,109	190,237	209,873	305,448	264,483	274,074	
St. Pierre and Miquelon	405	154	5,203	3,171	1,784	672	137	52	162	51	230	579	207	
Sudan (North + South)	45,189	69,246	83,199	143,202	265,282	227,985	232,814	376,872	225,216	206,467	192,844	205,725	180,492	
Suriname	2,724	3,561	8,605	4,222	7,875	7,417	35,990	8,164	11,349	8,813	10,244	44,469	190,352	
Swaziland	1,666	4,165	3,500	3,645	4,382	4,369	5,716	4,542	3,291	1,513	915	3,515	2,794	
Sweden	2,259,953	2,444,535	3,016,379	3,520,793	3,805,154	4,560,633	5,500,414	5,820,944	3,791,290	4,501,269	5,394,655	4,833,340	5,036,279	
Switzerland	8,794,855	8,865,545	11,303,228	14,628,135	14,503,189	15,858,241	18,236,638	21,202,731	18,919,688	20,961,528	28,744,071	29,460,355	27,086,726	
Syrian Arab Republic	484,864	509,111	525,301	675,433	831,780	814,291	1,268,019	1,509,282	1,000,554	1,547,854	1,262,482	311,913	166,730	
Taipei, Chinese	965,018	973,296	1,060,035	1,157,478	1,202,808	1,361,217	1,261,974	1,275,435	1,144,063	1,328,718	1,564,130	1,238,666	1,337,173	
Tajikistan	6,113	4,183	7,268	9,092	21,563	15,897	12,718	23,286	10,661	18,190	26,690	17,084	18,710	
Tanzania, United Republic of	45,816	39,340	50,262	54,646	71,936	128,510	102,850	114,695	108,181	75,716	113,571	101,221	90,064	
Thailand	580,962	609,330	702,217	913,603	908,116	985,657	1,105,580	1,425,773	1,121,104	1,234,362	1,634,896	1,857,139	1,926,754	
Timor-Leste	0	1,392	500	52	223	332	1,365	639	361	1,012	56,122	73,843	691	
Togo	44,366	42,667	58,386	51,779	69,245	53,549	84,197	55,889	100,630	41,232	73,500	91,401	48,832	
Tokelau	0	32	679	669	314	486	679	509	99	537	758	2,427	2,978	
Tonga	62	528	224	161	204	388	78	258	72	130	176	47	219	
Trinidad and Tobago	119,730	47,609	83,202	257,707	82,605	83,077	133,257	183,120	78,019	82,989	95,015	68,577	111,835	
Tunisia	1,869,009	1,902,249	2,217,427	2,582,201	3,010,476	3,233,103	3,967,370	4,324,340	3,548,728	4,521,287	4,240,177	4,050,215	4,266,246	
Turkey	3,421,816	3,745,566	5,223,698	6,923,192	7,497,700	8,327,876	9,709,348	10,860,800	7,835,758	10,492,616	13,295,341	13,408,567	13,234,881	
Turkmenistan	14,457	15,898	56,594	74,910	24,693	31,270	19,977	35,497	168,206	93,855	318,123	211,543	180,531	
Turks and Caicos Islands	319	11,336	10,348	13,774	16,025	29,846	9,853	2,497	871	714	912	928	3,110	
Tuvalu	286	137	240	88	59	13	15	8	9	0	250	78	157	
Uganda	11,137	12,024	18,849	18,199	21,750	27,322	46,959	66,374	55,579	52,216	47,201	57,615	51,415	
Ukraine	627,727	717,437	974,264	1,358,963	1,585,815	2,089,194	2,692,821	3,455,716	1,647,669	1,669,460	2,341,143	2,264,646	2,480,748	
United Arab Emirates	1,679,290	1,703,652	2,139,756	2,618,789	3,187,995	4,139,323	6,056,288	7,730,365	5,192,243	4,845,450	6,524,034	7,000,193	6,844,033	
United Kingdom	16,438,945	17,654,654	21,023,867	24,914,773	24,393,365	25,212,708	28,975,331	28,184,195	20,727,565	23,100,154	24,187,733	24,112,988	25,757,030	
United States Minor Outlying Islands	1	12,016	15,177	18,375	18,186	15,167	13,786	13,188	15,056	11,932	12,138	11,498	13,231	
United States of America	23,402,907	24,305,001	24,779,046	27,687,326	29,666,491	30,751,496	33,123,152	33,656,532	23,778,168	26,745,925	31,692,488	34,124,854	35,755,942	
Uruguay	147,841	81,884	77,597	104,742	105,674	121,009	120,153	139,907	121,108	187,235	188,060	182,374	228,150	
Uzbekistan	41,467	64,005	43,892	68,743	62,619	40,541	66,646	107,134	142,085	133,391	160,498	139,953	121,387	
Vanuatu	387	476	853	482	907	864	511	661	274	764	441	538	623	
Venezuela	723,353	590,035	286,072	523,965	605,293	838,768	1,043,228	1,079,409	887,397	807,426	944,257	1,395,663	946,005	
Viet Nam	250,426	281,329	366,819	350,521	270,225	375,341	695,887	653,915	673,890	770,550	768,783	642,123	888,782	
Wallis and Futuna Islands	117	214	298	124	53	16	147	261	49	146	99	113	53	
Yemen	89,483	97,069	97,139	115,459	127,597	118,442	218,875	178,330	158,911	164,493	75,240	101,182	194,136	
Zambia	3,784	5,839	4,194	5,461	11,741	25,291	19,120	19,088	11,817	17,189	35,603	33,719	37,303	
Zimbabwe	12,437	11,903	10,614	14,342	10,060	8,806	10,056	19,392	7,764	22,146	24,629	30,298	52,305	
