List of importing markets for a product exported by Lebanon (Mirror) Product: TOTAL All products
"Importers"	"Exported value in 2001"	"Exported value in 2002"	"Exported value in 2003"	"Exported value in 2004"	"Exported value in 2005"	"Exported value in 2006"	"Exported value in 2007"	"Exported value in 2008"	"Exported value in 2009"	"Exported value in 2010"	"Exported value in 2011"	"Exported value in 2012"	"Exported value in 2013"	
Total	856,986	952,591	1,140,003	1,444,083	1,635,223	1,905,392	2,622,999	3,162,741	1,977,173	2,380,072	3,218,849	2,476,532	2,038,361	
Afghanistan								47	744	1,280	2,229	0		
Albania	48	5,063	9,631	35	1,529	128	3,253	3,063	1,794	97	295	110	54	
Algeria	17,438	26,296	25,190	33,643	26,164	23,522	25,447	74,015	95,657	42,670	67,349	69,452	108,299	
Andorra	0	36	0	0										
Anguilla	0	0	9											
Antigua and Barbuda					15		24		9	21	4	0	0	
Argentina	148	1	86	157	136	200	293	417	2,335	594	741	533	2,681	
Armenia	5,956	1,500	5,954	9,021	9,772	5,818	8,263	7,872	4,177	4,196	3,193	2,637	1,728	
Aruba					46				0	0	0	0		
Australia	2,808	4,169	6,925	6,254	8,398	8,705	11,865	10,647	10,715	12,563	12,109	11,710	12,745	
Austria	1,427	1,428	1,098	1,042	1,571	3,095	2,428	2,472	1,507	875	1,534	1,947	2,745	
Azerbaijan	46	9	276	117	28	85	200	5,692	37	383	845	269		
Bahamas	0	0	0	0	0	0	0	0	0	0	0	34		
Bahrain	16,491	19,153	12,354	7,781	9,660	8,720	9,598	15,960	13,280	13,145	14,020			
Bangladesh	1,843	3	27	23	3,315	8,041	6,969							
Barbados	63	33	64	1,606	28	11	80	393	137	26	0	0	1	
Belarus	122	262	66	74	102	589	1,156	3,499	854	1,235	2,140	1,737	2,584	
Belgium	30,509	33,688	33,931	28,114	33,894	35,506	49,902	80,912	93,337	102,934	139,901	118,888	80,457	
Belize	1	4	0	0	0	0	0	0	0	0	0	13	0	
Benin	312	219	401	1,129	2,362	2,120	3,879	4,530	4,140	3,504	3,643	3,142	5,152	
Bhutan					0	0	0	0	0	10	0			
Bolivia	0	0	0	4	1	0	3	3	4	22	1	46		
Bosnia and Herzegovina			31	300	155	26	127	93	1	107	118	221	58	
Botswana	0	2	1	60	3	24	340	35	44	42	8	49	81	
Brazil	1,467	5,182	6,858	10,196	5,501	6,730	14,884	53,477	1,402	1,659	2,019	11,929	26,311	
Brunei Darussalam	0	127	8	251		185				139	160	160	237	
Bulgaria	281	561	564	734	395	356	1,134	16,806	8,272	9,414	8,773	12,217	18,252	
Burkina Faso	438	490	838	1,632	983		3,544	1,599	2,063	6,025	3,614	2,459		
Burundi	17	109	0	0	47	32	113	24	1,671	662	698	508	560	
Cabo Verde	0	0	0	68	95	174	271		440	455	516	267	143	
Cambodia	0	0	1	151	0	1	51	8	16	39	5	0		
Cameroon	4,643	1,518	956	559	1,051	1,121	1,891	1,340	2,515	2,049	3,843	7,635		
Canada	5,281	5,268	6,981	7,682	8,959	10,316	14,544	15,507	13,717	16,720	17,565	20,845	19,785	
Central African Republic	391	609	766			0	1,195	1,949	2,585	1,983	1,683	1,766	998	
Chile	146	129	237	126	164	158	76	21	45	98	112	165	193	
China	2,591	4,200	4,682	9,704	4,189	8,600	18,621	13,274	8,977	27,275	25,950	20,327	46,135	
Colombia	418	481	272	110	65	69	250	162	343	399	965	1,309	593	
Comoros	0	0	0	0	0	0	0	93	640					
Congo							2,662	2,691	3,688	3,605	39,056	15,907	12,070	
Costa Rica	6	107	9	5	25	0	3,065	10	1	19	190	34	30	
Côte d'Ivoire	1,489	2,229	3,092	4,435	5,158	6,116	12,643	14,872	13,427	18,089	15,796	23,667		
Croatia	13	335	394	42	246	116	304	11	29	25	1,067	2	163	
Cuba	0	7	2	0	0	2								
Cyprus	8,001	9,678	16,949	22,226	26,025	21,634	23,347	34,610	22,457	16,068	24,029	13,087	15,932	
Czech Republic	241	452	228	990	1,038	1,573	1,173	1,173	790	1,585	1,604	2,063	2,506	
Denmark	2,842	2,481	3,830	3,367	1,464	1,399	1,857	2,767	3,351	4,139	4,499	4,058	3,164	
Djibouti									700					
Dominican Republic	39	106	32	18	64	69	32	53	72	136	87	73	48	
Ecuador	1	0	20	61	189	484	104	43	0	162	21	297	79	
Egypt	23,485	23,581	28,130	31,281	65,954	73,580	102,016	171,266	91,024	100,292	83,898	113,343	113,651	
El Salvador	0	2	27	0	8	0	0	34	0	0	1	1	8	
Eritrea			57											
Estonia	0	2	85	674	863	211	179	333	131	57	61	107	106	
Ethiopia	276	452	442	779	828	874	608	1,362	1,324	1,395	1,742	2,947		
Faroe Islands	0	2	14	9	1	1	1	1	1					
Fiji		59	193	48	13	0	30	2	0	31	0	44		
Finland	91	262	164	297	501	389	1,322	793	407	405	821	375	464	
France	29,414	22,306	27,984	37,097	40,301	42,917	61,739	51,721	40,941	44,113	55,959	49,406	50,374	
French Polynesia	97	59	227	15	6	31	46	106	136	50	35	4	3	
Gabon	1,408	0	752	2,218	5,730	3,606	5,733	5,711	5,307					
Gambia	238	213	273	343	520	359	907	1,198	4,879	653	2,585			
Georgia	1,359	219	369	106	271	262	198	583	153	767	9,130	915	2,994	
Germany	12,917	15,240	26,406	28,329	21,284	24,541	41,503	55,653	37,132	39,262	61,979	61,665	65,885	
Ghana	3,997		7,106		20,734	18,794	25,320	34,219	22,826	31,897	35,462	47,679		
Greece	12,470	9,185	8,146	33,222	17,073	20,223	42,944	46,601	16,523	31,317	30,957	24,569	33,373	
Greenland	0	0	1	0	0	1	0	0	0	1	0	0	0	
Grenada	16	0	36	24	48	26	0	1						
Guatemala	0	9	6	11	12	2	0	0	41	23	313	30	181	
Guinea	938	1,272		3,587	1,754	5,188	7,056	13,293		15,158	7,763	9,698		
Guyana	0	0	0	0	0	25	0	0	952	872	797	266	1	
Honduras	3	28	503	24	44	23	44	50	5	16	9	29	43	
Hong Kong, China	7,396	7,614	6,599	8,015	5,883	4,185	4,918	6,001	5,423	5,005	6,381	8,160		
Hungary	1,119	50	317	3,420	2,264	976	1,176	401	1,996	792	516	418	393	
Iceland	5	13	31	61	49	61	116	52	47	16	10	19	23	
India	10,330	11,515	9,053	16,288	17,314	13,759	10,040	16,759	5,916	18,473	16,968	25,017	40,712	
Indonesia	470	33,618	31,401	890	743	817	649	5,118	1,923	57,595	5,822	2,728	1,049	
Iran (Islamic Republic of)	14,316	30,527	54,475	131,866	54,947	44,979				74,294	47,946			
Ireland	1,626	1,035	2,246	1,348	1,927	5,264	3,194	6,299	767	1,623	1,306	7,814	8,072	
Israel	37	1	1	4	0	0	1	0	1	1	0	0	23	
Italy	22,426	23,672	41,220	25,163	28,828	30,388	39,541	51,101	25,936	37,920	49,217	44,136	56,366	
Jamaica	6	123	22	68	63	15	9	13	108	28	15	22		
Japan	4,581	4,979	4,588	6,327	3,164	7,237	5,188	4,637	2,515	10,008	26,868	22,387	36,912	
Jordan	44,378	42,964	46,810	62,266		80,115	104,675	119,432	111,955	107,542	113,460	134,852	162,230	
Kazakhstan	187	3,434	32	2,214	229	692	1,169	992	1,174	1,155	951	919	1,800	
Kenya	66	14	7	37	18	161	325	17,394	996	2,753	3,757			
Korea, Republic of	4,602	7,555	5,506	10,234	11,970	17,842	33,051	28,892	13,347	19,890	29,841	33,589	65,620	
Kuwait	54,600	54,075	65,025	87,418		240,788	124,808	140,873						
Kyrgyzstan	0	0	4	11	14	110	198	20	26	5	0	34		
Latvia	49	337	1	68	61	220	136	203	245	21	401	32	122	
Lebanon	0	0	0	0	0	0	642	0	0	1,891	0	0	0	
Lesotho	0	0	0					0	0	26				
Libya							4,669	3,642	5,490	344				
Lithuania	20	43	67	316	492	634	565	234	313	181	154	307	410	
Luxembourg	408	16	86	180	26	1,061	656	20	31	27	54	58	305	
Macao, China	2	0	0	1	1	1	4	8	2	29		19		
Macedonia, The Former Yugoslav Republic of	12	0	1	11	10	14	84		52	57	1	31	0	
Madagascar	26	14	20	29	409	1,136	330	993	529	60	329	24	318	
Malawi	3	4	155	4	19	113	74	708	479	312	388	126	446	
Malaysia	340	323	665	2,027	1,965	3,823	7,439	2,212	886	4,974	14,279	6,160	12,399	
Maldives	0	4	21	310	38	94	13	131	33	132	132	186	441	
Mali	369	798	658	1,214	716	683	465	2,238		4,576	1,161	2,818		
Malta	327	270	362	252	363	547	1,480	905	1,647	1,240	1,180	569	2,380	
Mauritania	15	49	42	114	329		490	332	186	1,375	171	187		
Mauritius	46	2,037	1,940	83	149	168	282	189	87	110	325	254	306	
Mayotte	0	0	0	0	0	0	0	29	28					
Mexico	207	173	150	261	204	479	1,954	358	339	546	742	1,108	395	
Mongolia	0		0	1	0	0	8						69	
Montenegro						14	13	32	77	498	94	89	154	
Morocco	7,073	6,647	7,148	8,765	13,840	20,296	24,006	25,602	28,285	32,565	29,769	25,466	27,189	
Mozambique	17	142	104	425	870	409	371	871	1,749	3,051	5,276	4,878	11,690	
Myanmar										93				
Namibia	0	0	1	3	0	0	2	278	161	1,681	4,100	19	46	
Nepal			0						242	20	352			
Netherland Antilles					72	87	78	71						
Netherlands	12,513	12,374	9,095	16,749	18,240	26,103	38,624	25,208	19,154	31,839	56,238	31,131	15,945	
New Caledonia	30	8	26	35	1,035	1,105	179	357	30	28	7	44	37	
New Zealand	130	232	219	82	248	106	544	491	1,075	668	789	474	771	
Nicaragua	0	0	0	2	1	1	0	0	0	0	0	0	2	
Niger	46	21	4	288	343	252	535	780	3,140	743	480	475	953	
Nigeria	8,846	31,140	8,135			83,486	155,309	107,289	52,002	60,296	739,213	56,058		
Norway	1,511	1,834	3,587	1,032	1,038	605	1,547	970	872	1,002	2,032	1,987	1,880	
Oman	4,380	16,676	2,319	6,624	6,542	6,110	15,119	14,820	13,883	35,013	18,159	24,759	12,259	
Pakistan			730	4,999	14,735	20,303	27,742	29,307	6,954	8,288	9,473	5,577	3,008	
Palestine, State of							11	0	0	0	0	0		
Panama	18	16	0		79	1,150	150	200	296	415	2,036			
Papua New Guinea	0	0	0	0							105	1		
Paraguay	130	147	62	17	50	66	142	197	220	567	1,396	3,761	719	
Peru	0	6	14	4	60	1	29	297	62	177	619	133		
Philippines	40	112	56	35	122	519	119	29	402	345	118	338	268	
Poland	1,315	682	425	6,700	12,982	15,277	14,687	17,294	12,809	10,686	11,153	9,252	12,881	
Portugal	2,015	668	740	1,783	3,513	220	565	581	435	1,416	652	720	832	
Qatar	9,970	9,941	13,394	23,524	41,475	78,782	109,741	168,554	128,386	103,869	92,692	103,036	120,615	
Republic of Moldova	52	82	255	23	364	372	392	241	826	371	353	449	777	
Romania	1,077	889	1,228	2,904	2,403	4,050	5,944	15,861	7,179	4,008	9,173	7,815	3,869	
Russian Federation	5,076	4,208	2,132	5,980	7,753	11,185	8,942	17,440	13,184	8,800	19,209	12,674	17,213	
Rwanda	0	0	2	1	0	93	12	53	4,779	3,366	1,981	1,631	811	
Saint Kitts and Nevis	0	0	0	0	0	0	0	0	0	0	5			
Saint Lucia	0	0	4	14	29	7	0	0						
Saint Vincent and the Grenadines	13	0	10	14	17	0	2	2	9	0	3	15		
Sao Tome and Principe	0	0	1	28	143	42	138	186	63	143	318	254	684	
Saudi Arabia	125,648	87,218	99,794	111,677	128,998	151,976	213,947	265,050	261,423	277,318	365,376	435,816		
Senegal	1,482	1,229	2,875	5,437	6,036	8,912	11,644	10,878	8,937	9,441	9,478	5,184	3,237	
Serbia					133	46	230	509	834	514	453	278	380	
Serbia and Montenegro	117	55		176										
Seychelles	3	0	0		8	7		37						
Sierra Leone		3,358												
Singapore	487	874	584	938	980	984	1,401	1,402	1,733	4,768	2,930	7,719	3,041	
Slovakia	4	13	38	147	31	101	34	36	73	149	57	273	262	
Slovenia	39	81	611	90	2,958	2,567	3,955	7,188	3,974	3,768	5,457	4,830	2,787	
Solomon Islands								0	0	0	1			
South Africa	88	47	94	1,002	2,230	2,007	617	9,710	2,159	2,953	10,501	3,808	3,534	
Spain	18,269	21,429	23,526	18,326	17,684	13,619	13,864	35,253	20,809	23,883	47,720	42,415	36,569	
Sri Lanka	929	115	304	694	197	83	592	594	175	205	383	221		
Sudan (North + South)	2,230	2,010	8,264	10,073	14,006	17,738		12,141	17,936	35,857	21,204			
Suriname	17			31	51	77	43		115	100	133			
Swaziland	0	0	0	0	0	0	45							
Sweden	3,424	4,568	5,760	8,817	9,859	10,288	13,509	12,878	9,626	9,946	10,659	9,741	13,178	
Switzerland	102,248	98,936	149,784	154,216	193,532	167,650	303,478	275,926	200,488	182,474	224,885	316,710	308,710	
Syrian Arab Republic	36,205	83,466	80,874	128,297	179,289	156,272	169,497	170,489	156,131	182,840				
Taipei, Chinese	488	434	618	3,083	3,337	7,433	2,388	6,990	1,458	2,428	5,485	5,707	8,092	
Tanzania, United Republic of	153	321	345	973	322	959	1,958	2,595	1,599	1,570	8,902	16,366	5,294	
Thailand	725	572	2,580	5,347	1,468	1,815	2,458	3,826	3,059	4,488	3,319	1,820	2,258	
Timor-Leste				0	0									
Togo	103	120	419	284	339		951	1,287	3,016	834	1,441	3,535	7,109	
Trinidad and Tobago	0	3	17	29	6	7	85	4,037	351	23				
Tunisia	8,289	4,092	5,303	6,633	10,598	9,320	15,447	18,592	9,490	9,656	11,292	12,827	11,297	
Turkey	26,024	41,922	71,710	147,355	144,973	126,685	116,014	178,781	107,897	228,536	282,744	176,393	187,740	
Uganda	152	29	71	60	236	290	713	1,521	2,469	5,716	1,979	7,774	4,108	
Ukraine	1,417	876	1,412	1,967	1,966	2,717	4,356	6,586	3,544	4,172	3,174	3,376	1,813	
United Arab Emirates					191,738		273,182	333,074						
United Kingdom	20,347	23,785	23,494	23,348	35,592	35,147	77,732	90,596	45,252	53,126	63,610	59,109	41,777	
United States of America	92,367	65,999	96,023	78,064	91,383	92,733	110,106	102,171	79,335	87,718	82,957	84,621	96,029	
Uruguay	724	387	9	259	13	164	117	3,765	3,209	1,283	1,434	1,565	4,908	
Venezuela	376	181	325	333	377	14,490		1,230	2,140	2,619	1,559	3,210	3,597	
Viet Nam	70	183	53	64	76	55	0	0	0	0	549	209		
Yemen				5,126	7,430	6,152	12,359	13,122	10,938	8,845	17,082	12,633		
Zambia	67	157	236	511	2,239	1,211	3,383	1,728	2,239	10,664	6,592	10,296	18,581	
Zimbabwe	47	223		413	207	106	368	485	258	471	7,429	6,445	19,799	
