List of importing markets for a product exported by Malaysia (Mirror) Product: TOTAL All products
"Importers"	"Exported value in 2001"	"Exported value in 2002"	"Exported value in 2003"	"Exported value in 2004"	"Exported value in 2005"	"Exported value in 2006"	"Exported value in 2007"	"Exported value in 2008"	"Exported value in 2009"	"Exported value in 2010"	"Exported value in 2011"	"Exported value in 2012"	"Exported value in 2013"	
Total	108,215,307	114,907,121	132,152,390	156,907,791	175,106,726	197,612,935	221,584,146	247,403,257	195,715,468	259,396,246	297,329,099	293,056,683	275,169,587	
Afghanistan								78,261	23,472	53,284	59,922	0		
Albania	2,320	273	320	1,527	1,870	1,623	2,544	5,234	5,407	4,125	6,447	5,007	4,964	
Algeria	36,610	66,377	102,887	134,267	82,401	78,393	126,999	181,587	154,016	243,229	274,013	198,140	200,546	
Andorra	3,578	4,353	3,013	3,105										
Antigua and Barbuda					649		1,512		613	423	535	1,004	811	
Argentina	142,627	42,804	84,619	131,001	89,055	223,526	325,387	396,783	284,840	328,060	434,221	449,693	487,311	
Armenia	458	630	622	901	1,247	8,951	9,508	14,403	10,441	13,919	20,060	16,066	16,495	
Aruba					890				0	0	0	0		
Australia	2,016,446	2,130,177	2,828,080	4,077,990	4,648,030	5,055,256	6,037,588	7,595,449	5,984,718	8,195,997	8,779,593	9,928,191	8,846,118	
Austria	519,064	448,029	265,528	256,202	318,328	459,941	460,511	468,853	183,993	234,416	244,473	190,101	242,596	
Azerbaijan	2,396	4,206	100,283	125,401	22,452	4,069	16,533	36,769	41,375	39,350	37,308	19,000		
Bahamas	0	0	0	4	56	0	0	0	0	0	0	139		
Bahrain	39,392	46,149	50,102	52,398	65,811	56,881	82,187	143,453	95,462	113,861	104,359			
Bangladesh	229,618	274,176	400,179	388,559	474,579	559,619	561,709							
Barbados	2,224	2,757	2,419	4,958	4,313	3,301	3,170	4,639	4,373	2,912	4,028	3,103	3,754	
Belarus	6,584	5,781	5,745	19,037	53,560	97,358	90,100	78,901	50,187	63,102	85,709	105,336	103,451	
Belgium	619,792	554,723	586,215	583,668	616,591	705,893	811,899	901,577	650,225	748,259	833,606	804,257	992,608	
Belize	320	506	714	657	896	886	851	997	1,647	1,140	2,504	2,202	3,365	
Benin	1,885	2,936	12,476	8,821	5,444	16,820	41,905	48,598	50,314	69,100	86,678	61,600	74,987	
Bermuda												1,097	270	
Bhutan					3,974	7,752	3,782	4,799	7,731	3,603	1,512			
Bolivia	2,066	1,422	1,555	1,594	2,816	4,502	5,267	7,448	5,955	7,561	11,418	12,497		
Bosnia and Herzegovina			1,940	2,111	4,232	6,174	8,863	16,631	10,772	8,766	9,997	9,625	9,790	
Botswana	1,593	3,503	4,211	3,307	4,201	2,129	3,349	4,181	6,302	4,291	4,703	6,270	3,527	
Brazil	346,908	357,437	444,096	515,471	637,076	901,218	1,279,927	1,637,098	1,225,629	1,748,506	2,287,408	2,083,632	2,211,670	
Brunei Darussalam	228,880	224,640	251,714	287,349		362,530				607,763	677,017	709,924	804,796	
Bulgaria	12,382	18,651	21,092	31,948	42,085	50,485	99,447	105,381	25,255	38,230	41,980	29,495	40,152	
Burkina Faso	1,236	4,005	1,883	2,505	1,708		18,475	14,920	10,834	13,143	12,743	14,347		
Burundi	252	415	169	413	745	1,051	1,009	647	1,332	561	2,330	1,861	801	
Cabo Verde	105	231	375	239	0	170	391		324	135	143	129	206	
Cambodia	57,568	58,229	78,265	77,280	92,618	89,489	107,516	122,441	132,214	165,548	209,723	175,416		
Cameroon	3,539	3,820	8,577	7,360	10,008	23,377	25,530	35,865	33,086	31,967	54,328	74,569		
Canada	1,227,001	1,287,493	1,629,007	2,026,751	2,155,555	2,594,547	2,726,038	2,755,728	2,036,074	2,225,107	2,161,741	2,228,187	2,116,672	
Central African Republic	50	105	45			54	1,707	2,091	3,056	2,319	2,158	3,361	2,040	
Chile	104,019	71,251	81,571	118,062	143,380	196,839	181,979	199,259	147,991	141,201	165,769	208,950	261,660	
China	6,203,976	9,296,295	13,986,408	18,174,737	20,093,205	23,572,434	28,723,283	32,101,396	32,330,691	50,430,150	62,136,640	58,304,935	60,071,067	
Colombia	33,210	34,865	61,915	82,746	74,684	139,696	160,542	173,916	107,675	139,171	214,360	204,405	198,370	
Comoros	63	440	25	29	260	434	167	2,152	3,547					
Congo							5,114	9,476	15,159	15,771	39,733	97,508	75,899	
Cook Islands					110									
Costa Rica	5,367	4,844	7,342	23,084	46,388	39,431	116,481	50,392	37,150	35,854	51,177	51,660	46,611	
Côte d'Ivoire	6,712	5,559	20,961	10,037	10,034	10,724	18,838	21,100	27,040	37,074	68,035	53,570		
Croatia	33,908	41,601	44,241	41,640	51,999	57,642	69,216	81,787	56,915	50,420	73,028	50,303	12,516	
Cuba	12,012	9,409	9,953	9,461	8,888	8,523								
Cyprus	17,169	15,124	16,092	18,883	19,797	23,434	28,809	37,045	21,066	27,534	19,889	15,688	11,698	
Czech Republic	317,921	478,210	661,829	575,658	415,120	656,833	870,697	929,555	751,554	939,355	1,274,179	894,763	824,984	
Denmark	181,141	173,214	199,009	243,589	335,893	244,239	306,919	349,127	238,115	273,916	268,622	256,045	227,238	
Djibouti									3,167					
Dominica	228	504	86	60	84	103	148	172	292	147	152	215		
Dominican Republic	1,322	2,392	2,184	2,513	2,956	6,913	15,297	19,281	14,756	97,389	43,628	32,910	35,565	
Ecuador	20,937	6,573	38,167	40,480	10,319	15,738	15,766	21,857	13,036	32,387	111,214	36,333	100,385	
Egypt	111,792	130,314	72,803	261,569	348,997	233,061	151,485	559,840	518,140	784,618	768,666	557,657	552,572	
El Salvador	3,547	3,460	5,048	7,529	11,915	17,632	21,835	20,631	12,794	13,055	16,857	17,240	19,732	
Eritrea			1,508											
Estonia	34,565	38,476	54,427	53,197	59,564	59,521	65,018	71,416	39,510	44,099	80,959	74,590	73,995	
Ethiopia	12,119	7,309	29,166	23,368	29,665	35,547	85,785	203,949	215,441	229,081	274,119	174,503		
Faroe Islands	909	995	973	1,486	1,006	1,314	1,457	1,447	1,048					
Fiji		11,969	17,310	17,661	23,422	30,431	23,190	38,788	28,532	34,980	43,113	49,414		
Finland	231,854	226,527	244,096	335,699	376,520	464,372	494,866	432,049	146,752	136,467	160,357	103,831	103,473	
France	1,766,835	1,902,096	1,840,211	1,932,533	1,843,832	2,111,609	2,330,633	2,651,998	1,840,136	2,546,185	3,133,308	2,930,997	2,578,443	
French Polynesia	5,252	7,613	6,462	10,786	7,671	7,294	7,427	9,350	8,163	8,193	9,034	9,162	10,472	
Gabon	663	0	946	1,005	4,736	8,069	8,256	16,750	11,650					
Gambia	26	0	0	54	1,874	3,065	1,883	3,916	13,611	5,203	12,348			
Georgia	52	3	98	269	424	742	3,175	4,608	3,194	3,530	5,007	26,959	19,827	
Germany	3,167,067	3,237,282	3,959,083	4,616,722	4,654,265	5,099,172	6,002,341	6,496,831	5,598,704	7,520,143	8,574,760	7,062,448	7,555,645	
Ghana	10,947		19,900		41,848	39,154	58,425	80,423	61,403	74,297	117,394	122,945		
Greece	97,538	80,127	104,439	114,010	85,178	109,817	145,730	179,704	149,323	129,989	126,323	131,368	136,258	
Greenland	0	0	340	0	0	418	18	524	337	310	337	413	344	
Grenada	121	186	359	321	505	680	735	637						
Guatemala	9,868	15,336	5,007	9,593	27,673	21,821	21,364	20,351	40,104	26,314	36,698	30,390	26,717	
Guinea	2,696	630		8,651	4,553	13,833	4,634	7,845		25,492	28,323	46,169		
Guyana	932	963	701	3,385	2,472	5,207	5,835	7,111	5,579	6,340	7,267	6,273	4,320	
Honduras	657	2,329	7,397	13,036	10,165	6,330	12,533	12,940	15,496	18,647	19,966	25,930	17,439	
Hong Kong, China	5,027,727	5,097,305	5,737,919	6,677,996	7,353,773	7,769,490	8,059,698	8,514,575	8,784,847	10,915,025	11,459,176	10,787,842		
Hungary	477,563	612,931	705,564	622,001	471,126	357,120	440,995	467,755	397,301	161,002	240,430	326,431	208,166	
Iceland	4,981	6,684	8,714	9,638	11,138	11,443	12,646	11,687	5,056	6,292	7,826	51,793	8,704	
India	1,152,337	1,330,504	1,894,285	2,214,486	2,435,996	4,655,925	5,725,558	7,461,390	4,990,269	5,995,904	9,106,225	10,494,094	9,330,737	
Indonesia	1,005,464	1,037,400	1,138,189	1,681,946	2,148,526	3,193,334	6,411,927	8,923,145	5,688,431	8,648,721	10,404,867	12,243,573	13,322,533	
Iran (Islamic Republic of)	145,896	190,367	226,062	298,353	305,596	332,611				549,086	567,860			
Ireland	522,860	629,789	530,076	579,999	698,666	522,140	672,055	518,040	395,680	272,193	319,638	267,357	276,172	
Israel	26,553	17,306	25,948	32,783	41,019	53,783	63,601	100,641	68,517	85,129	93,502	74,111	272,313	
Italy	582,941	537,387	642,321	804,881	844,996	1,172,097	1,263,275	1,140,406	938,550	1,097,088	1,242,023	996,368	984,035	
Jamaica	5,141	7,809	9,161	8,871	9,992	9,965	18,103	16,347	14,447	15,061	14,997	20,329		
Japan	12,857,814	11,203,793	12,603,256	14,117,954	14,669,457	15,487,599	17,414,809	23,155,917	16,702,855	22,700,684	30,463,003	32,825,740	29,745,062	
Jordan	48,096	52,154	69,035	95,757		70,340	118,054	118,516	105,632	173,238	146,238	144,915	112,512	
Kazakhstan	10,487	10,190	33,662	23,337	30,748	67,648	66,148	69,361	69,008	77,148	95,296	106,045	120,592	
Kenya	26,074	14,318	15,267	18,115	23,340	36,457	40,803	67,286	75,892	93,341	114,731			
Kiribati					233		112	314	776	456	251	536		
Korea, Republic of	4,125,990	4,041,432	4,249,132	5,678,676	6,011,639	7,242,466	8,442,221	9,909,105	7,574,059	9,530,964	10,467,817	9,796,411	11,095,821	
Kuwait	105,685	121,322	135,533	159,898		201,495	235,989	289,495						
Kyrgyzstan	375	648	226	757	1,451	1,312	2,371	4,018	1,379	4,858	6,958	10,338		
Latvia	1,643	1,122	1,193	2,153	2,901	5,232	15,144	9,842	8,374	9,539	12,381	10,149	8,373	
Lebanon	73,596	53,377	54,337	67,558	65,163	62,627	84,708	126,160	124,465	154,184	144,804	144,035	128,412	
Lesotho	257	4,375	2,815					11	0	769				
Libya							71,077	113,224	154,121	80,766				
Lithuania	20,544	28,168	40,654	24,766	53,246	35,963	27,746	19,720	8,616	11,169	11,809	14,238	9,486	
Luxembourg	3,771	1,530	4,507	4,267	7,316	16,154	6,855	65,889	58,748	25,184	144,545	96,949	46,830	
Macao, China	22,680	27,154	30,595	30,340	41,086	51,438	64,201	66,561	55,446	67,683		111,611		
Macedonia, The Former Yugoslav Republic of	3,246	1,873	3,370	5,566	8,128	9,494	14,810		14,061	16,707	23,197	26,713	22,973	
Madagascar	10,985	8,476	17,001	22,866	20,811	17,358	24,824	36,310	43,131	32,675	69,495	30,427	50,069	
Malawi	4,403	1,554	2,448	2,793	5,383	5,411	8,103	14,551	9,705	10,157	10,335	13,837	13,596	
Malaysia	0	0	0	909,348	990,749	0	1,234,531	0	0	120,420	27,957	57,018	173,203	
Maldives	34,405	20,321	36,170	48,731	53,439	60,946	93,398	106,348	63,365	78,066	76,183	85,384	86,208	
Mali	870	353	2,255	1,572	2,619	3,345	3,542	11,227		5,995	9,142	5,773		
Malta	25,897	41,296	65,409	94,683	51,095	83,795	57,828	45,237	23,986	30,912	20,835	15,800	23,872	
Mauritania	965	243	881	1,363	3,697		19,737	33,807	26,078	24,888	25,980	32,121		
Mauritius	58,532	61,383	72,583	82,899	90,354	93,874	101,263	120,541	107,544	112,986	115,878	152,625	127,155	
Mayotte	1,234	979	902	827	1,652	1,978	6,168	9,785	6,812					
Mexico	2,005,996	1,992,865	2,760,368	3,373,463	3,658,310	4,474,394	4,771,244	4,659,241	4,035,543	5,276,225	5,609,875	4,735,613	5,379,000	
Mongolia	2,643		4,675	5,506	6,966	9,752	18,114						87,973	
Montenegro						2,386	2,988	4,450	2,811	2,964	3,006	2,648	2,266	
Montserrat	4	4	36	33	65	64	93	41	10			0	8	
Morocco	25,594	24,774	37,654	39,159	47,811	85,653	54,764	92,082	82,712	105,298	118,128	91,827	94,171	
Mozambique	4,194	5,045	18,322	10,017	11,714	17,809	15,573	52,097	46,273	34,910	63,367	18,806	51,298	
Myanmar										134,347				
Namibia	13,866	2,402	7,154	732	2,091	4,158	3,791	5,621	7,761	24,027	6,586	5,791	4,177	
Nepal			59,590						63,131	66,215	71,486			
Netherland Antilles					510	490	945	1,983						
Netherlands	3,311,509	3,477,951	4,205,772	4,339,072	5,154,430	5,742,986	6,814,322	7,211,194	7,210,820	8,441,804	8,589,381	8,068,170	7,016,907	
New Caledonia	4,015	4,329	4,205	7,124	6,464	8,527	22,894	28,602	49,491	73,943	64,171	38,328	64,545	
New Zealand	406,860	393,474	423,209	557,099	665,106	776,096	830,898	1,407,402	689,890	1,082,281	1,149,129	1,486,906	1,590,503	
Nicaragua	1,170	3,467	5,820	9,628	8,772	18,853	12,393	15,816	11,652	9,565	13,919	13,380	14,504	
Niger	402	512	2,154	2,558	5,780	12,901	14,214	25,249	21,025	21,871	25,896	25,577	26,127	
Nigeria	9,845	13,611	12,151			60,281	71,516	69,045	122,592	256,954	232,988	148,593		
Norway	131,356	161,526	180,733	185,255	221,029	298,737	277,971	349,444	288,384	340,149	291,668	343,185	307,752	
Oman	80,984	72,452	2,661	83,554	85,629	104,330	157,215	233,006	460,701	231,967	287,674	276,256	265,874	
Pakistan			601,245	633,724	731,358	765,848	1,157,505	1,693,664	1,608,445	2,054,747	2,727,991	2,131,984	1,919,737	
Palau												328		
Palestine, State of							3,147	2,353	4,395	4,737	7,401	7,077		
Panama	911	1,402	1,783		3,300	88,982	97,288	127,774	65,646	94,496	108,329			
Papua New Guinea	24,486	25,761	33,490	34,314							227,980	527,928		
Paraguay	10,153	8,264	7,842	11,465	31,678	65,616	55,778	63,317	35,079	36,676	41,436	31,559	66,109	
Peru	33,410	46,711	57,367	95,040	86,117	118,745	142,381	159,830	122,081	161,300	206,175	207,029		
Philippines	1,130,809	1,575,390	1,577,783	2,059,607	1,850,562	2,182,962	2,370,063	2,583,222	1,787,109	2,646,264	2,771,168	2,619,856	2,394,270	
Poland	252,170	263,739	334,528	438,178	377,735	560,502	576,014	637,828	540,169	745,497	706,265	679,597	653,703	
Portugal	62,431	58,732	77,846	89,806	77,845	123,163	127,635	203,616	125,506	136,655	155,850	169,893	84,390	
Qatar	51,214	59,111	59,120	39,126	119,477	235,597	331,623	360,353	348,534	344,777	283,460	322,971	321,273	
Republic of Moldova	768	2,049	1,489	2,660	3,264	4,163	5,048	9,246	7,333	8,536	10,342	9,031	12,250	
Romania	46,124	60,080	83,049	117,290	126,064	161,191	88,666	95,657	72,458	99,562	138,973	111,831	109,108	
Russian Federation	161,537	230,058	300,300	423,337	672,994	894,454	1,463,343	1,973,431	1,137,527	1,342,983	1,517,091	1,471,176	1,405,207	
Rwanda	1,808	1,994	212	1,149	370	280	711	5,390	3,788	3,280	2,504	3,077	3,669	
Saint Kitts and Nevis	50	67	157	78	32	1,399	53	211	38	48	60			
Saint Lucia	185	240	264	335	558	662	342	421						
Saint Vincent and the Grenadines	209	134	144	157	301	491	595	407	576	360	300	290		
Samoa	410	467	660	2,141	4,662	2,391	1,661	2,813	2,463	3,076	3,527	4,355	5,718	
Sao Tome and Principe	0	0	0	0	13	0	0	276	31	0	78	26	109	
Saudi Arabia	304,416	300,095	371,044	445,906	545,858	589,027	860,493	1,220,409	942,527	1,162,780	1,600,016	1,519,588		
Senegal	2,546	2,805	6,947	8,884	21,962	10,914	9,051	17,094	13,844	14,919	18,713	22,023	38,175	
Serbia					37,119	56,707	95,265	80,094	60,237	60,865	67,755	46,489	49,448	
Serbia and Montenegro	11,334	20,331		40,592										
Seychelles	4,618	7,885	4,027		11,941	11,652		29,335						
Sierra Leone		3,972												
Singapore	20,092,955	21,213,535	21,547,940	24,972,500	27,334,527	31,171,489	34,430,421	38,166,022	28,514,865	36,342,485	39,124,540	40,409,594	40,849,525	
Slovakia	72,014	82,154	95,223	134,015	147,022	212,428	246,405	278,570	225,688	294,517	317,965	285,755	343,279	
Slovenia	29,491	32,334	38,300	45,888	51,872	60,036	64,742	69,067	56,366	62,232	66,198	47,737	43,211	
Solomon Islands								14,851	8,924	19,406	30,640			
South Africa	286,382	345,954	402,633	590,941	686,783	851,955	1,064,594	1,084,622	865,807	1,165,965	1,277,471	1,330,249	991,105	
Spain	503,640	548,522	643,917	827,704	843,267	1,011,298	1,081,008	1,155,562	658,924	798,948	858,639	685,373	680,119	
Sri Lanka	207,962	204,334	270,499	313,240	332,413	432,719	347,544	358,844	261,232	383,390	753,430	550,296		
Sudan (North + South)	23,900	24,240	43,596	53,024	157,709	87,476		43,599	52,865	544,031	120,013			
Suriname	174			673	939	1,251	1,837		2,567	2,447	5,150			
Swaziland	0	931	1	0	84	8,601	0							
Sweden	183,777	173,948	205,156	197,715	210,946	377,312	528,772	519,690	294,624	550,328	578,933	533,672	498,556	
Switzerland	142,587	132,400	134,164	155,915	168,639	196,396	245,709	371,638	289,998	332,587	370,080	452,409	544,200	
Syrian Arab Republic	76,028	69,912	113,441	130,884	128,527	128,612	150,083	198,889	257,990	170,534				
Taipei, Chinese	4,213,647	4,151,881	4,736,201	5,392,958	5,193,556	6,051,517	6,215,174	6,767,643	4,696,167	7,720,985	8,612,624	7,856,871	8,167,370	
Tanzania, United Republic of	18,169	12,689	17,868	19,661	21,114	94,944	147,975	162,968	67,808	106,911	105,703	88,369	116,872	
Thailand	3,077,179	3,642,937	4,536,794	5,550,549	8,088,424	8,462,139	8,679,783	9,677,676	8,575,320	10,708,896	12,326,055	13,105,840	13,247,484	
Timor-Leste				709	788									
Togo	3,108	2,180	7,227	7,789	4,747		3,832	6,388	7,544	15,171	12,347	22,303	64,811	
Tonga	146	247	68					712	344	1,023	1,516	1,232		
Trinidad and Tobago	4,410	5,828	5,591	8,834	11,805	22,371	26,044	35,898	23,650	21,951				
Tunisia	24,082	20,039	28,778	46,267	43,724	36,871	53,538	60,556	71,765	74,405	94,765	73,739	80,697	
Turkey	239,370	244,600	390,654	646,747	785,562	934,227	1,253,030	1,512,361	959,773	1,124,036	1,567,507	1,278,252	1,230,783	
Tuvalu		38												
Uganda	23,161	32,058	42,062	67,430	47,214	48,871	63,189	145,951	76,891	100,507	38,068	50,919	63,926	
Ukraine	44,624	29,726	42,345	85,400	161,626	135,035	142,459	352,176	181,493	171,005	253,084	236,626	209,280	
United Arab Emirates					1,497,004		2,479,932	3,503,878						
United Kingdom	2,975,598	3,157,120	3,732,770	4,386,292	3,934,366	4,401,719	4,100,423	3,876,378	2,831,232	3,214,627	3,148,958	2,712,713	2,611,713	
United States of America	23,071,706	24,733,646	26,188,038	29,050,830	34,675,835	37,521,097	33,701,169	31,571,137	23,888,396	26,628,314	26,485,215	26,651,965	28,025,472	
Uruguay	5,772	2,727	2,534	3,959	7,878	11,671	11,353	20,435	17,416	28,550	40,992	95,151	46,707	
Vanuatu						599	1,412		1,661	3,160	3,317			
Venezuela	16,577	10,056	9,376	33,015	29,491	41,533		135,544	96,099	88,151	61,909	74,565	56,236	
Viet Nam	464,387	683,313	924,981	1,215,330	1,256,459	1,482,039	2,289,912	2,596,052	2,504,735	3,413,393	3,919,720	3,412,030		
Yemen				80,161	156,509	139,231	156,662	259,534	208,028	368,951	238,649	281,477		
Zambia	8,364	2,217	2,774	1,901	1,835	3,281	4,614	5,885	9,632	4,455	7,987	12,764	19,234	
Zimbabwe	18,739	12,589		8,614	2,247	3,147	1,048	1,149	2,213	6,528	9,638	11,208	11,752	
