List of importing markets for a product exported by Iceland Product: TOTAL All products
"Importers"	"Exported value in 2001"	"Exported value in 2002"	"Exported value in 2003"	"Exported value in 2004"	"Exported value in 2005"	"Exported value in 2006"	"Exported value in 2007"	"Exported value in 2008"	"Exported value in 2009"	"Exported value in 2010"	"Exported value in 2011"	"Exported value in 2012"	"Exported value in 2013"	
World	2,017,108	2,229,305	2,380,475	2,889,863	3,090,526	3,453,146	4,772,043	5,355,430	4,056,962	4,603,089	5,348,791	5,063,442	5,001,012	
Afghanistan	0	0	0	0	0	0	0	0	21	12	0	0	0	
Albania	0	0	0	0	0	0	0	129	0	7	9	0	0	
Algeria	328	0	0	0	0	0	3	53	34	0	0	0	0	
Andorra	0	0	0	0	0	16	0	2	0	0	144	5	377	
Angola	0	0	0	0	0	0	2	0	15	21	19	0	14	
Antigua and Barbuda	0	0	0	0	0	0	0	18	0	32	1,152	7,338	1,909	
Argentina	629	783	311	208	158	489	523	1,286	221	907	320	386	453	
Armenia	0	0	0	0	0	0	0	0	0	0	0	0	0	
Aruba	0	0	0	0	0	0	0	0	0	12	10	41	14	
Australia	2,299	4,655	3,065	7,771	4,005	3,796	4,715	6,042	5,158	12,295	9,880	6,732	4,802	
Austria	2,737	2,448	3,499	5,933	8,309	7,060	11,821	11,195	8,254	8,107	8,882	10,597	5,311	
Azerbaijan	0	0	0	0	8	23	7,337	1,165	136	0	0	21	11	
Bahamas	0	0	0	0	0	711	674	104	214	317	704	1,673	1,944	
Bahrain	123	10	0	39	0	2	4	37	90	1	246	2	57	
Bangladesh	11	12	11	17	0	75	38	61	77	97	199	120	147	
Barbados	0	0	0	0	0	0	0	4	0	0	0	0	0	
Belarus	1,868	1,100	3,356	4,636	7,573	4,555	14,019	17,314	2,614	2,169	7,459	2,929	2,068	
Belgium	28,746	35,024	41,928	52,341	65,108	67,354	78,170	82,754	74,591	77,255	79,762	80,427	86,703	
Belize	41	21	0	13	0	0	19	4	0	133	0	0	0	
Benin	0	0	0	0	0	0	0	128	6	51	0	0	0	
Bermuda	0	1	0	0	0	5,341	15	0	225	471	267	77	70	
Bolivia	0	0	37	0	0	0	0	0	0	0	0	0	0	
Bosnia and Herzegovina	89	29	4	3	0	49	0	76	0	1	0	0	0	
Botswana	0	0	0	0	0	0	53	0	0	49	0	0	0	
Brazil	926	905	477	1,822	1,211	2,426	4,118	6,605	3,169	5,298	5,450	8,752	6,581	
British Indian Ocean Territories	0	0	0	0	0	0	0	0	0	0	0	0	0	
British Virgin Islands	356	0	0	91	74	146	173	430	76	159	7,090	119	180	
Brunei Darussalam	0	0	0	0	0	0	0	0	0	0	0	0	5	
Bulgaria	116	157	71	726	1,861	2,242	3,294	1,815	422	455	292	65	497	
Burkina Faso	0	0	0	0	0	0	0	0	14	0	0	0	0	
Burundi	0	0	0	0	0	0	0	0	0	0	0	0	0	
Cabo Verde	0	0	0	0	0	0	0	0	0	0	0	0	0	
Cambodia	0	0	0	0	0	0	1	0	1	3	0	0	0	
Cameroon	0	0	0	0	0	0	0	0	0	0	0	0	0	
Canada	21,731	18,971	18,077	24,924	30,570	19,844	22,896	25,253	18,579	20,343	22,775	28,045	37,544	
Cayman Islands	0	0	0	0	46,089	0	0	0	0	0	191	0	0	
Central African Republic	0	0	3	0	0	8	5	0	0	0	0	0	0	
Chad	0	0	0	0	0	0	0	0	15	0	0	0	0	
Chile	3,548	2,278	1,766	3,066	2,619	2,678	5,706	4,680	5,696	6,740	6,128	8,274	8,651	
China	9,297	14,295	17,305	16,109	26,944	39,166	37,162	117,888	95,001	28,010	46,842	61,166	57,474	
Cocos (Keeling) Islands	0	0	0	0	0	0	1	0	0	0	0	0	0	
Colombia	159	383	140	83	119	233	201	405	317	488	418	661	452	
Congo	0	0	0	0	0	5	6	4	0	0	0	2	2	
Cook Islands	0	0	0	0	0	0	0	641	5	0	0	54	82	
Costa Rica	1	0	4	64	126	8	3	130	6	7	62	1,592	166	
Côte d'Ivoire	0	0	9	0	8	14	192	1	0	0	0	0	10	
Croatia	167	307	724	1,055	1,886	3,344	2,757	2,477	1,307	2,020	3,568	1,527	2,797	
Cuba	6	0	21	0	0	0	10	144	207	995	660	2,246	943	
Cyprus	150	1,560	1,950	354	931	707	628	432	255	214	634	533	1,301	
Czech Republic	434	189	393	265	987	1,258	1,357	1,908	3,145	2,199	2,213	1,058	4,330	
Democratic Republic of the Congo	0	0	0	0	0	0	0	7	0	0	0	0	0	
Denmark	85,063	102,760	121,453	136,814	128,531	120,943	157,667	167,967	109,451	121,995	122,547	132,013	144,214	
Djibouti	0	0	0	0	0	0	0	55	0	0	0	0	0	
Dominica	0	0	0	0	0	0	13	0	0	3	763	140	546	
Dominican Republic	0	0	0	16	0	0	0	0	0	0	0	0	0	
Ecuador	71	325	1	8	17	5	311	598	19	13	0	0	243	
Egypt	532	15	44	41	79	69	312	814	966	2,485	1,556	563	2,404	
El Salvador	0	0	0	11	0	510	996	13	4	5	0	0	0	
Equatorial Guinea	1	0	0	0	0	0	0	0	0	0	0	0	0	
Eritrea	0	0	0	0	0	0	6	0	0	0	0	0	0	
Estonia	3,993	980	3,097	727	394	1,589	809	1,877	2,626	8,369	9,319	4,465	7,125	
Ethiopia	0	0	0	0	0	0	0	0	0	0	4	0	0	
Falkland Islands (Malvinas)	14	0	0	15	12	1	25	17	2	0	0	0	1	
Faroe Islands	26,558	23,885	30,085	27,976	33,029	41,104	33,975	39,149	25,778	26,724	33,080	54,226	50,528	
Fiji	0	0	0	0	0	0	0	0	1	0	0	0	1	
Finland	13,624	20,373	17,418	14,595	12,245	11,190	16,897	11,459	9,039	9,622	9,090	11,814	14,619	
France	78,977	81,872	96,303	116,493	115,126	117,053	122,505	163,900	142,409	144,553	209,196	225,038	232,074	
French Polynesia	0	39	0	2	0	0	0	0	0	0	277	2	2	
Gabon	16	14	1	116	38	1	1	199	0	0	20	11	151	
Gambia	0	5	0	0	0	0	0	0	0	0	0	0	0	
Georgia	0	0	0	0	0	0	12	0	0	309	331	31	2,005	
Germany	300,961	411,896	414,990	512,381	489,778	517,041	638,393	605,419	456,870	642,596	800,358	651,916	607,303	
Ghana	1	0	38	3	45	5	27	6	209	43	4	252	999	
Gibraltar	79	0	0	79	0	1	773	40	23	67	663	395	189	
Greece	12,284	16,099	27,559	33,177	21,515	31,510	29,751	28,288	15,070	15,118	18,627	11,166	10,422	
Greenland	8,252	4,710	3,206	5,440	7,426	5,932	16,395	8,585	9,724	12,768	17,926	21,185	21,563	
Grenada	0	0	0	0	0	0	0	0	0	0	1	0	3	
Guatemala	0	0	0	0	0	3	0	0	1	1	1	0	0	
Guinea	0	0	0	0	0	0	0	0	0	0	0	0	0	
Guyana	0	0	0	0	0	0	0	0	0	0	0	0	0	
Haiti	0	0	0	28	1	0	0	0	0	0	20	0	0	
Honduras	0	0	0	8	11	24	4	0	0	1	22	0	5	
Hong Kong, China	783	1,830	2,448	2,571	3,114	8,592	6,316	4,043	8,802	11,448	8,563	15,258	11,818	
Hungary	42	305	188	2,593	2,102	2,996	3,127	10,053	3,089	2,206	2,151	1,674	46,668	
India	466	467	760	891	1,138	797	1,237	1,678	861	2,949	4,588	775	745	
Indonesia	213	288	332	142	36	49	381	716	157	655	2,496	1,312	470	
Iran (Islamic Republic of)	2	48	25	164	643	170	53	1	101	4	14	14,253	1,907	
Iraq	0	0	0	0	0	0	0	0	16	0	0	23	571	
Ireland	2,918	3,590	4,470	5,013	34,558	17,187	360,957	15,489	123,351	13,113	22,228	10,895	11,929	
Israel	1,388	3,224	2,008	1,032	954	856	780	390	499	4,304	1,174	829	617	
Italy	25,852	30,149	32,138	31,134	30,001	26,023	31,144	41,841	41,360	72,929	135,691	104,533	110,663	
Jamaica	92	182	0	80	36	1	0	59	0	4	10	0	0	
Japan	70,237	73,833	77,117	86,774	99,577	71,401	199,825	234,620	75,367	117,191	133,203	103,384	93,694	
Jordan	27	4	3	31	10	2	7	96	188	237	634	165	255	
Kazakhstan	15	0	1	0	0	1	173	284	221	296	3	77	164	
Kenya	2	0	0	9	17	31	20	44	19	45	254	878	1,253	
Korea, Republic of	3,312	4,449	2,936	5,115	6,576	11,573	19,871	15,165	12,068	14,873	10,673	14,364	15,267	
Kuwait	53	22	27	198	86	82	12	88	5	8	50	227	59	
Kyrgyzstan	0	0	0	0	0	0	0	0	0	0	0	0	0	
Lao People's Democratic Republic	0	0	0	0	0	18	0	0	0	0	4	0	0	
Latvia	7,131	5,915	2,554	3,583	4,454	3,243	1,069	1,782	1,061	1,570	2,072	3,083	4,981	
Lebanon	26	11	0	29	7	1	475	214	100	3	167	8	7	
Liberia	0	0	0	0	0	40	0	2	1,729	302	203	127	68	
Libya	0	0	0	0	0	11	23	4	3,044	12	62	0	9	
Lithuania	8,052	15,652	16,888	27,529	39,827	46,917	43,230	68,330	46,439	68,530	100,465	86,736	86,049	
Luxembourg	567	696	709	2,525	946	1,108	1,466	4,340	1,843	871	50,165	134	321	
Macao, China	0	0	0	0	0	0	8	1	0	2	3	3	0	
Macedonia, The Former Yugoslav Republic of	0	0	0	0	0	32	38	72	6	7	398	152	218	
Madagascar	3	12	9	14	44	2	0	19	2	7	2	5	1	
Malawi	1	0	1	0	1	2	1	59	0	0	21	29	0	
Malaysia	339	469	530	1,322	981	470	598	571	1,209	4,384	5,686	2,348	3,204	
Maldives	0	0	0	0	0	1	1	0	0	0	3	5	22	
Mali	1	0	0	0	1	2	0	0	0	0	7	6	10	
Malta	342	158	1,094	2,620	3,858	2,792	2,057	2,144	352	357	932	1,996	4,445	
Marshall Islands	0	0	0	0	0	110	0	0	0	54	804	121	1,989	
Mauritania	0	0	4	0	26	3	653	6	87	0	6	0	0	
Mauritius	8	0	0	44	7	0	0	1	130	17	34	20	13	
Mexico	732	243	113	346	370	372	314	2,585	578	728	3,527	780	7,438	
Mongolia	0	2	0	15	0	12	7	9	12	10	0	3	5	
Montenegro	0	0	0	0	0	0	0	322	35	0	199	251	0	
Montserrat	0	0	0	0	0	0	0	0	0	0	0	0	2,947	
Morocco	3,073	224	88	1,019	206	969	2,201	1,822	632	1,660	419	778	747	
Mozambique	0	22	1	0	2	0	16	0	0	0	0	110	14	
Myanmar	0	0	0	0	0	0	0	0	0	0	0	0	0	
Namibia	2,962	3,657	862	456	540	1,123	946	562	312	102	192	186	255	
Nepal	0	0	0	0	0	0	0	3	0	1	1	0	802	
Netherland Antilles	18	5	0	0	0	0	0	0	0	0	74	0	0	
Netherlands	220,226	240,706	266,756	310,642	386,353	573,548	1,014,887	1,840,866	1,247,264	1,564,072	1,732,724	1,516,998	1,501,429	
New Caledonia	0	0	0	9	0	0	3	0	27	0	0	0	0	
New Zealand	1,238	880	1,421	2,008	761	572	2,120	2,940	2,657	2,314	2,385	5,511	7,942	
Nicaragua	0	0	0	3	0	0	0	13	39	21	674	0	7	
Niger	0	0	0	0	0	6	0	111	0	1	0	0	362	
Nigeria	23,617	33,331	39,028	49,766	51,608	54,590	58,198	62,436	82,520	85,155	105,748	131,995	99,361	
Niue	0	0	0	0	0	0	0	0	0	0	0	0	0	
Norfolk Island	80	2	0	0	3	0	0	15	0	0	0	0	0	
Northern Mariana Islands	0	0	0	0	0	0	10	0	3	0	0	0	0	
Norway	104,588	101,835	106,357	86,920	82,720	137,037	180,890	233,379	235,442	195,168	236,151	258,024	236,757	
Oman	23	32	29	30	13	15	0	19	13	43	22	49	92	
Pakistan	0	0	0	205	0	2	1	29	219	447	113	7	3	
Panama	2	504	549	0	0	363	401	1,603	366	636	905	1,208	579	
Papua New Guinea	0	0	0	0	0	0	10	74	0	0	0	0	5	
Paraguay	0	1	0	1	1	2	3	0	2	5	2	7	3	
Peru	12	18	22	0	64	27	139	448	22	654	329	43	723	
Philippines	26	56	11	21	171	104	243	85	17	6	1,279	755	414	
Pitcairn	0	0	0	0	28	0	0	0	0	0	0	0	0	
Poland	10,635	14,468	14,612	34,195	63,350	27,039	29,865	40,668	43,102	51,745	64,955	73,255	62,608	
Portugal	111,092	96,733	90,177	97,337	81,928	77,648	118,247	100,851	71,319	56,815	92,375	73,919	59,636	
Qatar	0	0	0	2	59	0	4	0	1	86	472	50	129	
Republic of Moldova	0	6	111	174	1	0	88	620	72	0	0	2	0	
Romania	80	125	731	1,054	230	2,316	2,022	3,327	673	935	1,177	992	886	
Russian Federation	7,351	8,905	13,481	33,024	31,640	66,198	65,468	71,135	49,354	95,119	167,322	193,573	166,550	
Rwanda	0	0	0	0	0	0	0	0	0	0	0	0	0	
Saint Kitts and Nevis	0	0	0	159	0	0	0	0	0	0	0	134	23	
Saint Lucia	0	0	0	0	0	0	0	0	0	0	0	1	0	
Saint Vincent and the Grenadines	0	0	0	0	0	0	0	786	0	0	172	56	70	
Sao Tome and Principe	0	0	1	0	0	0	0	0	0	0	0	0	0	
Saudi Arabia	280	751	57	90	71	141	210	159	297	1,343	1,197	1,450	2,011	
Senegal	0	20	24	37	2	0	121	0	0	0	0	10	0	
Serbia	0	0	0	0	0	280	728	2,043	859	5,498	4,756	609	188	
Serbia and Montenegro	53	59	76	59	45	0	0	0	0	0	0	0	0	
Seychelles	1	0	4	413	11	8	19	7	21	0	0	10	3	
Sierra Leone	0	0	4	0	0	0	0	1	8	0	4	0	26	
Singapore	220	149	243	510	763	319	286	583	571	1,301	413	639	1,611	
Slovakia	310	201	207	142	282	1,835	2,368	1,934	4,984	504	469	7,155	19,887	
Slovenia	166	93	108	243	483	221	516	165	164	360	1,236	627	294	
Solomon Islands	0	0	0	0	0	0	0	0	0	0	0	0	0	
Somalia	6	0	0	0	0	0	0	0	0	0	0	0	0	
South Africa	4,854	4,718	2,017	2,417	3,572	2,285	2,940	5,534	1,267	2,373	1,172	7,053	1,834	
Spain	108,240	116,690	150,544	200,281	229,654	219,819	221,460	204,886	195,459	218,149	206,132	176,581	196,991	
Sri Lanka	0	0	0	62	80	0	16	0	6	21	1	52	0	
St. Pierre and Miquelon	13	0	0	0	0	0	0	0	0	0	0	0	0	
Sudan (North + South)	0	0	0	2	0	0	0	0	0	123	0	0	0	
Suriname	0	12	0	0	0	16	1	0	0	0	0	0	0	
Swaziland	0	0	0	0	0	0	0	0	0	0	0	0	0	
Sweden	21,411	23,725	30,625	31,825	33,291	31,318	34,636	44,883	32,407	22,817	32,695	23,439	21,950	
Switzerland	65,733	33,351	46,362	45,719	38,772	83,633	60,351	49,321	53,620	83,828	35,022	85,099	53,752	
Syrian Arab Republic	0	0	0	87	1,032	6	22	0	52	47	57	129	0	
Taipei, Chinese	18,055	18,601	13,372	16,528	9,033	2,468	3,753	6,500	18,070	16,444	14,055	13,058	8,205	
Tajikistan	0	0	0	0	0	0	0	0	0	0	11	0	0	
Tanzania, United Republic of	23	76	46	62	90	55	0	52	0	0	0	88	0	
Thailand	651	1,393	2,380	3,423	1,536	1,588	3,070	2,275	1,734	2,241	2,426	3,024	3,866	
Tonga	0	0	0	0	0	0	1	0	0	0	0	0	0	
Trinidad and Tobago	0	0	0	5	1	0	6	0	0	0	0	0	0	
Tunisia	0	0	0	101	11	0	7	92	4	9	9	91	13	
Turkey	807	910	1,266	2,492	4,021	3,462	3,711	3,423	6,636	21,572	22,429	11,121	16,566	
Turkmenistan	0	0	0	0	0	0	0	0	0	0	0	0	0	
Turks and Caicos Islands	0	0	0	0	3	0	0	0	0	0	0	0	0	
Uganda	0	1,078	692	4	796	17	1	8	10	25	0	2	5	
Ukraine	3,231	4,296	3,084	4,974	3,898	5,989	11,675	19,700	9,355	18,758	12,793	32,444	64,624	
United Arab Emirates	157	49	626	216	133	39,348	74,247	2,790	2,232	3,163	2,853	2,269	19,993	
United Kingdom	368,095	389,975	417,087	550,082	550,419	539,712	630,866	621,612	518,165	465,306	481,974	497,288	474,075	
United States Minor Outlying Islands	0	0	0	0	0	5	0	0	0	2	0	0	1	
United States of America	212,766	243,533	225,029	271,179	275,542	374,848	355,667	299,422	158,753	210,141	199,429	228,305	235,571	
Uruguay	185	151	384	141	448	584	446	11,202	1,966	158	19	707	436	
Vanuatu	0	0	0	0	0	0	0	0	0	0	0	0	2	
Venezuela	10	0	14	3	40	14	126	15	0	75	0	0	84	
Viet Nam	2	217	144	453	151	185	405	417	1,376	3,185	6,044	12,407	12,527	
Wallis and Futuna Islands	0	0	0	0	0	0	0	0	0	0	433	0	0	
Yemen	26	97	146	64	467	1	8	9	90	0	0	0	0	
Zambia	0	0	0	0	0	0	0	0	0	0	0	20	0	
Zimbabwe	1	1	0	0	0	0	0	0	0	0	0	0	0	
