List of importing markets for a product exported by Kazakhstan Product: TOTAL All products
"Importers"	"Exported value in 2001"	"Exported value in 2002"	"Exported value in 2003"	"Exported value in 2004"	"Exported value in 2005"	"Exported value in 2006"	"Exported value in 2007"	"Exported value in 2008"	"Exported value in 2009"	"Exported value in 2010"	"Exported value in 2011"	"Exported value in 2012"	"Exported value in 2013"	
World	8,485,515	9,642,683	12,915,947	20,079,043	27,846,085	38,244,423	47,747,902	71,171,956	43,195,762	57,244,064	88,107,934	92,281,521	82,510,023	
Afghanistan	18,184	31,130	49,446	86,387	163,915	178,514	192,513	617,121	408,455	362,784	333,844	320,952	248,633	
Albania	0	0	0	0	0	0	606	8,334	0	2,602	5,664	7,868	519	
Algeria	4,511	291	3,271	15	459	2,289	3,424	13,932	586	59	479	532	7	
Andorra	7	0	0	0	0	0	0	0	0	0	0	0	0	
Angola	250	101	18	24	43	339	123	488	30	1,697	191	138	292	
Anguilla	0	84	0	0	0	0	0	22	0	0	0	0	0	
Antigua and Barbuda	0	0	0	0	0	0	0	0	0	0	0	0	0	
Argentina	4,754	0	111	1,281	31	382	1,589	9	20,275	13,611	10,804	187	53	
Armenia	2,191	2,027	5,826	13,572	43,141	14,645	6,264	6,339	2,671	7,601	2,284	538	805	
Aruba	0	0	0	0	0	0	0	0	0	76,653	0	0	0	
Australia	32	104	1,141	723	5,837	6,748	6,723	18,703	8,776	19,252	16,172	30,847	7,672	
Austria	3,170	3,307	668	770	1,092	1,213	2,827	3,109	1,196,890	2,528,708	3,876,533	4,955,939	3,613,269	
Azerbaijan	69,309	112,657	113,548	287,125	129,067	226,386	318,849	208,860	91,514	342,035	237,580	349,079	361,217	
Bahamas	0	29,344	9,871	29,531	12,889	0	0	0	0	0	0	0	0	
Bahrain	0	0	0	0	0	0	1	4	0	2	36	0	0	
Bangladesh	3,111	1,170	1,578	3,116	1,237	1,167	10,310	905	0	7,704	5	2	1,749	
Barbados	0	0	0	0	0	0	0	0	0	0	0	0	0	
Belarus	5,120	11,815	12,578	18,232	26,490	70,975	129,294	170,832	54,704	41,479	103,493	90,357	57,132	
Belgium	3,627	7,384	9,237	10,698	9,927	21,759	65,608	63,919	22,790	53,118	121,503	132,009	127,489	
Belize	0	0	0	0	0	120	3,561	1,388	1,109	1,307	0	216	252	
Benin	0	0	0	0	0	0	0	0	0	391	0	0	0	
Bermuda	1,221,212	2,011,298	2,192,635	0	0	0	721	0	0	0	0	0	377	
Bhutan	0	0	0	0	0	0	8	0	0	0	0	0	0	
Bolivia	0	0	0	0	0	24	0	0	0	6	460	257	247	
Bosnia and Herzegovina	0	0	83	0	0	0	18	0	1	0	6	0	0	
Botswana	0	0	0	0	0	0	0	0	0	0	0	0	0	
Brazil	7	4	14	1,422	3,933	13,952	285	26,572	1,903	18,071	48,694	70,895	35,514	
British Indian Ocean Territories	0	0	0	0	0	0	0	0	0	0	0	2,243	2,028	
British Virgin Islands	441,244	168,146	601,970	763,482	551,478	109,844	94,999	160,238	297,167	418,511	411,387	10,311	5,295	
Brunei Darussalam	0	0	0	9	8	0	2	0	20	179	87	12	22	
Bulgaria	1,884	18,149	14,678	16,572	675	885	99,494	261,122	182,368	169,240	481,940	359,058	98,540	
Burkina Faso	0	0	0	448	0	347	350	1,538	0	689	731	0	0	
Burundi	0	0	0	0	0	0	0	0	0	0	0	0	26	
Cabo Verde	0	0	0	0	0	0	0	0	0	0	0	0	0	
Cambodia	0	0	0	10	0	0	56	1	0	0	0	4	0	
Cameroon	38	9	72	8	0	0	0	0	0	35	0	1	39	
Canada	333	9,492	10,618	246,432	528,132	287,331	420,454	398,186	1,385,352	2,439,112	2,629,265	3,080,056	2,636,643	
Cayman Islands	0	0	0	0	0	0	0	0	0	0	0	0	0	
Central African Republic	0	0	0	0	0	0	0	0	0	0	0	6	0	
Chad	0	0	70	79	0	0	0	638	20	0	0	0	247	
Chile	3	0	779	374	0	0	0	0	0	0	0	0	0	
China	646,651	1,018,680	1,653,081	1,966,911	2,422,507	3,592,514	5,635,914	7,676,609	5,888,593	10,122,070	16,291,513	16,484,409	14,334,297	
Christmas Islands	10	0	0	0	0	0	0	0	0	0	0	0	0	
Cocos (Keeling) Islands	0	0	0	0	0	0	0	0	0	0	0	0	0	
Colombia	0	1,097	176	1,848	86	20,473	6,210	2,222	103	65	548	100	190	
Comoros	0	0	0	0	0	0	0	0	0	0	0	0	0	
Congo	14	18	0	22	0	29	565	214	890	355	753	6	567	
Cook Islands	0	0	0	0	0	0	0	0	0	0	0	0	0	
Costa Rica	0	0	82	0	0	0	50	111	0	0	0	0	0	
Côte d'Ivoire	0	0	109	123	67	177	1,106	2,285	0	186	0	0	186	
Croatia	411	3,675	22,871	101,653	21,572	32	92,222	33	108,952	20,449	60,660	140,697	350,838	
Cuba	156	1,996	0	2,619	1,662	37	718	0	0	0	0	0	0	
Cyprus	52	3,490	61,863	139,347	286,349	22,517	53	150	0	7,611	89,983	228,282	9,598	
Czech Republic	4,167	15,064	29,791	50,162	23,571	31,088	21,331	73,129	27,436	40,242	48,440	96,086	87,585	
Democratic Republic of the Congo	0	0	0	0	0	0	0	3,220	174	0	283	0	0	
Denmark	373	1,430	4,556	26,256	61,580	132,178	46,024	40,353	52,199	26,272	31,015	33,450	26,286	
Djibouti	0	0	0	0	0	0	0	0	6	0	0	0	0	
Dominica	497	0	0	0	589	0	0	0	0	0	0	0	0	
Dominican Republic	0	1,640	2,537	3,424	0	209	50	116	0	0	62	0	0	
Ecuador	0	540	225	3,850	239	1,072	38	4	58	145	111	25	28	
Egypt	4,078	2,885	2,942	8,982	3,262	14,943	65,971	239,675	10,561	91,613	52,483	45,546	9,361	
El Salvador	0	1,380	237	2,964	7	97	0	0	0	0	0	0	0	
Equatorial Guinea	0	0	10	5	0	0	0	0	2,258	1	25	229	4	
Eritrea	0	0	0	0	0	0	0	0	0	0	0	0	3	
Estonia	5,718	8,055	9,307	42,280	128,516	32,669	15,840	20,954	6,396	52,719	37,864	11,127	4,712	
Ethiopia	599	15	1,678	1,141	905	3,190	1,337	8,121	1,993	0	0	0	0	
Falkland Islands (Malvinas)	0	0	0	0	0	0	0	0	0	0	0	0	0	
Faroe Islands	0	0	0	0	0	0	0	0	0	0	0	0	0	
Fiji	0	0	0	0	0	0	0	0	0	0	0	0	0	
Finland	56,094	48,811	109,883	166,884	177,601	281,303	425,031	634,119	451,220	270,087	582,698	526,625	669,289	
France	7,217	27,434	278,133	1,468,224	2,665,146	3,346,969	3,982,705	5,388,682	3,381,509	4,433,135	5,414,718	5,632,973	5,262,127	
French Polynesia	0	0	0	0	0	0	0	0	0	0	0	0	0	
French South Antarctic Territories	0	0	0	0	0	0	0	0	0	0	0	0	0	
Gabon	0	0	7	0	22	0	11	108	209	1,384	53	23	163	
Gambia	0	0	0	0	0	0	0	0	0	0	0	0	0	
Georgia	2,954	5,238	12,447	31,851	52,046	44,422	60,494	49,735	19,829	68,563	85,470	109,692	62,850	
Germany	495,533	219,732	146,360	212,831	408,936	551,175	392,276	614,177	898,132	1,749,651	1,610,232	1,838,084	426,684	
Ghana	14	292	293	2,015	0	424	2,318	1,700	188	647	976	630	604	
Gibraltar	0	6,179	28,395	69,301	93,246	7,443	29,037	12,487	0	0	0	0	0	
Greece	4,381	30,678	10,717	5,531	138,788	382,946	376,093	502,401	544,831	992,617	575,435	667,251	673,053	
Greenland	0	0	0	0	0	0	0	0	0	0	672	0	0	
Grenada	0	0	0	0	0	0	0	0	0	0	0	0	0	
Guatemala	177	326	343	1,090	303	0	78	113	126	0	0	0	0	
Guinea	45	0	2	0	0	0	0	846	236	1	0	0	0	
Guinea-Bissau	0	0	0	0	0	0	0	0	0	0	0	0	0	
Guyana	0	0	0	0	0	0	0	0	0	0	0	0	0	
Haiti	0	0	0	0	286	0	8	0	0	0	0	0	0	
Honduras	0	0	0	259	0	0	0	0	0	0	0	0	0	
Hong Kong, China	2,743	577	939	195	16,337	82,738	73,353	61,533	1,100	4,802	7,878	77,278	78,732	
Hungary	7,904	12,626	19,971	39,201	80,695	66,124	69,968	123,585	42,942	195,371	107,450	114,505	63,006	
Iceland	0	0	0	32	0	23	1,615	0	0	0	0	3	9	
India	9,279	4,213	5,428	8,575	19,770	59,408	47,905	164,038	96,095	117,027	48,354	190,734	331,751	
Indonesia	2,109	6,029	9,473	7,049	12,885	2,143	706	15,098	34,819	328	7,940	19,928	130,343	
Iran (Islamic Republic of)	208,925	309,882	411,129	712,011	886,118	2,077,598	2,451,368	2,039,530	1,279,004	1,093,884	1,077,031	626,915	538,945	
Iraq	0	6,261	331	3	0	0	6	8,069	4,674	18,891	1,001	3,536	34,115	
Ireland	35	8,045	6,611	2	221,297	1	4,418	107	334	182	258	60,069	1	
Israel	3,599	5,839	60,303	322,423	661,641	622,434	1,058,817	2,226,504	1,121,495	1,279,741	1,418,513	1,535,743	818,293	
Italy	956,196	904,222	1,013,098	3,108,975	4,190,531	6,891,644	7,774,224	11,920,317	6,686,756	9,576,766	15,045,254	15,465,718	15,223,067	
Jamaica	15	463	0	96	0	44	0	0	0	0	0	0	0	
Japan	15,474	22,998	10,437	29,689	137,283	214,144	382,644	803,904	247,528	539,274	1,043,880	1,146,374	624,829	
Jordan	2,301	21,234	42,668	17,636	20,391	12,172	20,873	74,164	30,252	21,095	20,354	11,068	9,746	
Kenya	0	59	47	102	8,377	6,338	504	0	0	22	3	0	212	
Kiribati	0	0	0	0	0	0	0	0	0	0	0	0	0	
Korea, Democratic People's Republic of	0	0	0	0	0	5	664	0	0	68	0	469	0	
Korea, Republic of	43,400	48,866	55,494	162,806	187,527	215,016	217,408	330,879	131,708	232,868	279,213	300,100	128,569	
Kuwait	172	51	0	249	6	97	60	4	60	33	222	544	392	
Kyrgyzstan	83,778	108,462	156,268	219,551	225,275	267,643	354,543	436,810	390,496	424,254	507,842	723,966	670,671	
Lao People's Democratic Republic	45	0	0	0	0	0	0	0	0	0	0	0	0	
Latvia	44,838	61,847	76,834	97,845	126,563	146,846	145,271	237,323	97,218	135,636	183,006	289,717	357,281	
Lebanon	232	851	2,710	900	1,206	5,230	10,917	18,884	2,504	4,897	2,780	6,870	5,123	
Lesotho	0	0	0	0	0	0	0	0	0	0	0	0	0	
Liberia	0	0	0	0	14	0	0	0	0	0	0	0	0	
Libya	0	0	0	177	0	1,217	13,176	2,753	4,192	11,641	16	3,263	27	
Lithuania	8,390	3,625	5,121	18,823	69,879	28,833	50,821	61,381	122,251	67,272	168,988	179,555	122,451	
Luxembourg	0	2	1	2	0	8	17	78	2	274	8	0	7	
Macao, China	0	0	0	0	0	0	0	0	0	0	0	0	0	
Macedonia, The Former Yugoslav Republic of	42	0	0	1,448	5,231	13,982	97,634	8,899	0	0	26	1	0	
Madagascar	0	0	0	0	0	0	0	0	0	0	0	0	0	
Malawi	0	0	0	0	0	0	0	0	0	1	8	0	0	
Malaysia	1,374	2,624	2,378	6,511	5,062	3	982	18	366	506	1,867	1,343	2,151	
Maldives	0	0	0	0	0	0	0	0	0	0	0	0	0	
Mali	0	0	0	0	0	0	766	1,178	0	0	0	0	0	
Malta	277	231	0	0	0	0	0	0	110,949	147	0	0	1	
Marshall Islands	0	0	0	0	0	23	0	0	0	0	0	0	0	
Mauritania	0	49	0	0	0	0	0	0	0	23	14	0	0	
Mauritius	0	24	0	0	0	0	0	0	0	0	0	0	0	
Mexico	0	0	0	0	932	2	30	23	236	65	1,076	14	172	
Mongolia	9,768	8,329	12,000	29,316	47,035	66,381	34,948	33,298	31,319	22,671	35,431	52,772	62,768	
Montenegro	0	0	0	0	0	0	0	0	13	0	0	0	8	
Montserrat	0	0	0	0	0	0	0	0	0	0	0	0	0	
Morocco	304	6,111	18	34	180	30,402	9,710	56,220	5,327	15,359	88,888	77,204	72,924	
Mozambique	0	132	0	0	0	544	0	0	0	351	0	55	82	
Myanmar	0	0	0	0	0	0	0	0	0	0	0	0	0	
Namibia	0	0	0	0	0	0	0	0	1	661	6,848	7,043	7,869	
Nauru	0	0	0	0	0	0	0	0	0	0	0	0	0	
Nepal	0	0	0	0	0	0	0	0	16	0	3	37	0	
Netherland Antilles	0	0	0	0	0	0	0	0	0	0	0	0	0	
Netherlands	141,327	123,553	186,141	464,600	877,836	1,704,555	2,464,262	4,638,669	2,222,452	4,160,972	6,637,107	7,479,433	9,729,313	
New Caledonia	0	0	0	0	0	0	0	0	0	0	0	0	0	
New Zealand	445	291	708	1,003	2,863	863	1,323	927	1,581	1,334	1,214	16	344	
Nicaragua	0	509	262	377	0	0	0	0	0	0	0	0	0	
Niger	102	36	0	0	0	0	0	0	0	4	59	0	0	
Nigeria	1,658	3,238	6,304	1,487	1,237	18,050	23,555	10,114	45	3,040	6,034	1,123	275	
Niue	0	0	0	0	0	0	0	0	0	0	0	0	0	
Northern Mariana Islands	0	0	0	0	0	0	0	0	0	0	0	0	0	
Norway	6,475	5,909	3,074	5,573	8,311	7,259	24,697	48,165	7,152	6,324	1,740	8,287	5,121	
Oman	569	5	0	9	295	1,162	1,910	17,044	59	104	2,358	251	461	
Pakistan	489	438	742	744	2,099	1,662	13,705	25,217	22,593	16,006	3,555	15,266	4,508	
Palestine, State of	0	0	0	0	0	0	0	0	0	0	0	0	0	
Panama	12,016	4,645	420	647	851	0	64	1,854	0	57	129	200	142	
Papua New Guinea	0	0	0	0	613	2	0	2	0	20	280	285	21	
Paraguay	0	0	0	0	0	0	0	0	0	0	0	0	0	
Peru	5,676	2,026	0	0	0	0	0	2	0	28	84	0	2	
Philippines	2,319	0	6,472	24,389	18,615	15,566	1,772	1,278	1	0	39	19	50	
Pitcairn	0	0	0	0	0	0	0	0	0	0	0	0	0	
Poland	164,157	320,482	200,965	188,569	367,590	204,446	256,954	461,546	835,793	1,215,521	1,305,356	1,631,975	679,582	
Portugal	1,067	5,133	53,600	318,610	316,983	298,155	394,627	561,538	274,381	733,487	1,137,753	1,019,549	933,440	
Qatar	732	20	23	2	1,274	273	193	26	28	309	740	836	190	
Republic of Moldova	2,709	2,734	34,903	44,642	52,458	31,208	94,926	215,843	164,461	28,471	38,527	47,963	43,164	
Romania	7,837	121,044	32,792	32,739	460,285	747,116	686,469	1,010,759	840,321	1,281,900	2,265,799	3,033,789	2,263,939	
Russian Federation	1,733,412	1,497,738	1,967,740	2,836,286	2,926,578	3,730,037	4,658,919	6,227,049	3,546,967	3,006,543	7,514,522	6,747,212	5,806,508	
Rwanda	88	0	0	0	0	0	0	0	0	0	0	0	0	
Saint Helena	5	24	0	0	0	0	0	0	0	0	0	0	0	
Saint Kitts and Nevis	0	0	0	0	0	0	0	0	0	0	0	0	0	
Saint Lucia	0	0	0	0	0	0	0	0	0	0	0	0	0	
Saint Vincent and the Grenadines	0	0	0	0	0	0	0	0	0	0	0	0	0	
Samoa	0	0	0	0	0	0	0	0	0	0	0	0	0	
Sao Tome and Principe	0	0	0	0	0	0	0	0	0	0	0	0	0	
Saudi Arabia	2,884	13,792	27,655	2,190	429	9,352	73,521	65,832	302	10,924	3,358	3,625	2,187	
Senegal	0	0	0	69	1,473	1,786	3,851	7,683	1,203	1,225	5,538	0	5,087	
Serbia	0	0	0	0	0	704	118	2,328	1,020	5,018	4,937	7,396	4,499	
Serbia and Montenegro	2,424	208	1,399	106	2,576	0	0	0	0	0	0	0	0	
Seychelles	0	29	315	66	74	364	0	3,604	7,281	2,889	225	62	0	
Sierra Leone	0	0	0	0	0	0	0	0	0	0	0	9	0	
Singapore	25,954	5,898	253	447	192	0	406	1,220	2,490	3,309	2,658	1,699	55,546	
Slovakia	17,606	25,957	76,690	105,611	43,759	44,830	39,047	773,373	1,045,019	536,519	76,724	59,300	40,526	
Slovenia	22	3	354	104	835	7,172	9,810	12,068	9,341	12,107	24,433	36,291	23,275	
Solomon Islands	0	0	0	0	0	0	0	0	0	0	0	0	0	
Somalia	0	0	0	0	0	0	0	0	0	0	0	0	0	
South Africa	157	565	2	27	43	7,494	23	0	469	3,518	4,797	125	1,581	
Spain	6,782	11,549	17,544	281,365	464,489	968,365	775,884	896,589	580,285	921,411	1,135,352	768,177	1,844,328	
Sri Lanka	281	234	0	218	0	321	117	126	0	2	0	0	127	
Sudan (North + South)	0	9,033	1,087	11	0	0	4,161	910	761	5,929	0	82,947	0	
Suriname	0	0	0	0	0	0	0	0	0	0	0	0	0	
Swaziland	0	0	0	0	0	0	0	0	0	0	0	0	0	
Sweden	208	13,263	727	4,916	16,891	222,766	223,682	444,484	169,881	241,892	152,255	24,305	39,403	
Switzerland	378,243	773,596	1,679,931	3,760,396	5,509,511	6,721,180	7,475,877	11,281,326	2,668,219	1,234,987	4,952,837	4,965,171	4,258,471	
Syrian Arab Republic	8,366	8,387	8,508	9,116	14,817	16,066	39,618	32,185	10,404	7,174	3,192	4,221	0	
Taipei, Chinese	1,062	2,669	3,560	12,454	12,797	2,760	4,997	10,158	0	0	7	859	2,495	
Tajikistan	61,198	45,740	75,736	136,126	150,609	157,351	278,466	268,510	240,347	259,737	356,778	535,327	492,614	
Tanzania, United Republic of	60	27	4	62	0	224	5,390	83	0	6,277	225	0	49	
Thailand	3,153	17,849	16,350	19,063	24,581	6,436	16,296	28,226	3,157	14,133	5,757	11,595	2,550	
Timor-Leste	0	0	0	0	0	0	0	0	0	0	0	0	0	
Togo	0	0	0	605	0	526	0	1,128	0	578	0	0	0	
Tokelau	6	0	0	0	0	0	0	0	0	0	0	0	0	
Trinidad and Tobago	286	178	42	0	0	52	0	0	10	3	63	32,310	294	
Tunisia	0	23,639	14,792	15	0	2,916	147,274	321,580	11,453	8,358	13,687	7,992	6,554	
Turkey	74,231	97,449	99,193	147,057	156,975	348,200	934,365	1,903,764	791,832	1,234,821	2,574,351	3,229,013	2,595,072	
Turkmenistan	14,178	15,254	37,169	26,091	17,332	20,689	77,863	217,598	108,949	91,556	116,251	165,601	175,390	
Turks and Caicos Islands	0	0	0	0	0	0	0	0	0	0	0	0	0	
Tuvalu	0	0	0	0	0	0	0	0	0	0	0	0	0	
Uganda	0	0	655	0	0	0	0	0	0	1,029	4	990	6	
Ukraine	490,215	291,469	426,224	277,757	200,378	622,803	1,113,097	2,003,343	1,289,161	665,658	2,670,503	2,549,008	2,035,522	
United Arab Emirates	330,340	472,277	215,057	31,784	20,177	80,005	56,128	90,491	20,173	13,802	34,020	122,303	31,702	
United Kingdom	271,586	131,824	143,189	240,091	320,505	1,143,876	1,133,234	1,811,204	1,235,083	1,379,479	1,619,185	1,694,562	1,502,444	
United States Minor Outlying Islands	0	0	0	0	0	0	0	0	0	50	0	0	0	
United States of America	142,412	116,942	99,074	273,923	666,028	462,258	419,702	569,599	612,615	868,051	1,028,886	441,869	394,416	
Uruguay	0	0	0	0	0	0	0	0	0	0	0	0	0	
Uzbekistan	150,234	101,022	137,802	201,674	242,564	384,583	871,733	1,272,045	891,846	1,101,225	1,179,464	1,343,721	1,126,615	
Vanuatu	0	0	0	0	0	0	0	0	0	0	0	0	0	
Venezuela	46	179	86	121	59	7	9	152	33	10	291	28	14	
Viet Nam	12,812	27,015	42,891	54,363	50,937	15,359	56,807	72,901	66,400	10,849	7,353	5,321	1,430	
Wallis and Futuna Islands	66	0	0	0	0	0	0	0	0	0	0	0	0	
Western Sahara	0	0	0	0	0	0	0	0	0	0	0	0	0	
Yemen	300	0	0	0	94	21,756	26,144	995	7	654	201	79,925	166	
Zambia	0	0	0	0	0	0	0	0	0	0	0	0	0	
Zimbabwe	0	0	0	0	199	0	0	0	0	0	0	0	562	
