List of importing markets for a product exported by Iceland (Mirror) Product: TOTAL All products
"Importers"	"Exported value in 2001"	"Exported value in 2002"	"Exported value in 2003"	"Exported value in 2004"	"Exported value in 2005"	"Exported value in 2006"	"Exported value in 2007"	"Exported value in 2008"	"Exported value in 2009"	"Exported value in 2010"	"Exported value in 2011"	"Exported value in 2012"	"Exported value in 2013"	
Total	2,345,332	2,418,577	2,611,122	2,959,551	2,933,926	3,533,919	4,104,376	4,395,960	4,626,478	5,418,129	6,280,009	5,916,431	4,864,364	
Albania	9	181	287	478	68	63	213	299	87	1,244	697	356	17	
Algeria	4,982	2,985	6,856	8,934	7,701	3,306	176	831	55	294	1,557	510	275	
Andorra	10	2	2	14										
Antigua and Barbuda					45		630		11	25	0	5	0	
Argentina	245	1,179	197	328	83	271	344	1,706	395	1,422	1,448	520	478	
Armenia	97	16	185	377	201	472	9	144	10	502	87	124	162	
Australia	2,758	3,132	3,370	8,644	7,246	18,041	21,426	20,999	9,115	8,806	10,851	10,965	11,601	
Austria	4,639	4,171	15,961	4,490	3,523	3,949	14,184	16,992	6,453	8,023	10,552	10,396	5,468	
Azerbaijan	8	59	38	5	229	7,344	21	138	9	111	479	631		
Bahamas	2	60	3	1	0	149	72	0	0	3	11	0		
Bahrain	468	556	412	203	560	1,643	1,503	222	48	623	156			
Bangladesh	324	680	1,091	99	187	1,067	95							
Barbados	28	57	46	23	76	60	20	44	32	11	24	156	33	
Belarus	2,020	5,858	12,212	26,739	39,516	53,715	49,994	59,921	64,108	36,602	50,240	64,599	66,814	
Belgium	35,048	40,091	51,089	74,641	89,740	94,289	107,644	89,823	92,504	89,484	84,144	82,650	76,592	
Belize	55	3	24	26	13	1	17	1	18	4	0	43	0	
Benin	88	0	71	73	0	43	0	118	150	568	6	485	3,339	
Bermuda												200	113	
Bolivia	0	2	16	9	2	15	11	6	21	104	17	38		
Bosnia and Herzegovina			127	65	128	206	387	532	674	254	300	874	1,016	
Botswana	0	12	75	0	330	9	85	50	757	66	19	0	1	
Brazil	2,008	3,931	2,812	4,005	1,856	3,637	4,796	10,114	4,704	6,770	10,061	15,379	14,622	
Brunei Darussalam	5	0	1	1		7				6	3	59	37	
Bulgaria	334	447	282	1,887	834	1,440	3,161	3,353	2,641	1,432	2,133	184	271	
Burkina Faso	0	191	0	31	627		2	264	0	6	0	3		
Burundi	148	0	0	0	0	0	0	35	0	0	0	0	0	
Cabo Verde	0	0	0	0	0	2	0		0	0	3	0	4	
Cambodia	3	1	192	0	0	111	905	6	0	529	7	0		
Cameroon	260	12	1	18	36	119	125	134	117	25,155	108	3,137		
Canada	37,659	34,117	24,435	23,853	45,946	27,329	27,234	32,132	28,385	31,883	42,458	55,765	43,226	
Central African Republic	0	0	0			749	0	1,003	20	0	0	46	0	
Chile	3,566	2,774	2,471	2,849	2,991	3,334	4,979	4,736	6,351	6,317	7,350	8,677	10,057	
China	18,585	14,425	22,777	27,337	46,732	39,988	35,649	35,106	33,253	41,320	75,599	88,961	75,814	
Colombia	196	325	362	243	205	657	1,923	1,420	1,093	1,211	908	1,883	1,081	
Comoros	0	0	0	0	0	0	0	0	109					
Congo							14	36	50	48	14,034	48	3	
Cook Islands					6									
Costa Rica	0	6	5	9	64	61	40	27	46	20	41	42	116	
Côte d'Ivoire	249	199	57	126	49	312	359	248	114	187	145	499		
Croatia	1,224	1,692	1,727	2,866	3,400	6,065	4,005	3,461	3,246	4,015	5,150	5,193	1,748	
Cuba	7	8	37	12	204	348								
Cyprus	194	167	283	350	427	246	421	1,138	425	18	72	373	397	
Czech Republic	1,179	3,623	3,095	1,526	7,498	15,426	27,136	52,861	50,272	57,764	52,602	69,880	72,705	
Denmark	166,846	110,007	137,757	126,859	123,650	115,131	153,581	186,579	116,872	134,831	158,203	187,407	212,305	
Dominica	0	0	0	1	0	0	0	2	0	2	1,289	0		
Dominican Republic	213	41	152	164	136	216	368	174	151	157	693	224	59	
Ecuador	55	344	71	37	0	1	269	0	178	37	186	81	369	
Egypt	1,971	855	608	1,018	610	409	402	1,506	448	1,500	11,162	7,958	12,761	
El Salvador	2	33	3	0	0	0	130	6	25	17	46	112	54	
Eritrea			0											
Estonia	490	1,364	1,828	1,971	859	1,947	2,150	2,674	1,984	2,679	4,395	4,117	4,778	
Ethiopia	3,453	145	1,899	1,402	2,206	258	231	427	604	1,154	420	385		
Faroe Islands	32,155	22,886	24,009	26,570	17,769	24,433	24,325	30,690	20,503					
Fiji		5	0	121	100	369	0	164	26	279	3	140		
Finland	16,626	19,290	20,532	14,626	12,995	15,690	24,607	17,922	14,830	10,428	6,913	12,206	14,368	
France	105,353	117,833	145,453	144,421	141,667	138,995	124,974	135,795	139,560	150,342	188,044	198,038	225,338	
French Polynesia	65	131	90	68	88	114	101	162	101	56	182	117	133	
Gabon	18	459	1,127	76	1	1	69	39	306					
Gambia	51	0	0	0	0	0	0	0	0	0	43			
Georgia	33	735	1,515	2,942	61	0	8	77	90	433	1,435	1,319	3,111	
Germany	330,252	432,409	472,834	541,139	530,223	557,665	687,124	813,223	598,597	940,165	1,077,410	773,050	748,882	
Ghana	0		195		2	22	31	21	78	335	56	1,707		
Greece	4,920	8,278	17,506	10,086	14,771	24,165	14,906	17,334	4,649	10,082	8,646	4,944	4,044	
Greenland	2,779	2,709	3,725	5,148	2,695	2,019	2,768	3,572	3,249	8,401	9,906	12,115	3,942	
Grenada	190	3	4	7	31	29	34	87						
Guatemala	19	3	0	1	44	1	8	7	74	1	31	500	0	
Guinea	0	5,741		22	584	7	21	18		301	34	160		
Guyana	3	3	33	1	68	2	0	10	16	31	27	13	76	
Honduras	13	122	36	164	115	1,906	62	318	37	9	19	15	24	
Hong Kong, China	304	1,221	2,377	2,862	2,762	3,896	3,472	2,552	3,089	2,930	4,792	5,159		
Hungary	479	2,477	1,032	2,981	2,153	4,736	4,479	7,388	5,370	8,732	8,506	2,063	24,542	
India	1,048	10,908	12,287	3,253	4,850	4,952	2,275	4,262	10,202	4,285	5,007	2,296	1,639	
Indonesia	294	574	507	41	54	694	593	2,512	242	2,425	3,120	853	534	
Iran (Islamic Republic of)	0	6	0	0	0	0				2,594	634			
Ireland	4,419	4,776	5,442	7,362	9,196	20,674	15,644	10,306	12,417	13,114	13,149	12,613	13,029	
Israel	9,727	10,066	12,513	13,675	14,296	14,947	13,289	17,662	11,901	19,774	6,072	3,288	2,396	
Italy	9,156	15,327	5,089	4,105	4,094	1,572	7,342	4,331	24,300	52,889	113,592	83,937	82,189	
Jamaica	415	183	44	106	39	6	11	59	0	90	7	0		
Japan	107,761	101,198	116,619	125,737	138,764	129,880	128,526	142,491	126,533	149,820	176,425	166,943	162,309	
Jordan	0	4	3	7		78	0	378	607	17	585	237	298	
Kazakhstan	259	600	591	1,242	967	2,664	1,709	998	1,051	4,051	4,067	3,075	4,255	
Kenya	1,553	692	454	1,149	1,600	481	635	293	1,461	476	625			
Korea, Republic of	5,992	4,482	6,434	19,189	9,127	13,440	20,795	21,672	10,631	14,069	18,793	27,966	28,701	
Kuwait	521	132	265	164		187	195	193						
Kyrgyzstan	1	1	722	608	549	835	425	41	6	280	155	97		
Latvia	3,578	3,455	2,932	3,578	3,204	2,850	2,987	2,461	2,720	3,942	4,191	4,634	3,915	
Lebanon	55	43	19	36	11	21	315	61	70	417	201	55	143	
Lesotho	0	6	0					0	0	13				
Libya							178	83	304	0				
Lithuania	5,377	14,413	12,414	14,778	13,399	15,910	18,021	19,769	16,231	12,756	17,852	14,420	13,456	
Luxembourg	339	267	591	516	554	662	1,794	5,384	17,034	2,036	5,802	23,230	17,537	
Macao, China	0	0	2	52	1	1	8	9	0	0		4		
Macedonia, The Former Yugoslav Republic of	63	84	331	128	70	80	99		89	167	900	285	310	
Madagascar	40	242	166	129	21	51	20	0	0	2	1	32	5	
Malawi	4	16	874	29	33	39	42	35	72	220	63	42	3	
Malaysia	610	56	56	135	297	3,234	323	76	1,077	5,041	8,717	12,675	6,398	
Maldives	0	0	0	0	0	0	0	0	0	0	0	0	26	
Mali	12	48	3	44	93	1	459	174		40	276	4,893		
Malta	519	3,193	1,568	8,755	3,747	4,099	1,951	1,680	856	509	1,129	1,364	4,105	
Mauritania	0	4	0	22,798	1,295		11	280	229	246	7	54		
Mauritius	7	4	11	85	24	42	455	43	106	164	419	263	96	
Mayotte	10	3	8	1	6	3	9	6	18					
Mexico	1,657	637	5,561	1,987	2,886	4,024	5,775	5,397	5,607	2,846	5,266	3,706	9,376	
Mongolia	0		0	9	97	3	10						132	
Montenegro						19	42	65	361	159	169	565	565	
Montserrat	0	0	0	0	1	0	0	4	0			0	156	
Morocco	168	572	785	1,440	370	924	736	3,110	787	6,658	2,447	7,908	6,092	
Mozambique	2	6	34	0	8	3,438	2,950	1,236	641	622	94	13	31	
Myanmar										48				
Namibia	1,089	5,159	2,318	1,629	596	2,517	1,190	775	519	324	280	184	586	
Nepal			27						1,213	39	294			
Netherland Antilles					48	14	0	7						
Netherlands	281,265	171,970	197,248	242,495	233,287	477,393	782,171	691,351	1,410,600	1,730,787	2,103,951	1,864,908	1,034,984	
New Caledonia	61	59	73	65	149	137	129	431	308	119	216	174	167	
New Zealand	1,398	1,161	1,667	2,063	3,918	2,324	2,813	5,997	6,063	3,061	13,198	5,722	9,987	
Nicaragua	0	3	1	0	17	8	13	31	6	10	5	584	11	
Niger	0	20	91	1	3	19	38	3	0	1	18	2	0	
Nigeria	3,674	9,980	11,780			35,262	48,647	48,329	99,063	120,696	106,241	150,926		
Norway	111,337	97,764	103,443	93,233	83,438	126,078	178,188	237,345	227,161	208,309	258,305	254,854	232,067	
Oman	30	46	0	14	0	0	1	5	193	25	45	0	0	
Pakistan			99	395	2,024	965	1,104	507	974	1,196	866	513	447	
Palestine, State of							0	0	2	11	306	170		
Panama	204	258	111		28	222	89	12	0	0	0			
Papua New Guinea	142	66	105	9							30,104	303		
Paraguay	0	3	0	0	3	0	4	0	5	6	4	3	14	
Peru	107	31	6	65	165	20	31	144	160	125	79	105		
Philippines	113	32	140	37	0	123	38	73	92	57	88	859	1,991	
Poland	24,190	53,539	33,373	42,287	43,001	80,888	54,841	87,286	61,129	93,437	138,615	166,666	170,793	
Portugal	109,179	79,955	55,032	50,710	41,388	33,859	65,186	46,251	24,793	18,000	26,662	74,064	22,166	
Qatar	45	67	0	52	23	125	111	249	1,447	379	622	332	857	
Republic of Moldova	98	267	391	456	277	1,635	2,977	5,492	4,525	4,715	6,959	8,911	6,932	
Romania	562	1,188	2,045	1,718	1,988	2,600	2,265	2,688	1,509	4,050	4,944	9,788	5,048	
Russian Federation	7,552	9,098	10,589	27,749	39,666	77,458	66,745	80,715	53,940	122,581	197,290	180,663	194,958	
Rwanda	108	3	20	21	359	188	119	127	0	2	12	0	33	
Saint Kitts and Nevis	7	0	1	0	2	4	17	805	59	41	2			
Saint Lucia	6	0	0	0	0	6	19	2						
Saint Vincent and the Grenadines	5	185	0	0	30	20	47	56	75	80	15	40		
Samoa	0	13	18	0	0	0	0	1	0	0	0	3	0	
Sao Tome and Principe	0	0	0	0	0	0	0	0	0	0	0	0	29	
Saudi Arabia	1,055	1,944	156	186	465	816	1,383	1,158	876	2,664	2,709	1,366		
Senegal	4	3	6	2	29	26	78	102	140	5,719	10,082	940	703	
Serbia					381	690	1,448	1,921	2,077	8,635	10,900	5,629	1,792	
Serbia and Montenegro	548	4,064		916										
Seychelles	0	0	0		8	26		8						
Singapore	235	463	0	0	0	0	0	0	0	0	1,990	3,735	4,474	
Slovakia	518	2,602	1,484	1,414	1,113	2,678	6,632	8,178	16,088	13,894	11,877	7,026	10,305	
Slovenia	382	397	497	678	937	724	2,485	2,033	629	11,773	3,835	2,464	1,400	
South Africa	3,453	2,453	3,715	3,708	6,369	5,486	5,179	6,556	3,587	4,934	2,408	9,571	5,747	
Spain	111,003	126,167	163,347	209,871	216,684	217,645	200,048	208,184	202,957	169,071	156,592	123,403	125,033	
Sri Lanka	22	1	13	53	117	105	239	116	179	911	102	2,783		
Sudan (North + South)	14	153	0	8	0	0		69	328	51	13			
Suriname	0			7	2	88	0		549	65	0			
Sweden	25,342	27,924	26,871	28,006	31,272	28,344	38,484	43,766	30,388	33,794	29,692	26,107	25,943	
Switzerland	41,481	30,226	42,096	47,032	29,570	85,128	56,479	38,947	83,451	64,328	33,508	22,755	25,201	
Syrian Arab Republic	0	0	0	0	0	7	1,339	0	63	47				
Taipei, Chinese	11,233	12,600	9,059	15,049	5,662	6,592	3,694	6,472	14,019	13,636	14,462	14,863	17,634	
Tanzania, United Republic of	111	131	820	2,026	505	154	6	115	159	17	5	3	67	
Thailand	9,272	10,108	9,117	5,685	6,908	5,070	5,709	6,443	3,650	5,262	14,084	7,837	8,918	
Timor-Leste				11	0									
Togo	32	2	33	32	13		44	73	0	0	257	0	1	
Tonga	0	0	0					0	0	74	13	13		
Trinidad and Tobago	128	7	7	9	0	1	62	96	586	63				
Tunisia	30	6	58	227	231	165	235	651	1,246	212	1,069	727	138	
Turkey	2,120	3,224	2,160	9,028	7,951	5,254	6,412	3,079	6,941	18,094	27,936	14,099	19,962	
Turks and Caicos Islands	0	0	0	0							101	0		
Uganda	84	461	715	48	468	1,177	90	108	0	1	2	286	564	
Ukraine	3,044	2,960	4,357	8,047	13,104	29,152	37,457	43,007	38,699	51,909	43,244	79,623	114,302	
United Arab Emirates					280		584	2,140						
United Kingdom	402,609	430,665	458,084	566,811	552,628	632,354	726,238	734,784	664,583	585,290	552,817	562,749	510,284	
United States of America	245,932	309,595	297,307	290,344	281,629	262,168	217,075	252,396	189,784	210,780	227,224	299,939	311,497	
Uruguay	93	40	0	12	26	10	242	12,885	284	79	47	544	233	
Vanuatu						0	0		0	2	5			
Venezuela	234	0	6	0	1,245	0		1,569	667	506	1,907	28	581	
Viet Nam	7,865	1,151	2,917	3,033	1,963	5,678	6,391	8,489	9,000	10,291	0	0		
Yemen				29	140	47	1	16	0	10	82	0		
Zambia	52	1	9	170	16	104	2	15	7	79	339	158	7	
Zimbabwe	989	308		23	34	68	233	184	42	388	118	50	36	
