List of importing markets for a product exported by Canada Product: TOTAL All products
"Importers"	"Exported value in 2001"	"Exported value in 2002"	"Exported value in 2003"	"Exported value in 2004"	"Exported value in 2005"	"Exported value in 2006"	"Exported value in 2007"	"Exported value in 2008"	"Exported value in 2009"	"Exported value in 2010"	"Exported value in 2011"	"Exported value in 2012"	"Exported value in 2013"	
World	261,058,871	252,584,260	272,229,686	317,161,192	360,552,446	388,178,676	419,881,604	455,632,184	315,176,831	386,579,900	450,430,008	453,380,895	456,395,278	
Afghanistan	108	1,201	6,447	7,507	15,789	6,318	12,668	23,969	52,482	97,904	58,159	42,203	39,283	
Albania	1,624	1,645	1,714	1,841	4,767	11,354	12,246	35,046	18,866	33,698	61,416	44,617	35,773	
Algeria	191,937	282,332	249,377	218,651	189,284	223,913	471,265	830,568	306,681	290,349	250,687	420,080	362,029	
Andorra	111	95	148	54	102	103	220	152	100	86	108	149	26	
Angola	2,968	4,339	19,240	17,827	61,263	53,534	76,939	126,301	71,595	189,390	124,405	109,190	79,647	
Anguilla	1,810	907	585	951	1,304	1,494	1,514	2,524	1,685	890	2,446	640	958	
Antigua and Barbuda	6,885	5,740	13,104	13,069	15,327	62,225	17,840	21,218	18,581	19,512	10,337	18,986	15,537	
Area Nes	2,006	3	317	78	18	0	30	21	0	0	0	0	0	
Argentina	86,213	27,960	55,727	98,746	144,030	169,556	237,543	251,344	153,072	275,805	500,169	300,117	275,220	
Armenia	1,244	1,563	2,109	2,213	4,196	4,865	8,558	20,124	7,754	18,389	16,932	13,614	14,066	
Aruba	1,807	2,687	4,504	6,047	10,350	8,792	11,505	6,795	5,575	26,841	6,952	11,247	15,299	
Australia	697,181	745,653	1,051,942	1,212,578	1,354,309	1,623,443	1,629,150	2,021,237	1,558,017	1,701,764	1,916,685	2,040,262	1,619,210	
Austria	196,434	155,439	178,352	224,877	372,521	403,537	377,401	453,748	346,187	342,227	371,241	316,837	404,705	
Azerbaijan	2,636	2,216	20,544	9,863	15,320	18,688	29,651	18,610	27,264	19,357	13,579	40,658	30,776	
Bahamas	19,267	26,016	23,401	27,130	54,984	50,892	89,227	217,402	132,374	151,166	132,148	503,937	187,546	
Bahrain	8,767	9,953	12,301	18,843	23,213	27,408	37,923	49,171	34,243	63,655	73,266	69,518	37,493	
Bangladesh	84,377	44,588	90,567	84,193	85,062	145,243	344,109	270,923	551,288	578,339	557,235	525,481	642,052	
Barbados	22,153	24,556	32,779	38,273	50,673	58,374	56,707	46,741	50,758	39,077	49,011	61,382	147,247	
Belarus	1,887	2,849	5,634	4,134	7,286	10,689	5,549	4,017	1,289	1,622	2,182	2,817	1,624	
Belgium	1,248,590	1,222,314	1,316,421	1,740,429	1,893,185	2,124,880	2,773,240	3,230,501	1,666,209	2,092,976	2,416,180	2,307,764	2,403,107	
Belize	2,306	3,304	4,042	4,812	5,953	8,924	6,627	6,919	5,565	6,482	6,173	8,397	8,275	
Benin	4,989	3,591	4,372	4,532	3,113	14,089	10,253	13,250	8,019	14,900	14,219	21,818	23,323	
Bermuda	23,996	71,927	35,333	53,332	65,214	68,339	62,445	65,439	58,530	42,100	80,009	34,382	38,710	
Bhutan	57	12	0	62	42	43	290	28	151	1,574	568	20	210	
Bolivia	10,185	4,557	5,513	9,183	13,227	23,114	14,146	44,709	10,968	47,504	16,598	34,048	25,630	
Bosnia and Herzegovina	838	439	2,013	1,363	1,978	4,715	4,979	6,131	3,057	4,659	4,428	2,231	1,795	
Botswana	1,189	2,317	3,485	12,974	5,199	12,012	11,416	10,121	3,898	3,635	4,839	2,065	268,217	
Brazil	618,634	488,499	636,007	732,853	912,557	1,170,980	1,408,668	2,431,911	1,404,143	2,489,570	2,868,820	2,580,227	2,401,034	
British Indian Ocean Territories	3	8	870	1,212	1,860	1,356	837	892	1,030	2,129	21	131	222	
British Virgin Islands	1,496	1,563	3,300	3,401	2,951	3,852	2,418	9,095	3,338	21,760	48,824	1,804	3,529	
Brunei Darussalam	733	1,168	1,954	3,496	2,630	15,548	2,829	2,436	4,998	11,806	3,703	4,306	23,299	
Bulgaria	13,522	10,633	12,411	39,222	39,356	46,960	29,687	75,175	62,312	114,211	192,390	169,118	72,144	
Burkina Faso	3,463	1,391	2,153	7,248	12,572	3,496	12,306	11,731	36,201	29,921	50,701	66,691	50,480	
Burundi	318	500	1,759	1,106	2,103	724	1,811	1,879	1,074	901	1,107	1,434	2,540	
Cabo Verde	37	94	43	38	688	243	142	928	1,275	1,068	1,841	729	1,550	
Cambodia	1,004	1,063	1,032	1,240	2,020	3,003	5,321	3,214	6,189	4,050	11,533	7,602	5,134	
Cameroon	19,499	8,960	14,024	7,880	12,911	8,605	18,186	22,590	30,114	28,828	27,410	39,586	43,221	
Canada	0	0	0	0	0	0	0	0	0	0	0	0	0	
Cayman Islands	42,241	5,625	7,030	10,988	20,527	33,351	54,151	14,868	6,957	7,488	8,552	9,164	58,104	
Central African Republic	178	277	96	528	259	224	445	328	878	126	312	194	32	
Chad	2,157	718	2,984	2,807	4,860	10,462	13,043	5,724	10,920	6,662	2,956	4,341	24,369	
Chile	238,455	180,164	231,526	276,671	344,906	417,011	702,068	683,352	566,305	570,637	826,887	789,751	784,838	
China	2,755,220	2,633,770	3,436,397	5,209,106	5,961,766	6,879,498	8,873,347	9,881,454	9,797,290	12,854,414	16,984,616	19,363,968	19,923,755	
Christmas Islands	13	290	153	266	422	365	119	253	242	892	494	329	1,232	
Cocos (Keeling) Islands	2	0	67	201	52	117	1,222	622	205	138	306	211	78	
Colombia	236,381	218,922	219,794	297,858	370,426	452,504	617,764	669,152	520,148	623,935	768,400	828,749	696,161	
Comoros	134	21	164	217	717	716	442	462	2,772	132	436	474	303	
Congo	8,753	2,728	4,839	9,081	9,772	15,025	24,222	36,025	26,832	18,254	26,462	20,384	18,566	
Cook Islands	8	2	659	289	362	239	498	517	69	80	240	436	156	
Costa Rica	40,618	49,048	50,556	58,951	70,273	60,832	76,094	101,547	70,205	97,077	162,343	185,602	111,583	
Côte d'Ivoire	10,176	12,597	4,279	7,950	10,519	16,682	16,319	25,778	23,612	21,630	20,642	37,776	37,020	
Croatia	8,897	8,746	34,171	15,636	16,866	22,193	26,063	67,100	90,983	91,638	36,370	17,051	21,067	
Cuba	254,800	178,870	195,613	253,709	370,229	453,191	525,476	722,558	279,313	379,140	466,975	422,266	454,716	
Cyprus	9,992	13,548	6,399	21,665	8,894	13,007	17,387	16,858	10,959	47,294	12,531	9,582	7,761	
Czech Republic	33,846	53,326	71,213	88,064	116,352	191,431	223,667	220,273	120,156	113,072	122,174	116,985	130,878	
Democratic Republic of the Congo	0	7,658	8,300	8,092	12,410	17,697	36,899	23,534	16,241	13,589	19,244	22,687	16,949	
Denmark	371,120	256,533	194,900	223,485	239,979	276,045	361,701	403,326	543,652	299,931	275,832	333,445	237,559	
Djibouti	183	665	432	1,569	1,654	2,438	1,084	1,484	2,387	4,676	1,684	1,974	2,548	
Dominica	1,807	1,719	5,704	4,228	4,195	5,393	4,588	5,744	4,219	4,700	4,078	5,400	5,061	
Dominican Republic	70,521	82,145	60,957	77,945	120,081	142,465	184,775	196,911	112,692	188,619	150,237	127,527	149,847	
Ecuador	86,111	85,293	106,146	125,179	130,540	139,385	227,549	224,716	236,442	255,347	284,095	265,265	294,548	
Egypt	143,112	117,826	165,758	155,090	260,383	372,463	323,660	597,305	561,729	610,405	718,354	447,540	485,627	
El Salvador	22,917	26,001	33,106	40,301	46,059	44,475	44,637	58,042	52,052	35,253	36,563	34,724	41,718	
Equatorial Guinea	1,901	1,338	2,269	1,447	2,095	1,357	2,301	21,613	7,276	4,622	11,556	10,882	5,238	
Eritrea	287	244	2,002	492	1,351	976	899	1,216	2,102	2,594	4,747	2,589	1,248	
Estonia	4,248	3,661	5,921	8,117	23,555	25,440	30,994	22,349	26,865	22,657	105,875	22,879	18,410	
Ethiopia	4,571	3,846	17,057	11,655	22,377	13,565	15,112	52,472	10,143	168,427	17,316	121,317	21,027	
Falkland Islands (Malvinas)	14	9	97	100	82	41	23	124	11	111	113	38	63	
Faroe Islands	177	137	150	1,601	1,991	2,144	1,731	1,826	917	462	548	596	434	
Fiji	1,827	4,666	4,092	3,092	7,633	3,196	4,573	2,610	4,474	4,064	7,409	8,525	5,815	
Finland	169,882	176,573	251,076	247,697	358,075	417,869	670,614	951,536	290,642	389,466	761,628	455,689	338,873	
France	1,402,916	1,276,550	1,565,142	1,833,678	2,096,744	2,540,996	2,916,351	3,058,325	2,351,621	2,282,191	3,111,145	3,154,235	2,940,290	
French Polynesia	6,242	5,267	7,881	12,090	13,075	12,686	15,135	17,339	9,655	11,965	12,276	8,428	20,561	
French South Antarctic Territories	135	1,698	3,345	1,928	2,036	424	1,105	3,541	1,784	801	1,034	7,796	1,685	
Gabon	2,756	4,097	2,284	8,444	9,242	15,341	18,495	30,241	30,505	19,479	20,674	26,120	27,958	
Gambia	360	364	257	203	257	565	739	795	679	769	820	966	1,306	
Georgia	4,757	1,580	1,931	6,806	9,169	12,896	14,262	23,041	15,366	18,531	22,854	19,960	27,947	
Germany	1,893,271	1,883,499	2,080,686	2,065,303	2,674,962	3,487,002	3,587,148	4,220,558	3,250,435	3,676,691	3,859,481	3,400,807	3,252,990	
Ghana	40,546	44,872	43,457	51,914	77,946	97,055	129,585	169,270	139,000	174,013	268,995	215,667	249,055	
Gibraltar	151	325	7,996	14,457	34,474	30,652	40,341	563,381	15,136	24,588	95,323	28,587	78,829	
Greece	165,612	92,828	132,875	224,590	115,032	135,278	144,299	143,744	98,200	111,568	89,014	98,409	87,218	
Greenland	5,512	2,932	5,704	10,789	16,824	21,501	17,551	12,776	11,138	14,140	15,957	10,889	10,392	
Grenada	2,094	2,873	4,519	5,345	6,535	6,525	6,750	6,235	5,298	5,317	4,797	5,618	4,656	
Guatemala	91,854	82,725	91,500	113,145	143,025	162,131	122,078	143,689	98,406	88,096	110,714	113,795	96,875	
Guinea	4,475	4,332	3,008	4,095	7,034	7,119	9,645	19,588	15,306	10,098	27,364	28,420	13,962	
Guinea-Bissau	43	23	118	11	32	67	110	667	13	65	239	77	73	
Guyana	5,381	7,015	7,143	9,075	13,530	21,470	25,362	20,419	25,241	28,483	38,123	26,776	18,881	
Haiti	17,362	19,574	14,766	15,467	27,903	27,283	29,551	48,562	36,228	46,594	38,101	35,970	37,242	
Honduras	9,845	10,572	22,824	19,328	36,668	32,895	48,267	81,999	32,051	39,616	49,661	38,678	43,865	
Hong Kong, China	802,182	765,995	840,151	1,069,066	1,198,537	1,418,702	1,446,769	1,671,709	1,312,174	1,819,476	2,989,717	2,459,542	4,778,861	
Hungary	27,214	47,623	72,782	41,125	58,512	115,360	190,742	224,604	241,032	161,175	371,388	214,219	143,057	
Iceland	17,646	34,767	34,030	73,743	74,207	138,215	90,962	48,218	71,296	102,276	52,980	49,981	43,228	
India	437,064	430,353	545,505	662,854	898,252	1,476,711	1,671,504	2,282,702	1,879,253	1,999,923	2,654,521	2,357,692	2,761,996	
Indonesia	301,459	314,089	325,369	514,594	572,953	703,030	922,885	1,385,164	852,797	1,031,153	1,660,832	1,681,590	1,842,439	
Iran (Islamic Republic of)	320,935	106,842	168,003	171,979	226,759	272,122	255,354	642,710	374,306	115,553	128,216	112,687	14,127	
Iraq	4,309	8,711	3,876	24,465	62,717	127,068	250,528	175,557	430,490	229,823	187,711	395,344	192,172	
Ireland	208,050	233,094	322,836	354,664	347,221	335,335	324,487	439,043	472,035	320,481	374,721	317,270	424,476	
Israel	227,007	247,543	175,959	294,344	356,413	393,104	397,944	549,567	308,070	374,513	403,768	265,859	370,350	
Italy	1,067,121	948,962	1,236,286	1,344,767	1,592,399	1,660,448	2,396,171	2,195,234	1,561,044	1,861,381	1,988,452	1,709,299	1,903,920	
Jamaica	85,435	106,601	94,296	133,314	126,261	137,886	185,681	183,626	108,779	126,210	113,256	135,909	120,093	
Japan	5,388,441	5,328,024	5,853,852	6,587,074	7,578,135	8,306,151	8,603,085	10,464,782	7,299,595	8,932,610	10,776,245	10,360,835	10,383,315	
Jordan	21,732	20,179	22,005	32,446	101,224	49,634	58,816	72,600	57,870	64,152	70,838	114,823	65,518	
Kazakhstan	24,958	24,094	29,260	56,877	95,695	107,458	170,496	241,353	186,588	136,710	154,032	101,857	166,985	
Kenya	17,708	13,198	11,453	18,661	33,451	49,280	62,125	73,735	60,663	71,261	84,122	95,635	110,005	
Kiribati	103	0	211	79	107	91	212	39	65	61	134	17	3	
Korea, Democratic People's Republic of	3,069	13,689	21,460	23,651	17,926	15,332	18,858	21,575	20,943	11,953	5,355	1,758	83	
Korea, Republic of	1,303,308	1,285,401	1,428,880	1,747,247	2,334,217	2,897,434	2,805,792	3,622,188	3,100,334	3,603,394	5,148,677	3,719,942	3,338,252	
Kuwait	40,262	54,239	58,792	61,929	97,646	79,512	106,706	169,597	94,282	94,281	130,742	97,358	133,662	
Kyrgyzstan	809	813	2,431	3,723	3,589	7,429	7,869	8,577	5,747	6,379	13,869	20,650	14,324	
Lao People's Democratic Republic	51	25	11	569	696	809	675	16,802	3,017	2,707	7,135	9,522	6,191	
Latvia	7,066	8,840	17,342	22,688	30,324	47,533	37,108	46,370	21,692	168,857	50,019	54,754	145,387	
Lebanon	20,878	20,846	22,202	36,549	41,153	53,064	63,918	99,766	197,539	80,794	90,937	116,649	75,125	
Lesotho	27	86	247	21	247	361	298	61	180	83	89	1,137	47	
Liberia	1,388	649	783	2,111	3,514	4,446	7,790	10,423	4,277	14,473	15,746	14,060	11,266	
Libya	13,234	30,216	47,943	79,251	70,120	59,244	182,391	118,775	231,370	239,115	51,786	153,187	123,057	
Lithuania	3,563	6,288	12,667	17,940	25,702	28,333	39,543	57,478	36,509	38,401	58,503	78,294	86,532	
Luxembourg	55,261	54,798	165,179	86,455	60,196	143,327	218,124	167,245	62,284	55,355	89,712	175,161	90,332	
Macao, China	1,417	1,215	2,585	22,598	24,819	27,299	41,089	46,635	13,119	3,699	3,754	7,638	25,177	
Macedonia, The Former Yugoslav Republic of	855	965	1,207	5,598	7,749	31,112	14,845	10,945	13,998	10,797	17,714	12,298	13,749	
Madagascar	824	1,360	1,807	1,002	714	2,456	10,225	14,476	61,520	82,451	24,144	20,288	21,650	
Malawi	4,481	3,883	1,977	2,089	2,645	4,545	4,809	5,500	3,908	3,515	4,658	3,947	8,626	
Malaysia	222,576	313,130	345,815	347,445	340,077	458,436	548,729	787,763	694,515	763,513	769,236	784,268	760,266	
Maldives	4,799	2,431	1,916	3,210	5,746	5,630	3,433	5,076	10,051	4,712	6,122	4,786	9,293	
Mali	2,717	2,067	3,815	6,852	5,752	9,532	7,311	9,918	6,255	8,915	26,531	16,020	11,895	
Malta	8,579	6,538	9,968	10,935	7,824	7,336	10,685	16,500	40,385	105,890	54,622	59,922	109,026	
Mauritania	1,104	1,979	1,219	4,249	2,860	3,975	8,317	5,548	2,572	6,777	16,194	19,960	18,329	
Mauritius	1,729	2,850	1,415	2,960	1,743	2,188	4,778	6,570	4,855	5,140	5,315	4,763	5,504	
Mexico	1,779,812	1,542,258	1,580,228	2,382,389	2,781,854	3,858,046	4,625,052	5,517,021	4,220,206	4,865,217	5,529,809	5,392,936	5,271,897	
Mongolia	336	1,858	1,624	6,311	11,856	7,835	9,506	9,232	4,302	26,059	92,221	71,990	35,161	
Montenegro	0	0	0	0	0	110	1,733	7,684	2,583	1,915	1,741	1,045	1,365	
Montserrat	141	188	214	342	429	321	235	376	261	223	328	383	285	
Morocco	157,497	112,830	101,521	122,963	174,894	148,934	227,125	287,340	329,586	181,571	302,754	368,842	427,369	
Mozambique	12,368	8,625	11,570	14,206	19,452	26,490	15,887	10,218	6,934	12,410	13,676	38,865	52,707	
Myanmar	356	361	352	1,267	303	123	28	230	135	2,669	823	3,088	8,134	
Namibia	524	685	3,246	1,002	1,141	11,657	4,745	5,345	3,831	11,534	7,963	9,826	16,150	
Nauru	36	2	17	0	10	26	0	165	46	1,270	0	55	8	
Nepal	1,165	2,622	2,302	9,064	4,978	8,667	10,257	3,911	3,663	5,340	6,401	6,564	10,114	
Netherland Antilles	7,834	11,934	16,373	19,562	16,845	22,587	51,031	40,421	64,971	44,838	133,492	168,568	43,338	
Netherlands	1,005,477	1,130,999	1,158,868	1,483,759	1,814,404	2,701,045	3,768,904	3,489,347	2,419,940	3,172,537	4,851,323	4,544,161	3,483,839	
New Caledonia	1,503	1,008	1,443	2,471	10,297	6,211	21,832	28,529	11,552	43,085	8,425	23,141	14,725	
New Zealand	139,771	134,675	307,331	353,116	295,057	338,447	374,287	430,349	264,679	312,199	385,186	385,304	385,602	
Nicaragua	8,119	6,716	9,198	13,339	16,180	16,201	19,667	25,665	15,955	38,987	37,682	45,774	33,425	
Niger	1,550	1,434	6,748	1,640	4,529	5,668	6,087	7,476	4,880	14,205	9,595	6,575	4,512	
Nigeria	69,629	51,463	52,791	62,742	92,068	198,397	173,487	110,960	196,945	216,386	229,346	326,902	449,883	
Niue	36	0	14	0	8	6	30	0	0	0	66	20	0	
Norfolk Island	211	11	9	15	114	174	85	72	267	86	0	16	158	
Norway	635,409	622,252	699,818	1,193,750	1,281,182	1,665,780	3,436,664	2,663,207	1,549,770	2,456,300	2,819,340	2,322,518	2,004,237	
Oman	12,466	15,092	35,118	46,871	18,742	49,455	109,871	115,997	137,618	104,574	114,199	185,614	129,658	
Pakistan	47,394	54,787	215,915	253,440	262,008	350,633	422,766	518,919	359,014	532,958	696,123	283,539	161,089	
Panama	31,177	23,632	39,857	55,983	49,696	73,928	79,661	115,904	75,689	122,834	103,107	90,746	93,284	
Papua New Guinea	1,486	967	2,096	2,883	5,577	6,288	3,269	13,017	33,294	39,173	46,907	31,152	21,026	
Paraguay	4,254	5,889	1,894	4,860	8,333	5,881	8,055	12,598	6,912	15,607	13,873	16,919	18,064	
Peru	122,664	107,801	95,633	127,335	218,530	254,397	309,125	359,417	375,121	462,841	521,354	536,688	590,739	
Philippines	224,452	197,567	269,797	318,385	302,294	354,920	428,040	526,917	458,950	652,018	545,255	523,384	589,913	
Pitcairn	115	111	121	156	254	560	132	304	144	79	55	68	8	
Poland	91,002	85,370	130,318	181,649	220,693	273,552	285,876	374,620	207,052	213,180	254,060	445,374	444,646	
Portugal	67,954	92,063	80,681	142,379	135,842	133,054	162,976	200,576	174,617	289,612	227,571	124,422	229,758	
Qatar	16,778	18,454	26,199	101,912	70,854	92,515	84,370	84,043	196,670	84,428	163,244	201,225	122,242	
Republic of Moldova	691	377	1,120	2,375	883	848	1,389	9,687	2,345	2,219	1,207	1,183	4,007	
Romania	21,352	23,510	85,069	69,310	131,618	188,564	132,629	225,148	78,666	96,928	75,219	114,113	103,595	
Russian Federation	187,514	152,675	238,493	319,620	467,525	772,154	1,070,435	1,412,108	781,379	1,155,951	1,511,605	1,652,506	1,372,956	
Rwanda	1,030	1,087	1,098	1,124	1,927	944	1,657	4,034	3,003	1,187	1,813	51,113	5,643	
Saint Helena	26	0	0	0	0	4	535	371	73	3	67	170	60	
Saint Kitts and Nevis	10,691	18,232	10,131	3,655	4,937	6,710	8,855	7,749	5,890	6,388	4,913	5,581	7,558	
Saint Lucia	6,601	6,204	6,280	7,203	8,296	11,964	15,629	13,009	9,558	35,370	9,524	10,062	10,693	
Saint Vincent and the Grenadines	2,644	2,520	4,406	4,285	6,317	9,396	9,648	7,845	10,652	11,039	7,580	6,830	8,942	
Samoa	164	115	307	364	164	362	295	470	508	549	820	102	65	
Sao Tome and Principe	14	25	83	8	35	60	109	9	115	49	149	163	99	
Saudi Arabia	219,459	227,062	335,140	451,129	362,986	479,322	636,864	952,592	1,017,420	949,838	868,478	1,369,282	893,917	
Senegal	29,827	7,044	10,442	20,928	19,725	21,689	32,334	30,648	31,547	27,421	28,449	37,352	25,919	
Serbia	0	0	0	0	0	13,330	11,499	15,346	16,850	8,263	9,560	10,553	11,897	
Serbia and Montenegro	2,708	5,315	6,243	10,025	8,799	0	0	0	0	0	0	0	0	
Seychelles	572	1,014	442	325	710	1,474	1,164	1,663	973	1,032	6,909	10,579	19,341	
Sierra Leone	1,277	3,486	2,651	2,543	3,757	4,474	10,981	11,424	4,913	10,349	11,614	11,418	9,397	
Singapore	255,328	367,138	317,529	586,226	529,142	654,567	852,136	777,298	952,731	810,820	812,270	896,489	935,989	
Slovakia	5,913	7,485	11,669	23,501	16,824	19,066	85,691	57,454	24,026	41,529	131,908	69,101	44,329	
Slovenia	23,149	19,700	31,018	36,219	55,765	41,141	87,478	68,520	48,898	32,519	13,754	59,139	11,061	
Solomon Islands	69	94	60	152	41	110	227	76	646	75	328	244	175	
Somalia	1,078	130	88	55	1,044	1,667	1,633	4,533	2,535	2,271	1,170	344	803	
South Africa	120,519	162,075	226,120	280,784	374,916	577,257	731,642	885,090	391,921	455,274	689,751	634,753	457,964	
Spain	564,492	604,793	612,645	927,940	987,753	1,049,273	1,151,034	1,069,647	981,934	948,816	986,891	920,092	906,694	
Special categories	0	0	0	0	0	0	0	0	0	0	0	0	0	
Sri Lanka	19,691	12,873	33,305	34,844	100,674	224,809	230,905	371,349	293,749	338,522	305,960	322,091	177,757	
St. Pierre and Miquelon	12,393	12,799	15,198	16,673	14,745	12,550	14,667	17,094	17,965	19,921	21,795	20,744	24,103	
Sudan (North + South)	42,980	39,013	42,219	59,911	92,878	80,085	196,082	210,771	98,778	114,238	139,104	115,139	148,233	
Suriname	3,933	2,624	5,088	10,831	9,360	9,008	9,475	10,477	10,867	11,870	14,807	20,581	16,112	
Swaziland	484	230	887	2,377	3,104	3,101	5,647	6,428	9,701	1,551	1,466	1,938	4,181	
Sweden	201,551	182,800	225,802	294,675	398,673	402,972	508,272	542,648	333,900	459,545	489,619	447,568	343,573	
Switzerland	229,651	330,236	351,153	497,018	881,789	952,523	1,363,088	1,224,183	1,043,572	1,489,872	1,151,126	867,446	1,707,336	
Syrian Arab Republic	10,699	11,133	14,724	31,466	55,246	42,535	60,564	62,587	53,912	58,239	53,217	10,245	1,789	
Taipei, Chinese	659,005	718,049	888,271	952,849	1,122,048	1,234,988	1,443,445	1,469,536	970,045	1,250,569	1,763,736	1,466,151	1,462,608	
Tajikistan	324	492	1,201	673	1,323	1,566	2,069	4,333	3,145	5,261	3,675	4,018	9,816	
Tanzania, United Republic of	9,014	11,355	20,337	31,604	26,963	33,293	42,396	46,227	32,621	50,992	62,069	80,536	77,055	
Thailand	285,945	338,018	328,689	397,537	398,943	477,790	548,698	672,349	498,691	633,399	847,451	716,511	737,184	
Timor-Leste	42	35	35	68	110	177	286	322	80	301	260	11	175	
Togo	14,673	8,876	7,202	4,208	9,205	7,218	13,851	20,854	17,614	12,652	15,638	24,804	15,870	
Tonga	431	610	390	74	105	135	536	456	188	4,512	201	54	82	
Trinidad and Tobago	120,961	93,569	92,862	107,576	131,590	176,673	210,660	258,269	232,720	290,007	345,035	329,956	335,020	
Tunisia	40,590	87,646	63,587	25,025	32,582	57,059	103,138	82,752	99,915	90,934	102,905	137,017	103,191	
Turkey	111,550	171,269	195,277	286,314	402,237	483,357	627,345	1,167,200	783,247	817,713	1,284,024	850,435	888,424	
Turkmenistan	2,142	6,671	833	13,704	27,593	17,346	6,909	16,499	6,802	8,725	16,913	49,705	13,739	
Turks and Caicos Islands	1,539	2,948	8,040	5,871	7,217	12,060	11,965	7,439	6,828	5,566	2,461	2,910	2,093	
Uganda	2,192	4,487	3,996	4,688	8,300	6,779	9,882	12,118	9,194	11,396	11,600	9,994	23,050	
Ukraine	12,049	19,707	47,064	43,693	67,692	93,751	119,694	216,835	98,684	152,137	151,674	149,059	204,222	
United Arab Emirates	134,894	173,809	245,103	324,144	485,764	694,223	1,045,287	1,344,959	1,143,197	1,104,890	1,371,592	1,451,291	1,548,467	
United Kingdom	3,268,675	2,823,886	4,351,083	5,953,335	6,823,033	8,937,980	11,929,630	12,268,164	10,588,184	15,899,871	18,976,766	18,776,756	13,621,423	
United States Minor Outlying Islands	1,888	2,920	4,372	7,904	13,251	9,133	14,837	18,862	13,725	17,799	15,973	20,155	13,988	
United States of America	227,244,372	220,072,351	233,380,458	267,804,200	302,195,424	316,556,507	331,601,972	353,782,675	236,480,912	289,418,959	331,755,016	337,829,640	345,739,644	
Uruguay	12,840	6,594	9,332	29,914	19,741	21,336	23,367	198,635	24,043	111,743	116,937	42,395	48,401	
Uzbekistan	8,967	2,494	1,135	3,215	7,077	4,204	7,630	15,591	13,695	6,628	7,423	7,406	4,155	
Vanuatu	16	340	57	180	911	477	255	639	1,779	1,695	1,843	1,208	714	
Venezuela	539,264	347,847	221,348	391,000	568,119	693,886	713,067	839,697	532,529	541,280	613,313	740,864	764,907	
Viet Nam	37,880	45,025	61,346	84,586	167,965	186,162	269,533	300,431	193,325	257,170	338,624	370,104	415,270	
Wallis and Futuna Islands	2	1	0	0	0	293	0	44	25	0	44	13	0	
Western Sahara	4	200	62	157	6	9	0	6	44	4	4	0	0	
Yemen	23,246	30,375	24,312	28,254	38,606	24,342	25,456	85,589	27,788	19,750	10,936	14,038	19,484	
Zambia	2,970	5,189	8,182	13,358	13,684	34,610	63,151	25,548	9,689	27,786	32,993	33,150	25,855	
Zimbabwe	1,885	3,495	6,001	6,567	5,295	4,535	6,258	4,894	7,472	5,731	9,253	7,545	4,315	
