List of importing markets for a product exported by Burkina Faso (Mirror) Product: TOTAL All products
"Importers"	"Exported value in 2001"	"Exported value in 2002"	"Exported value in 2003"	"Exported value in 2004"	"Exported value in 2005"	"Exported value in 2006"	"Exported value in 2007"	"Exported value in 2008"	"Exported value in 2009"	"Exported value in 2010"	"Exported value in 2011"	"Exported value in 2012"	"Exported value in 2013"	
Total	207,794	168,343	240,081	395,174	314,947	353,948	430,594	416,989	391,777	607,816	724,179	797,767	542,039	
Albania	0	0	0	0	0	11	0	0	0	0	15	0	0	
Algeria	2	618	313	1	1	193	355	69	29	35	252	1,187	299	
Andorra	0	4	1	0										
Argentina	8	0	0	8	32	3	0	5	0	0	5	17	0	
Australia	0	0	16	24	0	13	28	9	0	2	237	38	0	
Austria	208	188	373	393	1,600	1,477	671	641	76	47	33	9	19	
Azerbaijan	0	0	0	0	0	0	0	0	0	0	0	0		
Bahrain	0	1,757	0	0	0	0	0	0	784	1,508	14			
Bangladesh	3,390	8,020	26,306	22,947	4,782	4,292	7,885							
Barbados	0	0	0	0	5	0	0	0	0	0	6	0	12	
Belarus	0	0	0	0	0	0	0	0	0	0	0	0	11	
Belgium	1,652	1,237	1,692	3,417	3,376	6,658	6,034	70,640	64,349	82,274	30,668	46,747	4,875	
Benin	53	40	380	94	259	249	144	538	303	600	1,408	174	755	
Bermuda												0	1	
Bolivia	0	0	0	0	0	0	0	0	0	1	0	0		
Bosnia and Herzegovina			0	0	0	0	0	0	0	0	1	0	5	
Botswana	0	1	0	0	0	49	2	13	0	0	0	0	0	
Brazil	2,628	0	1,295	150	28	26	5,129	0	130	48	0	56	13	
Bulgaria	0	0	0	69	93	0	1	3	0	11	16	0	0	
Burundi	0	0	0	0	0	2	5	117	0	3	5	0	14	
Cabo Verde	0	0	0	1	0	0	0		0	0	3	0	0	
Cambodia	0	0	0	0	0	683	0	0	0	0	0	0		
Cameroon	1	5	0	0	2	0	114	181	157	45	4	2		
Canada	560	22	83	145	178	71	286	133	11,829	22,148	5,290	7,699	376	
Central African Republic	1	0	0			0	10	5	15	0	0	0	0	
Chile	0	0	0	0	0	0	0	0	6	0	13	0	0	
China	0	702	32,340	124,112	163,266	193,313	155,040	62,484	116,175	121,094	182,408	232,656	186,843	
Colombia	15,335	18,637	14,619	4,428	4	195	0	0	0	8	0	843	1,583	
Congo							0	133	3	4	0	0	0	
Costa Rica	0	0	1	0	2	12	30	47	3	9	2	2	0	
Côte d'Ivoire	753	1,126	1,362	338	869	886	522	423	981	3,561	4,046	33,338		
Croatia	74	3	41	143	96	4	25	1	1	2	26	20	0	
Cyprus	0	1	0	14	28	27	0	0	0	0	0	0	0	
Czech Republic	321	324	81	843	123	38	171	413	131	202	631	698	1,721	
Denmark	533	985	4,302	787	4	8	461	87	28,251	17,308	10,784	3,266	2,093	
Dominican Republic	0	11	1	0	21	0	137	102	0	1	81	2	2	
Ecuador	43	0	9	2	0	0	0	0	0	0	1	0	0	
Egypt	0	50	42	296	24	50	332	182	1,155	1,992	17	139	14,982	
El Salvador	0	0	0	0	0	0	0	0	0	0	0	0	0	
Estonia	0	0	0	0	0	0	2	0	0	1	1	3	3	
Ethiopia	4	0	0	3	18	0	0	0	1	172	22	0		
Finland	2	6	1	2	27	5	18	7	240	1	122	92	57	
France	15,374	15,210	12,141	9,099	9,549	8,125	7,439	8,349	9,664	9,506	10,700	9,965	13,930	
French Polynesia	1	1	0	0	1	0	0	1	2	0	0	0	0	
Gabon	23	0	5	12	9	7	0	16	0					
Gambia	0	0	7	0	0	0	0	3	0	0	10			
Georgia	0	0	0	0	0	0	0	429	0	497	1,063	36	0	
Germany	2,088	2,283	2,855	5,398	2,379	3,261	3,610	4,809	6,767	8,112	14,476	8,689	14,298	
Ghana	48,105		276		58	4,800	5,607	4,231	4,719	6,811	15,039	16,642		
Greece	154	173	667	6	415	0	0	0	447	1,569	1,315	939	2,462	
Greenland	0	0	0	0	0	0	0	0	1	3	1	1	0	
Grenada	0	1	0	0	0	0	0	0						
Guatemala	0	0	0	0	0	0	0	0	5	0	0	0	0	
Guinea	41	6		1	58	0	6	70		150	439	624		
Guyana	0	0	0	0	3	0	0	0	0	0	0	0	0	
Hong Kong, China	14	0	0	0	0	0	142	263	1,104	1,634	3,334	10,289		
Hungary	42	0	46	0	0	11	0	0	0	0	0	0	0	
Iceland	1	0	0	0	0	6	16	30	11	10	8	11	15	
India	12,225	10,412	11,395	9,185	2,349	4,845	15,640	45,716	5,803	3,227	19,868	13,214	17,163	
Indonesia	3,499	4,339	3,817	10,861	8,418	12,061	15,824	12,377	11,467	53,288	57,811	30,083	86,505	
Iran (Islamic Republic of)	0	0	0	0	0	0				0	0			
Ireland	102	3	6	449	4	22	51	660	27	42	27	47	48	
Israel	0	0	0	0	1	1	118	309	0	173	329	1	32	
Italy	24,073	21,951	17,490	16,088	8,922	10,440	13,161	11,956	2,667	6,713	16,490	3,880	5,236	
Jamaica	0	0	0	0	0	0	0	0	0	0	0	0		
Japan	5,088	8,430	9,211	11,061	8,939	9,845	16,460	32,835	19,321	30,313	25,378	19,275	41,435	
Jordan	0	0	0	38		0	0	0	0	319	44	143	0	
Kazakhstan	0	0	0	62	0	0	0	0	37	0	1	0	0	
Kenya	32	1	65	1	3	0	15	0	63	3	0			
Korea, Republic of	2,407	5,042	4,476	7,118	2,943	44	0	20	1	0	30	156	806	
Kuwait	0	0	36	79		0	5	15						
Latvia	0	0	0	0	0	0	0	0	0	0	0	0	0	
Lebanon	11	21	2	8	28	35	387	286	6,644	5,804	384	2,012	250	
Libya							82	134	1,563	179				
Lithuania	288	0	0	0	0	0	0	0	0	0	0	0	0	
Luxembourg	9	8	1	2	30	14	52	84	66	63	24	18	471	
Macao, China	0	0	0	2	0	0	0	0	0	0		0		
Macedonia, The Former Yugoslav Republic of	0	0	0	0	0	2	0		1	0	51	0	0	
Madagascar	1	21	209	623	609	52	130	62	16	18	3	0	8	
Malawi	0	0	0	1	0	30	6	0	0	0	21	24	0	
Malaysia	2,726	980	0	0	16	18	605	4,819	20,497	1,487	38,352	32,326	8,744	
Mali	5,658	2,368	7,894	15,731	7,669	17,140	35,828	5,315		7,162	5,272	33,311		
Malta	0	0	0	0	0	0	0	0	0	0	0	0	0	
Mauritania	0	0	0	0	0		77	21	0	5,670	97	49		
Mauritius	4,147	846	4,141	2,222	383	836	1,109	889	5	4	2,915	607	159	
Mayotte	0	1	0	1	6	0	8	33	44					
Mexico	730	23	1	20	4	6	91	181	366	182	160	67	30	
Mongolia	0		0	0	0	0	0						1	
Montenegro						0	0	0	0	0	1	0	0	
Morocco	4,355	3,083	3,155	5,935	5,685	8,436	11,135	13,058	6,965	2,981	2,387	2,324	2,437	
Mozambique	0	25	0	0	0	0	0	0	0	0	0	0	0	
Namibia	0	0	0	0	7	0	0	0	0	2	13	0	0	
Netherland Antilles					0	0	3	1						
Netherlands	1,110	1,500	1,354	2,011	2,875	1,418	3,214	3,647	3,408	4,009	3,583	8,757	8,336	
New Caledonia	1	0	0	1	0	0	1	1	2	0	0	1	1	
New Zealand	0	0	0	0	0	0	0	0	0	0	8	26	0	
Niger	7,723	4,834	11,270	25,656	10,449	9,394	9,476	10,364	18,771	12,635	10,150	6,990	13,119	
Nigeria	80	1,118	1,561			26	98	14	0	65,753	2,768	209		
Norway	1	0	0	12	1	1	7	32	101	1,874	52	168	54	
Oman	72	0	0	80	0	0	0	0	0	0	0	0	1	
Pakistan			688	4,789	2,893	4,659	29,951	28,486	2,327	13,242	16,702	0	37	
Palestine, State of							0	0	32	346	635	619		
Panama	0	0	0		0	0	0	0	0	0	0			
Paraguay	0	0	0	0	0	0	0	0	0	0	0	0	0	
Peru	106	671	929	71	997	1,840	5,386	2,590	170	0	7	63		
Philippines	0	297	213	0	0	0	0	0	0	567	50	68	0	
Poland	96	158	53	702	274	1,081	250	301	839	224	422	541	483	
Portugal	7,227	3,372	6,425	7,277	6,523	4,563	2,024	124	375	2,617	1,035	241	4,414	
Qatar	0	0	0	0	0	0	0	0	0	0	0	0	17	
Republic of Moldova	0	8	0	0	0	3	0	0	0	0	0	0	4	
Romania	5	305	0	2	6	17	0	0	4	0	0	0	4	
Russian Federation	591	0	0	0	0	0	1	83	5	14	915	88	47	
Rwanda	0	1	0	0	3	105	14	2	85	0	50	3	12	
Saint Lucia	0	0	0	0	0	10	0	0						
Saudi Arabia	629	0	0	0	1	1	0	0	0	0	0	0		
Senegal	64	84	41	58	96	71	344	68	66	192	49	74	117	
Serbia					40	0	0	1	0	1	0	0	2	
Serbia and Montenegro	49	26		5										
Seychelles	0	0	0		0	0		26						
Singapore	0	46	0	0	0	0	0	0	0	0	0	65	371	
Slovakia	4	3	0	51	71	37	8	6	17	27	336	33	949	
Slovenia	249	442	519	236	71	1,032	926	718	246	435	668	402	297	
South Africa	0	101	401	0	6	0	0	0	109	112	265	119	265	
Spain	4,805	3,534	2,930	6,631	2,741	956	1,372	922	930	1,077	949	1,493	9,271	
Sri Lanka	0	0	0	0	0	0	0	0	0	0	0	0		
Sudan (North + South)	0	7	0	0	0	0		0	5	5	0			
Sweden	352	203	282	349	139	4	25	830	180	66	300	53	43	
Switzerland	590	855	795	650	280	298	454	347	72	187	213	605	1,182	
Syrian Arab Republic	0	0	115	0	0	152	100	0	1,210	1,229				
Taipei, Chinese	2,538	5,936	10,275	13,330	18,842	8,673	15,566	8,485	2,592	6,301	7,593	4,035	5,462	
Tanzania, United Republic of	9	0	8	0	0	0	0	3	12	5	0	24	2	
Thailand	4,530	8,218	21,579	15,108	24,426	22,118	37,383	51,843	21,994	33,180	42,490	15,344	40,974	
Togo	842	3,431	5,406	18,107	2,771		636	466	738	1,266	1,086	1,558	780	
Tonga	0	0	0					0	0	0	0	6		
Trinidad and Tobago	63	0	0	0	0	13	0	0	0	0				
Tunisia	308	669	981	312	1,155	2,285	7,499	1,762	1,768	2,479	3,150	1,899	2,551	
Turkey	841	1,320	1,121	1,835	250	2,571	6,573	3,746	4,856	44,872	146,997	222,725	36,947	
Uganda	0	0	1	0	0	23	0	8,576	460	41	7,628	2	133	
Ukraine	0	1	0	0	4	0	51	0	0	59	0	30	43	
United Arab Emirates					115		19	2,124						
United Kingdom	2,302	519	1,114	825	1,007	1,047	2,689	1,414	73	327	147	55	534	
United States of America	5,058	2,937	951	612	2,162	1,055	1,518	634	2,233	2,412	3,654	2,364	6,218	
Uruguay	0	0	0	0	0	0	0	0	0	0	0	0	0	
Venezuela	9,463	16,842	5,358	35,268	44	0		0	69	124	0	0	0	
Viet Nam	1,324	1,940	4,557	8,971	3,379	2,193	0	6,167	5,124	15,129	19,427	17,368		
Yemen				5	0	0	0	0	10	0	2	13		
Zambia	0	0	0	0	0	0	0	2	2	9	694	5	1,675	
Zimbabwe	0	0		0	0	0	0	0	0	1	0	0	0	
