List of importing markets for a product exported by Nicaragua (Mirror) Product: TOTAL All products
"Importers"	"Exported value in 2001"	"Exported value in 2002"	"Exported value in 2003"	"Exported value in 2004"	"Exported value in 2005"	"Exported value in 2006"	"Exported value in 2007"	"Exported value in 2008"	"Exported value in 2009"	"Exported value in 2010"	"Exported value in 2011"	"Exported value in 2012"	"Exported value in 2013"	
Total	1,130,659	1,095,221	1,235,392	1,543,165	1,955,164	2,240,044	2,572,006	2,939,066	2,720,177	3,378,726	4,928,120	5,185,932	5,568,743	
Albania	0	0	0	35	0	0	0	0	0	28	51	1	5	
Algeria	175	59	11	0	0	0	0	0	28	0	54	41	0	
Andorra	17	25	14	6										
Antigua and Barbuda					0		0		145	140	100	28	13	
Argentina	16	2	72	20	77	21	32	43	22	183	268	211	397	
Armenia	0	0	0	0	0	6	69	57	76	16	57	10	28	
Australia	943	925	2,052	3,263	2,542	3,760	7,117	6,337	8,159	8,032	9,930	13,876	12,877	
Austria	5,143	4,913	3,221	4,231	4,875	3,134	2,376	3,902	768	664	759	348	394	
Azerbaijan	0	0	0	0	0	0	0	0	0	0	0	0		
Bahamas	0	0	38	8	20	15	14	38	60	83	35	385		
Bahrain	0	0	0	0	0	0	0	3	16	0	4			
Bangladesh	57	261	133	51	15	44	2							
Barbados	3	1	3	1	8	5	6	1	61	138	32	4	157	
Belarus	12,502	200	2	6	2,326	43	4,392	55	25	29	12	26	84	
Belgium	5,433	4,061	4,054	5,974	11,626	11,505	13,178	27,955	20,495	33,855	43,941	44,720	32,869	
Belize	137	129	43	41	101	3,924	75	202	418	676	108	12,560	105	
Benin	0	0	0	0	0	2	0	0	0	9	0	0	0	
Bermuda												37	37	
Bolivia	77	50	20	41	130	59	198	162	198	343	391	381		
Bosnia and Herzegovina			0	3	3	0	3	2	17	0	40	39	9	
Botswana	0	0	2	0	0	0	0	0	0	0	0	0	0	
Brazil	8	0	2	0	2	12	421	738	354	249	1,341	2,831	1,306	
Bulgaria	1	15	2	5	16	39	111	123	130	56	45	45	47	
Burkina Faso	0	0	0	0	0		9	0	26	0	0	0		
Burundi	0	0	0	0	0	0	0	0	0	0	0	0	0	
Cambodia	0	56	0	13	714	142	1,793	1,092	0	96	126	97		
Cameroon	0	0	0	0	23	14	0	0	0	55	0	0		
Canada	28,144	28,970	29,441	47,338	44,945	60,408	82,718	92,894	69,155	208,906	337,244	399,984	390,207	
Central African Republic	11	0	75			0	0	0	0	0	0	0	0	
Chile	7	11	9	64	125	953	3,991	4,623	6,268	7,972	12,661	11,918	10,280	
China	87	32	365	2,950	14,167	763	3,390	3,466	3,255	7,119	24,356	115,850	91,803	
Colombia	1,366	72	238	830	1,398	25,123	2,902	7,461	6,412	4,502	9,016	15,435	10,730	
Congo							0	1	0	0	0	76	42	
Costa Rica	38,340	48,863	51,003	50,892	58,177	28,751	91,236	105,579	86,284	91,589	257,658	151,026	128,059	
Côte d'Ivoire	0	0	0	1	9	0	0	12	9	18	0	44		
Croatia	24	31	40	172	135	145	709	84	146	163	187	83	20	
Cuba	3,602	2,431	930	673	995	987								
Cyprus	2	4	42	17	38	21	29	76	97	30	23	26	22	
Czech Republic	611	357	83	194	103	87	459	320	196	339	545	559	689	
Denmark	1,574	984	559	621	342	495	1,483	493	309	646	924	707	942	
Dominican Republic	1,839	4,111	6,358	7,386	10,933	13,009	12,635	23,417	34,182	27,536	28,268	27,434	31,480	
Ecuador	136	112	58	61	90	420	685	1,720	472	3,956	9,394	278	13,117	
Egypt	0	0	0	0	0	191	0	0	18,865	683	1,135	1,784	2,944	
El Salvador	87,941	97,516	111,573	111,490	127,691	152,499	164,916	197,875	195,566	181,925	195,731	209,765	202,785	
Estonia	27	2	10	21	78	37	32	47	208	528	23	368	173	
Ethiopia	21	15	45	69	10	10	0	37	0	15	12	7		
Faroe Islands	3	4	1	13	0	0	0	0	0					
Fiji		0	0	3	0	1	0	0	0	1	3	0		
Finland	3,797	3,701	4,121	6,355	8,955	9,269	11,488	18,237	16,460	18,696	13,442	12,213	6,204	
France	14,434	11,809	6,203	10,091	7,634	11,085	23,182	23,396	33,400	46,902	49,606	58,796	65,662	
French Polynesia	1	0	0	4	6	8	8	7	0	74	10	103	112	
Gabon	0	0	0	12	0	0	10	79	0					
Gambia	0	0	0	0	0	0	0	0	0	0	0			
Georgia	0	0	0	0	0	0	0	0	0	0	0	0	0	
Germany	38,383	15,090	11,771	23,207	20,744	34,230	33,438	34,528	30,929	30,447	48,715	42,679	31,988	
Ghana	0		0		0	25	0	0	0	0	2,082	2,678		
Greece	133	200	1,067	671	929	547	422	254	317	321	321	616	400	
Greenland	0	0	0	0	0	64	0	0	13	0	0	0	0	
Grenada	0	0	0	0	0	0	0	0						
Guatemala	30,372	21,992	28,880	34,517	35,140	11,868	79,821	92,738	52,873	82,303	76,928	97,821	109,943	
Guinea	0	0		0	0	0	306	2		0	0	0		
Guyana	0	0	25	0	0	0	2	0	734	351	1,552	915	1,322	
Honduras	49,807	34,133	41,124	55,844	63,230	39,924	107,369	104,997	106,215	57,961	50,573	54,097	71,712	
Hong Kong, China	675	254	592	447	648	1,283	1,219	2,822	2,508	3,703	7,363	7,616		
Hungary	669	189	20	93	115	3	172	0	0	0	1	1	209	
Iceland	7	7	9	57	82	280	431	465	785	740	1,099	681	1,684	
India	577	414	439	135	83	5,416	102	844	342	760	999	78,690	2,698	
Indonesia	26,090	157	141	81	55	26	282	423	41	179	104	1,327	838	
Iran (Islamic Republic of)	0	0	0	0	0	0				546	0			
Ireland	2,185	3,538	3,071	4,744	6,819	2,199	2,219	2,027	2,440	7,070	9,499	3,777	3,902	
Israel	91	9	74	28	36	111	32	110	268	371	166	354	669	
Italy	5,659	5,644	6,549	7,240	7,865	9,739	15,314	16,319	11,204	23,251	44,966	39,645	28,249	
Jamaica	0	51	236	129	121	5,465	3,250	17	1,994	2,364	2,993	7,285		
Japan	7,427	6,941	5,412	8,251	11,542	10,347	15,813	23,479	11,402	21,733	31,839	26,792	27,160	
Jordan	17	21	0	0		0	96	102	0	78	0	84	57	
Kazakhstan	3,227	1,316	2,607	0	3,426	0	7	0	7	5	92	10	83	
Kenya	3	4	3	0	53	9	2	9	0	8	2			
Korea, Republic of	52	63	325	3,926	1,424	339	805	2,416	1,357	10,622	53,304	41,652	24,016	
Kuwait	0	162	11	1		19	32	40						
Kyrgyzstan	0	0	0	0	0	0	0	5	0	0	0	0		
Latvia	0	0	2	5	16	16	14	5	12	12	13	24	30	
Lebanon	7	2	11	315	564	748	417	446	163	364	219	272	33	
Lesotho	0	0	0					0	0	2				
Lithuania	172	1	30	1	39	2	5	10	7	5	6	4	403	
Luxembourg	4	4	0	14	0	0	0	10	49	15	20	68	53	
Macao, China	11	3	35	19	73	102	101	210	143	150		55		
Macedonia, The Former Yugoslav Republic of	1	52	0	0	4	5	2		9	13	8	9	12	
Madagascar	0	0	0	0	0	1	5	14	0	0	6	5	8	
Malawi	0	9	0	0	0	0	0	0	0	0	5	0	73	
Malaysia	95	74	88	118	184	131	128	178	275	23,948	233	946	227	
Mali	0	0	0	0	0	3	0	55		0	729	0		
Malta	2	0	23	2	0	1,368	2,408	4	7	245	3	17	39	
Mauritania	0	0	0	3	0		0	0	0	10	23	0		
Mauritius	0	16	0	0	0	0	21	6	52	4	23	8	2	
Mayotte	4	0	0	1	0	21	4	22	0					
Mexico	31,361	27,029	38,018	52,361	158,587	78,092	91,176	119,365	106,292	124,070	148,455	153,662	628,150	
Mongolia	0		0	1	1	5	0						3	
Montenegro						0	3	0	19	8	37	0	0	
Morocco	324	373	33	67	100	0	297	323	14	525	839	173	411	
Mozambique	0	8	0	0	7	5,713	2	32	1	0	6	0	0	
Namibia	8	0	0	129	0	0	0	0	0	0	0	0	2	
Nepal			0						0	248	31			
Netherland Antilles					0	6	4	3						
Netherlands	6,863	5,805	4,972	7,691	5,629	7,694	10,584	58,142	42,458	10,257	50,077	25,249	25,820	
New Caledonia	14	5	0	1	1	0	11	3	2	5	21	6	76	
New Zealand	28	101	150	251	349	348	646	725	638	701	1,170	1,012	651	
Niger	0	0	1	0	0	0	0	0	49	0	42	16	79	
Nigeria	5	0	726			153	0	291	28	12	235,643	7,867		
Norway	315	322	716	591	634	1,039	1,191	1,412	962	1,390	10,008	9,274	6,104	
Oman	5	0	0	0	0	0	0	0	0	0	0	0	0	
Pakistan			25	390	1,139	848	0	9	0	268	2	0	5	
Palau												1		
Palestine, State of							0	86	38	147	49	7		
Panama	7,203	3,264	4,393		6,371	8,095	7,971	11,975	12,042	11,333	17,926			
Papua New Guinea	0	37	1	0							0	1		
Paraguay	1	0	0	16	5	90	14	22	66	392	1	14	1	
Peru	121	91	103	321	396	3,325	1,512	442	494	2,680	799	5,625		
Philippines	93	4	267	1,341	10,280	20	2	0	97	6	10	1	119	
Poland	453	0	0	618	184	481	1,591	2,716	414	1,933	1,790	925	4,511	
Portugal	1,837	723	461	979	1,788	866	1,966	3,310	3,135	1,017	1,462	1,602	4,479	
Republic of Moldova	0	0	0	0	0	0	0	0	0	3	7	14	28	
Romania	100	359	559	945	1,369	1,173	132	23	1	59	24	39	22,967	
Russian Federation	38,731	20,419	18,030	1,307	15,967	14,491	4,710	7,254	8,239	12,086	49,831	23,207	23,977	
Rwanda	0	11	21	2	0	2	0	0	0	0	0	0	36	
Saint Kitts and Nevis	0	0	0	0	0	0	0	0	0	0	1			
Saint Lucia	28	2	0	0	0	4	2	0						
Saint Vincent and the Grenadines	0	0	0	0	0	0	0	3	0	0	1	1		
Saudi Arabia	185	134	257	174	412	378	417	817	433	86	200	147		
Senegal	0	0	0	0	0	5	0	0	0	26	17	20	22	
Serbia					6	2	7	9	0	11	154	175	42	
Serbia and Montenegro	70	30		8										
Sierra Leone		14												
Singapore	11	2	0	0	0	0	0	0	0	0	309	374	1,844	
Slovakia	32	3	40	217	94	319	165	448	114	204	129	606	333	
Slovenia	35	1	26	443	136	38	49	144	254	372	160	67	85	
South Africa	216	1,175	182	457	417	427	1,357	366	321	1,044	767	1,496	942	
Spain	12,494	12,441	17,379	23,993	32,585	38,483	54,218	62,267	55,512	65,557	64,834	68,986	76,600	
Sri Lanka	0	2	0	0	0	24	84	72	0	32	61	1,314		
Sudan (North + South)	0	148	70	70	0	0		10	0	38	353			
Suriname	0			0	0	0	0		185	1,131	207			
Sweden	1,845	750	1,561	2,922	4,243	4,785	3,411	7,588	9,471	13,384	20,565	9,117	6,826	
Switzerland	5,543	2,461	2,057	2,580	2,402	1,957	1,860	12,229	4,636	8,164	15,246	12,232	9,524	
Syrian Arab Republic	0	0	253	0	367	64	0	202	238	221				
Taipei, Chinese	737	427	619	2,692	6,602	8,624	15,350	30,990	20,963	34,305	53,827	52,194	67,856	
Tanzania, United Republic of	58	0	1	0	1	278	38	62	358	136	0	56	18	
Thailand	19	88	283	294	18	24	178	1,433	206	307	1,822	448	1,163	
Togo	0	0	3	0	0		0	0	0	0	0	333	704	
Tonga	0	0	0					0	0	0	0	14		
Trinidad and Tobago	3,419	47	5	0	18	5	14	14	943	1,762				
Tunisia	0	0	0	2	0	0	0	1	64	0	82	24	0	
Turkey	76	13	13	14	551	36	8	135	68	146	348	210	70	
Uganda	27	18	2	3	0	2	0	9	48	69	0	28	40	
Ukraine	10	5	2,976	45	91	80	115	153	231	620	666	603	710	
United Arab Emirates					792		1,396	2,977						
United Kingdom	13,430	9,669	15,860	17,233	22,543	26,716	13,260	24,003	18,460	21,991	33,855	46,899	45,104	
United States of America	631,344	706,823	801,107	1,030,293	1,226,587	1,580,280	1,663,217	1,768,770	1,672,654	2,093,703	2,683,774	2,835,218	2,880,345	
Uruguay	2	1	6	4	25	5	2	2	29	10	99	571	33	
Venezuela	1,025	2,252	655	1,498	1,252	3,157		14,299	33,569	54,257	199,198	434,910	449,653	
Viet Nam	113	0	131	87	32	602	1,027	2,827	0	0	1,787	72		
Yemen				0	2	0	0	6	0	0	10	0		
Zambia	329	96	62	321	1,675	30	56	3	3	176	0	898	0	
Zimbabwe	0	0		0	5	0	55	3	0	1	0	0	1	
