List of importing markets for a product exported by Uganda (Mirror) Product: TOTAL All products
"Importers"	"Exported value in 2001"	"Exported value in 2002"	"Exported value in 2003"	"Exported value in 2004"	"Exported value in 2005"	"Exported value in 2006"	"Exported value in 2007"	"Exported value in 2008"	"Exported value in 2009"	"Exported value in 2010"	"Exported value in 2011"	"Exported value in 2012"	"Exported value in 2013"	
Total	363,216	410,566	484,187	558,548	709,665	649,310	972,488	1,147,226	1,039,147	1,170,067	1,404,174	1,303,484	1,225,935	
Albania	2	0	40	8	0	39	362	186	156	168	148	215	309	
Algeria	414	1,389	4,155	1,658	2,275	675	3,947	7,047	9,169	976	4,152	9,172	3,553	
Andorra	140	29	23	23										
Argentina	588	189	0	0	0	0	0	0	0	0	30	0	0	
Armenia	0	0	0	0	0	4	37	347	99	1,925	4,821	1,592	1,926	
Australia	6,068	7,778	8,046	4,607	4,141	3,844	6,689	3,982	7,309	5,072	4,022	5,358	2,769	
Austria	1,127	717	1,617	1,495	979	1,313	1,009	1,493	280	60	130	565	255	
Bahrain	0	0	0	0	0	0	0	33	0	115	6,062			
Bangladesh	547	282	907	1,478	4,077	1,062	5,827							
Barbados	0	0	0	1	7	3	1	95	2	0	5	0	3	
Belarus	341	0	0	2	5	10	9	118	633	878	3,235	2,936	5,927	
Belgium	58,281	61,109	44,030	67,873	85,399	74,930	91,169	133,429	99,933	80,158	89,749	68,572	92,158	
Belize	0	0	0	1	13	0	0	0	0	0	0	0	0	
Benin	0	6	53	293	0	0	0	0	0	9	0	15	45	
Bermuda												7	4	
Bolivia	0	0	0	0	0	0	0	0	2	2	11	1		
Bosnia and Herzegovina			12	267	819	901	1,037	1,452	956	642	1,009	1,318	1,039	
Botswana	86	35	387	9	22	34	42	69	938	21	5	527	6	
Brazil	192	103	32	0	0	632	686	352	90	329	370	273	67	
Brunei Darussalam	15	2	0	0		0				0	1	0	0	
Bulgaria	188	185	206	150	487	516	1,233	2,129	815	2,368	686	2,020	2,498	
Burkina Faso	0	0	27	0	0		0	0	6	24	5	228		
Burundi	803	1,240	9,049	9,906	10,166	14,397	45,421	30,257	29,652	27,596	53,525	45,078	44,324	
Cabo Verde	0	0	0	0	0	125	0		0	13	0	0	127	
Cambodia	2	0	8	0	5	0	0	1	0	24	37	0		
Cameroon	0	193	0	1	0	2	9	8	0	0	0	0		
Canada	1,191	404	3,392	3,832	2,578	2,710	2,409	2,280	2,235	3,723	3,382	3,224	4,527	
Central African Republic	0	0	0			0	61	213	2	165	0	0	3	
Chile	0	0	3	0	0	1	3	26	12	0	77	158	45	
China	1,236	5,603	3,503	11,641	20,002	17,785	19,898	17,060	20,103	26,567	40,249	42,875	71,921	
Colombia	147	221	192	47	155	179	37	0	0	3	17	45	107	
Congo							9	14	2	2	21	134	14	
Costa Rica	0	0	19	14	1	11	1	2	0	10	0	2	1	
Côte d'Ivoire	126	35	3	1	99	9	15	7	14	106	2,697	3,625		
Croatia	51	96	70	55	126	238	353	273	342	247	265	297	369	
Cuba	286	331	680	581	608	474								
Cyprus	204	307	337	151	0	203	315	36	293	209	349	345	291	
Czech Republic	1,032	1,044	1,867	730	1,042	413	2,488	2,513	1,816	1,276	565	1,217	1,872	
Denmark	2,972	3,455	3,342	4,291	3,262	2,576	3,601	3,171	4,335	6,462	10,912	8,639	5,485	
Djibouti									2					
Dominica	0	0	0	0	0	0	0	0	0	39	2	0		
Dominican Republic	62	209	104	29	133	34	2	10	10	2	10	150	2	
Ecuador	0	0	0	0	0	0	0	0	0	349	2	31	1	
Egypt	2,592	819	721	1,309	1,455	1,030	21,309	5,525	4,741	2,068	6,844	3,899	2,676	
El Salvador	0	0	0	0	7	11	256	2	0	438	4	2	0	
Eritrea			857											
Estonia	35	0	0	2	213	86	79	410	2,318	1,778	356	288	17	
Ethiopia	78	65	1,247	2,008	369	368	814	75	636	1,799	359	362		
Faroe Islands	0	0	1	0	0	4	0	1	5					
Fiji		0	0	0	0	0	0	0	159	0	3	0		
Finland	358	553	308	32	745	14	254	196	2,657	3,288	2,029	1,622	674	
France	12,297	13,828	18,230	40,356	78,323	80,379	86,667	85,913	47,229	21,270	28,118	21,050	26,833	
French Polynesia	3	13	3	3	3	2	2	2	1	0	0	0	0	
Gabon	9	0	0	0	0	0	0	10	0					
Gambia	0	0	0	0	0	0	0	0	0	6	0			
Georgia	0	0	0	0	0	0	0	17	11	226	216	95	0	
Germany	25,070	28,356	34,271	33,009	44,143	60,399	75,722	101,501	96,704	112,259	139,298	119,491	118,201	
Ghana	37		11		9	20	23	11	427	532	420	2,475		
Greece	1,592	2,183	2,164	2,454	3,329	2,581	5,061	3,244	3,918	5,395	5,139	3,791	4,468	
Greenland	0	0	0	0	0	9	0	4	0	0	0	0	1	
Guatemala	45	0	66	0	0	9	0	0	3	0	0	0	7	
Guinea	14	0		3	26	0	0	2		38	0	0		
Guyana	0	0	0	0	0	0	0	0	0	0	3	0	1	
Honduras	9	60	292	211	36	25	1	0	537	330	484	767	495	
Hong Kong, China	19,107	11,786	13,658	12,309	12,432	12,067	13,790	10,952	11,994	14,647	13,856	20,881		
Hungary	6,581	6,624	7,367	3,560	3,904	3,158	3,947	123	1,083	455	788	1,130	2,258	
Iceland	43	32	5	3	50	103	91	98	30	38	45	42	44	
India	1,387	1,831	1,486	6,350	2,944	3,004	13,895	18,847	11,147	13,128	16,992	27,847	32,997	
Indonesia	3,044	1,190	3,496	5,143	8,157	4,678	5,016	4,399	5,591	10,541	17,451	24,042	20,168	
Iran (Islamic Republic of)	4	0	0	0	0	0				30	0			
Ireland	421	160	78	141	97	192	421	307	121	200	227	392	405	
Israel	1,936	2,903	5,533	1,994	4,285	9,622	7,765	7,238	7,955	7,802	10,759	9,788	7,277	
Italy	16,003	15,380	22,239	17,251	16,404	15,734	34,322	75,870	76,085	54,539	83,244	83,420	88,648	
Jamaica	0	0	0	3	76	0	0	0	62	30	0	0		
Japan	9,475	14,585	10,171	9,503	7,502	6,565	10,650	17,718	5,823	4,988	4,579	7,709	7,630	
Jordan	91	161	0	0		499	706	765	832	1,109	1,422	2,081	1,610	
Kazakhstan	20	0	0	26	0	15	0	0	16	86	12	15	4	
Kenya	7,099	8,788	10,331	12,166	18,478	13,954	88,820	75,414	57,325	116,311	116,838			
Korea, Republic of	1,123	216	2,495	2,033	2,766	1,693	3,068	4,009	4,428	4,863	10,676	6,824	6,961	
Kuwait	6	71	225	34		4	40	4						
Kyrgyzstan	0	0	0	0	0	0	0	0	0	0	1	3		
Latvia	2	13	0	0	180	45	0	1	0	0	2	5	11	
Lebanon	147	368	257	676	708	501	674	566	701	768	1,060	1,607	1,943	
Lesotho	0	0	0					0	0	0				
Lithuania	0	248	43	73	45	66	0	0	16	0	1	3	0	
Luxembourg	2	336	160	1	20	229	284	291	279	214	129	65	110	
Macao, China	8	3	1	0	0	8	3	29	24	62		91		
Macedonia, The Former Yugoslav Republic of	199	315	535	340	124	121	428		515	419	569	880	405	
Madagascar	2	8	0	2,056	1	92	46	0	1	259	32	119	415	
Malawi	379	50	518	419	179	604	175	164	382	135	204	265	169	
Malaysia	1,359	638	991	471	166	346	1,817	580	5,099	1,340	7,379	33,418	15,295	
Mali	15	12	15	24	50	29	10	23		86	191	62		
Malta	32	0	64	0	46	104	110	249	251	245	342	156	265	
Mauritania	0	0	0	0	0		0	0	0	0	1	4,265		
Mauritius	0	86	154	219	544	47	273	1,609	101	85	6,396	3,085	41	
Mayotte	0	0	3	3	1	0	1	4	1					
Mexico	389	231	41	103	289	86	1,133	988	652	956	1,055	639	617	
Mongolia	0		0	0	0	0	0						0	
Montenegro						2	0	4	1	1	1	21	55	
Morocco	1,467	3,768	3,696	2,014	3,070	2,412	2,474	4,514	3,738	2,676	5,935	4,589	13,164	
Mozambique	0	24	4	1	25	3	13	45	82	1,366	265	69	1,330	
Myanmar										39				
Namibia	11	9	10	7	3	0	3	9	42	18	53	414	83	
Nepal			13						0	2	7			
Netherland Antilles					1	2	144	15						
Netherlands	47,419	49,062	60,466	75,193	78,445	63,423	86,406	80,922	99,728	127,145	124,102	117,284	107,358	
New Caledonia	0	0	0	0	0	0	2	2	0	0	0	0	0	
New Zealand	0	2	70	476	268	16	7	7	139	199	558	812	314	
Nicaragua	0	0	0	0	0	0	0	1	0	0	0	7	0	
Niger	0	1	37	1	0	1	6	0	0	4	54	56	101	
Nigeria	202	0	22			293	1,060	677	344	4,147	439	784		
Norway	1,612	1,556	1,345	1,446	2,210	1,930	1,766	2,386	1,525	1,297	1,234	3,194	1,845	
Oman	52	55	74	187	97	39	26	404	79	858	1,177	1,263	511	
Pakistan			714	3,982	6,606	6,416	11,086	10,863	12,886	10,425	13,604	9,808	7,309	
Palestine, State of							23	0	48	132	26	194		
Panama	0	0	0		0	0	0	0	0	0	0			
Papua New Guinea	0	0	0	0							0	0		
Paraguay	0	0	0	1	0	1	1	168	30	0	0	0	0	
Peru	1	4	0	0	0	0	0	0	1	0	0	30		
Philippines	0	0	2	0	403	320	19	8	12	0	76	114	393	
Poland	6,541	6,271	8,711	10,549	18,611	8,931	10,615	10,765	15,607	20,493	17,505	15,889	17,766	
Portugal	11,714	15,244	14,516	11,588	12,065	15,225	17,422	25,597	21,464	21,896	31,538	23,387	19,879	
Qatar	19	0	4	279	0	22	0	0	0	0	23	202	1,397	
Republic of Moldova	7	0	0	0	0	9	0	51	0	48	1	24	29	
Romania	1,473	1,171	1,083	1,932	3,188	3,594	1,983	2,348	5,292	5,408	9,015	7,187	7,120	
Russian Federation	2,435	2,925	5,708	6,725	7,538	3,701	8,667	5,891	14,155	18,993	21,088	11,848	15,059	
Rwanda	5,962	8,007	14,204	23,357	39,772	61,546	98,324	148,534	143,049	179,842	188,667	233,239	199,900	
Saint Kitts and Nevis	0	0	0	6	1	3	0	0	0	0	0			
Saint Vincent and the Grenadines	0	0	7	0	0	0	120	0	4	1	2	1		
Saudi Arabia	12	18	144	36	78	29	261	0	238	316	134	356		
Senegal	32	0	34	8	335	195	0	7	110	216	250	3	2	
Serbia					5,487	4,555	6,542	8,548	5,300	3,832	7,064	5,171	5,822	
Serbia and Montenegro	1,739	3,490		3,320										
Seychelles	0	33	1		0	1		5						
Sierra Leone		61												
Singapore	1,163	2,750	0	0	0	0	0	0	0	0	1,200	1,887	2,365	
Slovakia	88	40	188	111	399	467	308	246	28	93	8	105	53	
Slovenia	645	1,206	739	428	3,242	1,421	1,003	1,547	1,317	179	257	289	308	
South Africa	2,122	1,905	4,745	6,048	5,652	6,119	17,252	11,452	18,085	9,292	7,059	9,692	5,307	
Spain	21,867	21,651	28,698	25,728	27,280	24,094	32,468	45,927	47,695	49,780	73,729	53,640	46,873	
Sri Lanka	0	0	0	0	0	0	0	79	133	1	484	37		
Sudan (North + South)	12,193	15,111	15,864	29,947	28,084	39,875		1,046	27,491	39,981	34,693			
Suriname	0			0	0	0	0		0	0	0			
Swaziland	0	0	0	0	0	0	0							
Sweden	1,133	854	3,179	1,090	558	1,783	2,504	3,427	2,130	5,431	3,500	6,594	6,801	
Switzerland	4,903	8,705	10,375	10,110	3,107	3,236	2,868	3,275	4,248	3,971	3,941	5,439	7,020	
Syrian Arab Republic	0	0	0	0	150	137	589	435	1,581	571				
Taipei, Chinese	4,132	11,110	6,547	3,043	6,581	1,409	614	63	639	310	2,184	2,139	1,815	
Tanzania, United Republic of	11,342	2,687	8,313	7,629	6,409	5,426	6,478	17,206	12,135	17,888	36,426	108,346	58,030	
Thailand	139	562	721	1,773	3,022	2,987	7,133	5,063	1,776	384	2,166	3,606	3,966	
Timor-Leste				0	0									
Togo	13	17	1	1	15		17	0	0	0	4	6	49	
Trinidad and Tobago	0	0	123	22	0	32	880	1,533	17	9				
Tunisia	360	1,102	888	1,291	5	23	1,399	7,729	1,072	9	8,971	4,487	21,082	
Turkey	668	603	783	3,303	12,530	5,648	6,034	7,910	11,198	11,494	7,746	3,606	9,839	
Uganda	0	0	0	0	0	0	0	0	0	0	0	115	0	
Ukraine	80	318	697	1,015	1,984	402	158	528	4,121	3,587	1,766	3,708	6,139	
United Arab Emirates					36,387		32,272	34,527						
United Kingdom	13,529	32,261	27,660	32,232	21,353	15,950	15,588	18,564	14,478	17,598	22,447	23,608	24,202	
United States of America	20,553	17,196	38,361	29,610	28,769	24,052	28,170	54,256	32,724	60,459	48,450	36,684	49,898	
Uruguay	0	0	0	0	0	0	3	0	5	0	0	15	1	
Venezuela	442	1,157	10	225	328	143		5	2	0	0	0	0	
Viet Nam	0	14	13	126	204	1,605	5,277	5,588	5,101	4,904	20,796	17,462		
Yemen				20	0	5	3	183	1	10	0	2		
Zambia	13	2,730	5,276	250	467	139	53	1,004	79	588	507	2,871	2,285	
Zimbabwe	19	12		6	429	65	104	98	151	1,871	947	1,905	171	
