List of importing markets for a product exported by Sierra Leone (Mirror) Product: TOTAL All products
"Importers"	"Exported value in 2001"	"Exported value in 2002"	"Exported value in 2003"	"Exported value in 2004"	"Exported value in 2005"	"Exported value in 2006"	"Exported value in 2007"	"Exported value in 2008"	"Exported value in 2009"	"Exported value in 2010"	"Exported value in 2011"	"Exported value in 2012"	"Exported value in 2013"	
Total	97,659	167,774	205,940	237,241	230,618	289,780	402,087	366,416	310,836	363,490	507,565	1,045,049	1,865,646	
Albania	0	18	56	37	28	23	8	4	87	27	166	1	16	
Algeria	0	0	0	1	16	41	2	215	251	1,002	1,318	99	20	
Andorra	2	0	10	0										
Antigua and Barbuda					8		226		0	0	0	0	3	
Argentina	12	0	2	1	0	238	169	337	654	190	9	4	649	
Armenia	0	0	178	0	0	242	166	13	326	3	120	77	189	
Australia	97	9	38	184	490	2,869	2,097	2,102	4,364	5,675	9,249	2,830	15,875	
Austria	1,666	527	941	120	12	89	134	165	8	1	17	1	1	
Azerbaijan	0	0	0	0	0	0	39	67	0	0	0	0		
Bahrain	0	0	0	0	0	0	0	0	0	10	0			
Bangladesh	0	18,111	181	11,762	322	283	918							
Barbados	73	116	107	46	60	10	1	6	16	2	7	1	21	
Belarus	0	2	0	0	493	38	108	0	77	1	50	393	198	
Belgium	23,330	45,041	94,093	125,752	142,224	119,739	145,978	99,167	63,813	97,188	110,743	180,732	175,742	
Belize	0	0	0	0	0	0	0	5	0	0	0	0	0	
Benin	8	336	329	1,190	0	858	0	253	0	0	0	0	0	
Bermuda												4	5	
Bolivia	0	1	0	2	0	0	0	4	1	0	1	36		
Bosnia and Herzegovina			49	97	120	391	339	208	22	34	65	31	27	
Botswana	0	1	2	1	1	0	11	0	1	3	0	511	0	
Brazil	0	0	1	15	0	47	254	316	212	66	128	212	1,089	
Brunei Darussalam	0	0	0	0		0				13	0	7	14	
Bulgaria	6	7	0	0	2	5	544	216	0	0	0	0	0	
Burkina Faso	0	7	0	120	1		1,695	2,805	0	0	0	262		
Burundi	0	0	0	0	0	0	0	0	0	1	14	24	11	
Cabo Verde	0	2	0	0	0	0	0		7	0	0	0	0	
Cambodia	0	0	0	0	0	33	0	3	3	58	0	0		
Cameroon	0	11	4	1	0	843	37	8	35	22	20	31		
Canada	1,872	1,574	2,354	2,900	2,005	1,641	11,016	1,365	3,553	1,830	4,952	949	1,041	
Central African Republic	0	0	0			0	0	0	0	0	7	0	0	
Chile	0	0	0	0	1	1	236	263	262	183	425	1,195	346	
China	3	157	0	1,603	1,361	979	5,705	5,317	10,541	10,770	28,003	502,909	1,432,819	
Colombia	0	2	0	2	3	1	8	31	3	24	16	9	46	
Congo							0	0	0	0	17,305	0	1,199	
Costa Rica	0	0	0	0	0	0	0	0	0	1	0	0	2	
Côte d'Ivoire	163	361	11	596	2,300	796	3	26	14,063	764	539	2,566		
Croatia	176	42	86	14	14	125	2	10	3	32	16	19	0	
Cuba	0	3	4	0	0	1								
Cyprus	0	0	171	70	2	480	25	8	5	0	0	0	0	
Czech Republic	644	755	505	6,866	1,750	1,805	4,690	5,626	3,026	1,042	1,847	1,271	2,912	
Denmark	1,076	1,383	1,374	263	47	395	197	144	13	1,450	21	64	109	
Dominica	21	1	53	39	1	11	0	0	9	0	0	0		
Dominican Republic	0	0	0	0	0	0	0	0	33	111	43	21	1	
Ecuador	0	0	0	0	1	3	0	0	0	0	36	0	19	
Egypt	27	0	0	0	0	45	49	347	573	482	444	532	256	
El Salvador	0	0	0	0	0	0	0	0	0	0	0	0	0	
Estonia	285	80	227	224	632	140	384	653	68	151	595	1,517	479	
Ethiopia	3	11	231	281	1	2	2	337	157	29	106	4		
Faroe Islands	0	0	0	0	0	0	2	0	0					
Fiji		10	0	0	0	0	0	0	0	0	84	1		
Finland	153	4	57	38	281	2,918	3,976	1,792	36	11	20	1,750	48	
France	31,706	37,293	43,385	24,915	13,860	20,174	34,118	32,436	30,499	14,685	16,949	30,246	22,791	
French Polynesia	0	0	2	0	36	287	76	20	6	0	22	0	4	
Gabon	2	0	0	5	16	64	0	0	0					
Gambia	73	90	27	119	206	425	297	24	75	55	303			
Georgia	0	0	0	0	0	0	0	0	47	14	480	102	0	
Germany	10,462	38,308	20,581	24,076	28,821	23,693	31,840	14,240	40,051	20,046	19,626	16,437	12,192	
Ghana	258		336		82	316	282	136	1,238	1,330	2,047	10,522		
Greece	1,076	185	204	33	0	5	11	3,169	9,728	2,414	3,818	17	139	
Greenland	0	0	28	0	0	2	3	1	1	1	8	3	2	
Grenada	37	11	23	8	5	26	5	21						
Guatemala	1	0	0	0	1	0	0	0	6	0	0	0	0	
Guinea	995	3		591	92	0	445	71		777	10,392	12,742		
Guyana	0	67	6	33	20	0	0	0	0	0	59	0	0	
Honduras	0	14	0	13	21	0	0	32	0	0	0	3	7	
Hong Kong, China	13	123	172	913	800	74	215	20	19	2,124	2,571	1,077		
Hungary	368	126	106	245	21	66	35	0	7	1	0	0	20	
Iceland	0	0	0	0	0	0	0	0	0	0	0	0	0	
India	514	1,546	8,023	3,061	3,380	2,016	3,670	50,446	3,921	6,937	5,231	5,329	5,792	
Indonesia	9	47	163	79	62	0	62	258	527	1,605	7,622	2,701	178	
Iran (Islamic Republic of)	0	0	0	0	0	0				27	0			
Ireland	1,698	719	465	352	476	357	238	229	397	1,383	913	323	333	
Israel	0	0	7	3	1	48	7	8	119	44	27	0	159	
Italy	453	3,309	1,593	2,503	137	1,173	362	507	2,963	1,109	2,706	652	1,540	
Jamaica	10	0	0	0	0	0	0	0	5	0	0	0		
Japan	2,927	851	30	160	254	929	3,376	2,393	4,315	4,479	4,896	76,395	14,928	
Jordan	0	0	0	0		0	0	0	0	0	7	11	8	
Kazakhstan	277	64	0	0	0	0	2,429	7	11	106	420	70	52	
Kenya	604	184	895	507	295	451	77	147	157	80	362			
Kiribati					0		0	5	16	21	44	56		
Korea, Republic of	504	540	54	59	498	510	742	710	658	5,003	1,375	3,485	4,282	
Kuwait	0	66	47	0		734	380	1						
Kyrgyzstan	0	0	0	0	0	1	0	0	0	0	0	0		
Latvia	0	0	0	4	0	0	136	8	0	0	1	0	0	
Lebanon	182	18	65	228	99	260	263	703	661	783	611	2,849	1,689	
Libya							0	0	13	0				
Lithuania	0	0	0	0	0	0	0	0	0	0	0	0	0	
Luxembourg	13	33	67	32	0	3	0	99	327	55	29	328	90	
Macao, China	0	0	1	0	0	0	0	0	0	0		0		
Macedonia, The Former Yugoslav Republic of	9	8	14	5	1	6	124		16	2	153	38	28	
Madagascar	1	2	0	0	1	54	4	31	0	2	2	41	20	
Malawi	26	0	22	1	107	31	27	53	0	17	89	1	91	
Malaysia	202	223	394	321	102	169	78	329	1,509	2,437	820	2,349	974	
Mali	5	12	0	0	2	27	63	5		29	6	28		
Malta	3	2	9	0	4	12	29	19	0	0	0	0	0	
Mauritania	0	0	0	0	0		9	0	0	0	0	21		
Mauritius	1	20	10	11	1,032	68	354	61	645	846	1,063	2,957	8,258	
Mayotte	1	0	2	1	52	91	10	51	36					
Mexico	55	4	108	37	62	68	260	14,045	518	395	355	4,329	1,002	
Montenegro						0	1	1	2	0	0	235	0	
Montserrat	0	0	0	0	0	0	0	0	0			0	10	
Morocco	838	404	944	240	267	381	504	1,337	244	363	299	1,709	1,451	
Mozambique	0	2	0	0	0	0	0	0	0	0	0	0	2	
Myanmar										141				
Namibia	0	0	0	1,551	11	0	0	6	0	0	0	0	2,384	
Nepal			0						154	91	0			
Netherland Antilles					0	8	61	58						
Netherlands	361	368	2,569	534	571	13,653	11,971	10,189	19,068	24,142	35,428	38,837	15,615	
New Caledonia	0	3	9	0	17	24	37	101	151	217	156	211	457	
New Zealand	0	46	26	2	2	103	283	364	305	390	564	419	698	
Nicaragua	0	0	0	0	0	0	0	0	0	3	0	7	2	
Niger	2	0	50	0	0	2,522	1,954	2,528	75	0	0	35	1	
Nigeria	115	0	442			95	65	481	428	3,018	52,941	312		
Norway	0	0	0	0	1	1	1	4	0	0	0	0	0	
Oman	0	0	49	0	0	18	26	0	0	1,776	0	164	1	
Pakistan			0	3	49	45	367	366	65	41	603	1,072	385	
Palestine, State of							0	1,553	506	57	862	380		
Papua New Guinea	30	66	51	19							14	4		
Paraguay	0	0	0	0	0	0	0	0	0	0	0	0	107	
Peru	45	3	5	6	10	11	7	4	7	81	227	486		
Philippines	0	61	5	41	46	48	34	40	1	0	0	140	134	
Poland	190	335	115	3,446	5,092	15,782	31,539	13,297	7,192	8,124	6,213	1,032	585	
Portugal	59	2	15	6	6	3,711	6,038	1,049	3,294	2,690	0	268	286	
Qatar	0	0	0	0	0	149	37	276	192	140	133	184	57	
Republic of Moldova	0	0	0	0	23	67	37	201	134	72	30	46	73	
Romania	2	5	13	4	14	5	214	1	3,806	50,740	48,519	31,118	24,877	
Russian Federation	94	614	91	1,658	1,100	580	2,932	1,615	84	687	349	125	217	
Rwanda	35	3	0	4	0	1	0	0	41	0	13	1	3	
Saint Kitts and Nevis	0	0	0	0	0	0	0	0	7	5	0			
Saint Lucia	0	7	0	217	0	0	0	0						
Saint Vincent and the Grenadines	11	2	0	67	3	4	0	13	3	5	8	1		
Samoa	0	0	0	0	0	0	0	6	0	0	0	0	0	
Saudi Arabia	185	27	4	33	25	2	50	175	0	0	0	0		
Senegal	47	41	112	36	2	2,998	6,290	1,960	1,594	19	112	343	190	
Serbia					1,246	533	636	530	682	337	508	40	55	
Serbia and Montenegro	1,479	1,403		286										
Seychelles	0	0	0		0	0		197						
Singapore	6	9	0	0	0	0	0	0	0	0	0	199	11,177	
Slovakia	32	33	69	73	1,100	215	301	320	330	521	4,539	1,595	2,387	
Slovenia	1	0	1	299	412	256	93	5,377	3,104	482	388	220	1,118	
Solomon Islands								0	1,705	262	14			
South Africa	2,479	1,841	406	778	684	678	1,486	1,851	368	3,057	3,637	1,086	10,334	
Spain	117	241	1,681	299	1,281	2,374	5,132	3,719	3,006	10,350	2,230	2,476	3,603	
Sri Lanka	9	0	171	62	0	6	0	27	16	25	18	120		
Sudan (North + South)	0	216	0	43	0	0		97	9,570	1,175	38			
Suriname	123			12	25	7	27		0	1	1			
Sweden	382	348	370	361	10	2	14	153	161	186	1	213	0	
Switzerland	16	55	29	18	24	159	1,614	1,570	1,164	1,077	1,295	1,377	387	
Syrian Arab Republic	0	0	0	0	0	39	0	0	23	87				
Taipei, Chinese	5	1	2	74	88	1,365	6	331	17	7	330	481	9	
Tanzania, United Republic of	49	41	71	32	82	32	13	76	4	0	134	0	0	
Thailand	406	320	360	330	923	426	34	962	379	509	463	2,041	863	
Timor-Leste				0	0									
Togo	0	2	0	0	0		0	0	166	5	0	0	0	
Tonga	0	0	0					0	10	0	0	0		
Trinidad and Tobago	1	0	17	0	0	4	1	0	18	8				
Tunisia	137	14	65	21	1	11	98	6	124	18	5	3	66	
Turkey	9	0	0	14	40	1,511	1,259	2,212	2,368	10,610	23,063	47,870	23,636	
Uganda	197	145	19	1	0	2	1	13	24	30	3	34	131	
Ukraine	13	1	0	0	466	409	540	2,722	56	14	9,744	507	127	
United Arab Emirates					1,217		478	1,341						
United Kingdom	2,915	4,073	13,102	4,337	2,282	8,721	6,564	7,791	18,121	13,662	22,828	12,199	13,381	
United States of America	4,816	4,095	6,727	11,216	9,961	43,889	60,221	57,776	28,510	29,637	26,866	18,647	41,815	
Uruguay	0	0	0	0	0	0	0	7	2	1	1	1	32	
Venezuela	0	183	0	0	0	8		260	87	7,650	3	0	1,215	
Viet Nam	81	282	444	506	774	1,693	2,071	1,346	2,744	2,983	5,606	7,588		
Yemen				0	1	0	0	0	1	0	0	0		
Zambia	270	2	3	72	27	0	2	2	4	9	4	48	42	
Zimbabwe	0	40		0	13	0	0	7	6	2	2	0	17	
