List of importing markets for a product exported by New Zealand Product: TOTAL All products
"Importers"	"Exported value in 2001"	"Exported value in 2002"	"Exported value in 2003"	"Exported value in 2004"	"Exported value in 2005"	"Exported value in 2006"	"Exported value in 2007"	"Exported value in 2008"	"Exported value in 2009"	"Exported value in 2010"	"Exported value in 2011"	"Exported value in 2012"	"Exported value in 2013"	
World	13,729,685	14,382,444	16,526,851	20,344,023	21,728,544	22,409,180	26,930,933	30,577,985	24,932,601	30,931,878	37,633,151	37,304,685	39,206,358	
Afghanistan	77	410	690	508	290	303	335	636	382	268	956	421	719	
Albania	74	626	352	74	21	433	948	1,586	1,468	1,767	2,348	398	316	
Algeria	37,436	64,775	52,193	72,325	95,835	138,743	180,973	230,564	164,274	164,973	394,870	343,764	237,171	
Andorra	0	0	0	0	3	0	0	0	0	0	0	0	0	
Angola	1,120	1,374	1,733	4,342	8,712	13,208	11,648	18,185	10,974	16,258	30,805	26,523	34,244	
Anguilla	0	0	0	0	0	1	0	0	10	8	0	1	1	
Antigua and Barbuda	278	168	344	686	803	719	1,054	1,068	929	1,227	1,827	764	878	
Area Nes	0	0	0	519	0	50	24	0	0	0	4,307	5	0	
Argentina	14,296	7,172	5,926	11,004	12,704	10,605	17,057	19,937	16,440	15,546	19,559	19,139	15,811	
Armenia	0	0	87	2,879	6,000	7,266	9,266	9,303	10,579	18,729	17,341	15,593	15,718	
Aruba	379	170	132	115	207	261	505	1,220	572	1,043	1,250	879	750	
Australia	2,597,594	2,883,271	3,560,987	4,239,423	4,645,546	4,583,028	5,910,750	7,124,894	5,739,721	7,124,588	8,537,887	8,023,927	7,462,482	
Austria	7,934	4,269	7,899	11,306	13,507	12,286	17,810	19,623	18,060	12,666	13,177	13,699	15,176	
Azerbaijan	32	80	2,559	10,201	33,965	19,838	36,949	49,620	26,932	47,677	53,483	60,928	53,653	
Bahamas	814	1,118	554	1,555	847	13,773	1,187	1,721	876	1,011	1,703	2,824	2,122	
Bahrain	7,834	7,481	8,317	11,668	11,639	10,546	16,082	50,652	47,234	51,436	54,196	44,931	35,980	
Bangladesh	9,945	12,509	11,170	18,043	13,325	16,952	27,670	28,847	44,563	61,712	125,519	111,790	93,472	
Barbados	8,604	10,275	11,382	13,146	12,922	11,862	15,552	23,951	14,817	20,743	20,862	19,828	22,457	
Belarus	11	25	105	397	538	209	628	888	396	387	257	515	794	
Belgium	229,678	290,295	367,585	344,098	363,174	406,191	396,672	361,286	307,875	256,033	317,287	270,543	318,690	
Belize	203	186	128	145	145	399	439	351	281	517	2,369	385	410	
Benin	2	381	1,485	2,695	3,726	1,417	739	1,667	769	623	740	2,044	660	
Bermuda	1,934	2,102	1,977	2,746	3,453	3,060	2,872	3,785	3,170	3,546	4,731	43,170	3,666	
Bhutan	3	10	1	0	36	1	68	51	56	60	73	83	65	
Bolivia	119	972	109	442	862	1,591	2,340	1,608	924	551	1,061	549	1,480	
Bosnia and Herzegovina	126	36	106	8	1	0	4	914	494	505	0	2	0	
Botswana	15	20	7	31	12	22	154	103	105	74	55	66	196	
Brazil	30,987	35,914	19,228	22,373	61,819	74,393	31,466	64,040	40,703	38,346	44,454	65,715	164,679	
British Indian Ocean Territories	0	0	0	0	0	113	0	0	0	0	0	0	0	
British Virgin Islands	170	5,591	88	17	8	23	16,082	62,028	23	34,177	47	31	728	
Brunei Darussalam	1,322	1,544	1,479	2,355	2,318	64,479	2,192	2,752	2,667	2,573	4,093	4,717	5,675	
Bulgaria	198	205	426	996	3,655	4,982	2,585	3,583	4,297	2,577	4,433	6,127	4,992	
Burkina Faso	0	1	11	7	8	335	60	28	37	406	259	619	1,336	
Burundi	23	2	39	116	709	46	34	14	8	130	8	40	6	
Cabo Verde	0	0	1	20	7	30	2	440	1	0	0	0	2	
Cambodia	1,323	348	421	499	1,302	614	1,298	2,669	2,266	3,825	4,423	4,223	4,851	
Cameroon	32	365	114	203	2,303	2,585	4,453	6,194	4,708	5,562	12,293	16,841	20,093	
Canada	265,366	300,529	318,753	345,148	369,190	358,423	395,989	364,569	314,983	353,660	472,362	457,649	428,748	
Cayman Islands	60	15,624	10,699	10,967	23,651	13,267	556	627	14,386	456	1,621	493	496	
Central African Republic	0	0	0	0	0	0	23	20	0	0	0	0	143	
Chad	0	0	112	3	2	0	0	100	71	148	85	1	219	
Chile	21,020	15,517	18,275	34,743	37,304	37,241	39,489	63,736	36,273	43,047	48,935	62,044	123,933	
China	567,077	662,758	801,020	1,156,214	1,103,823	1,214,457	1,439,153	1,805,993	2,280,037	3,431,077	4,647,722	5,555,172	8,124,506	
Christmas Islands	0	0	0	0	0	0	5	0	0	0	5,710	149	0	
Cocos (Keeling) Islands	0	0	0	0	2	0	0	0	0	0	0	0	0	
Colombia	13,868	4,256	2,498	3,585	2,890	4,968	6,775	6,431	4,336	8,217	9,868	10,766	10,778	
Comoros	0	0	0	0	0	18	395	489	117	125	0	20	0	
Congo	6	375	637	914	763	1,394	1,530	948	1,961	2,479	2,431	368	2,577	
Cook Islands	22,674	25,471	38,245	48,860	55,071	53,939	66,568	60,919	61,537	65,002	75,077	80,121	74,909	
Costa Rica	766	2,696	1,865	1,303	1,123	1,392	2,418	2,175	2,255	1,815	1,682	4,136	4,113	
Côte d'Ivoire	592	1,062	1,496	2,675	3,632	3,431	2,279	4,439	6,435	10,281	8,246	7,340	3,237	
Croatia	1,029	465	1,432	3,413	3,812	4,257	5,772	4,371	2,974	2,322	3,651	6,321	3,395	
Cuba	45,749	30,252	39,537	53,589	41,535	47,103	84,472	88,799	3,163	37,777	58,016	18,064	51,347	
Cyprus	4,559	6,054	6,964	10,479	12,022	10,242	13,790	19,822	15,498	14,088	15,169	14,768	9,286	
Czech Republic	1,347	2,601	6,633	2,039	1,340	6,537	8,205	9,085	5,301	5,097	6,367	6,064	9,005	
Democratic Republic of the Congo	0	279	1,332	2,049	4,029	7,543	5,523	3,925	7,611	7,005	7,042	5,452	7,126	
Denmark	41,397	40,226	88,111	144,424	125,881	94,718	138,997	145,652	87,382	166,128	182,007	61,601	66,433	
Djibouti	311	4	14	56	395	994	1,815	1,977	1,711	1,955	2,250	3,778	2,636	
Dominica	469	93	2	0	33	79	1	25	49	105	59	120	57	
Dominican Republic	18,364	13,906	12,463	13,744	9,613	13,873	23,751	17,468	12,198	16,992	16,375	8,997	9,100	
Ecuador	2,075	2,128	2,716	2,154	1,488	2,065	2,111	3,440	1,163	2,085	3,213	3,554	3,546	
Egypt	69,758	67,102	67,103	61,227	81,680	103,795	129,384	141,694	156,310	170,566	250,062	303,754	292,793	
El Salvador	42,867	22,137	21,365	17,619	22,479	13,674	13,278	4,058	3,253	3,701	3,600	4,913	4,165	
Equatorial Guinea	1	0	39	265	19	126	3	32	138	487	366	2,064	3,280	
Eritrea	2	323	132	889	19	26	22	19	44	118	11	80	136	
Estonia	6,280	1,534	5,282	1,276	1,704	1,950	1,425	2,349	790	1,912	1,827	3,648	2,645	
Ethiopia	168	148	27	60	2,590	515	93	335	246	256	488	377	194	
Europe Othr. Nes	130,191	121,594	123,027	245,952	162,953	161,772	182,445	248,171	220,216	183,015	213,909	183,996	178,521	
Falkland Islands (Malvinas)	180	145	269	369	192	157	295	194	352	259	212	265	194	
Faroe Islands	642	800	896	1,241	1,599	1,673	2,307	3,129	2,147	2,611	3,188	3,597	3,469	
Fiji	104,367	132,701	156,551	226,138	248,726	240,447	250,604	258,958	192,590	222,174	270,755	289,899	326,708	
Finland	8,894	7,354	9,222	12,555	14,777	16,389	21,305	20,290	11,417	21,870	28,588	22,450	17,715	
France	161,927	188,737	228,802	260,975	287,844	266,257	315,866	378,078	338,252	343,687	357,607	316,357	291,000	
French Polynesia	73,176	80,263	89,536	110,872	111,622	110,372	145,926	131,184	117,392	164,090	149,944	142,929	153,560	
French South Antarctic Territories	3	0	0	1	810	12	89	18	126	251	234	174	390	
Gabon	300	483	266	516	184	796	3,172	1,725	1,292	2,144	3,894	1,770	2,121	
Gambia	16	157	630	636	490	606	503	418	980	233	1,287	183	115	
Georgia	780	1,221	3,987	11,129	3,090	7,715	11,396	18,126	7,700	15,789	12,666	14,766	23,702	
Germany	352,488	421,248	434,124	481,754	556,331	571,028	555,551	637,888	481,054	468,031	608,285	598,098	601,696	
Ghana	2,833	1,870	5,026	5,183	6,639	25,109	33,953	56,195	23,405	42,719	70,847	42,104	55,313	
Gibraltar	216	199	139	289	442	448	738	864	2,445	873	915	706	1,170	
Greece	30,710	30,873	37,338	41,262	52,263	41,399	44,429	44,389	50,561	41,375	56,526	35,643	37,749	
Greenland	190	71	10	52	140	67	7	312	128	172	0	4	0	
Grenada	1,593	2,023	1,606	1,757	1,936	1,706	2,037	2,781	1,704	2,339	2,653	2,393	2,354	
Guatemala	11,549	16,416	17,233	18,442	21,750	23,269	24,795	16,619	14,855	13,718	16,438	16,304	18,181	
Guinea	4	140	678	594	38	431	421	158	607	951	631	1,387	1,280	
Guinea-Bissau	0	0	0	0	0	101	0	0	0	0	0	0	0	
Guyana	3,597	4,101	4,008	4,591	5,064	5,506	6,919	10,938	5,285	8,340	11,988	17,419	15,820	
Haiti	242	323	190	556	1,250	328	228	992	629	366	1,371	667	159	
Honduras	562	809	1,135	648	462	1,990	602	2,376	7,159	1,496	4,268	679	718	
Hong Kong, China	330,441	291,514	325,377	371,206	369,181	362,907	430,246	499,031	499,008	615,605	629,859	704,126	626,504	
Hungary	1,096	1,000	2,552	3,139	1,207	1,339	1,961	3,554	8,039	9,240	6,673	3,978	4,057	
Iceland	224	686	517	819	929	1,795	2,293	2,717	490	524	914	854	1,063	
India	69,368	89,117	91,434	129,878	165,887	218,513	269,841	387,605	395,780	640,117	739,206	636,486	550,847	
Indonesia	231,354	211,380	223,001	272,078	327,677	397,194	572,552	716,973	605,546	661,678	674,350	679,036	720,932	
Iran (Islamic Republic of)	27,590	46,639	62,788	64,405	54,663	79,088	104,647	167,283	133,333	183,402	204,488	212,956	141,774	
Iraq	0	493	4	160	673	64	209	4,629	1,028	1,575	4,195	5,831	3,637	
Ireland	13,835	12,351	18,085	47,360	24,910	30,753	45,953	44,049	32,817	33,778	36,225	39,803	46,909	
Israel	5,295	6,394	5,830	37,040	11,557	8,946	13,344	37,083	16,066	21,869	12,802	11,614	16,482	
Italy	230,522	215,991	258,535	291,096	314,655	332,400	340,408	335,854	253,947	310,848	362,311	292,609	318,930	
Jamaica	18,289	13,292	11,337	17,170	21,863	21,166	31,662	31,035	22,079	30,633	32,837	28,526	26,723	
Japan	1,716,079	1,654,116	1,817,580	2,280,507	2,298,790	2,303,622	2,478,412	2,575,786	1,773,348	2,400,782	2,717,093	2,600,279	2,330,060	
Jordan	12,249	31,344	36,923	16,545	49,422	43,521	19,736	32,899	45,782	46,187	52,966	74,885	46,149	
Kazakhstan	71	3,730	40	1,650	1,759	3,447	471	502	583	673	2,009	1,528	1,179	
Kenya	1,274	1,517	1,983	2,142	2,779	3,911	5,692	6,641	7,961	12,349	6,926	8,848	7,709	
Kiribati	1,435	3,141	4,108	3,860	4,823	3,547	4,614	2,650	4,110	3,569	4,852	5,978	6,089	
Korea, Republic of	605,276	637,867	578,016	771,960	762,484	855,217	977,457	968,183	779,583	1,005,350	1,320,086	1,259,191	1,335,959	
Kuwait	18,654	19,418	28,577	22,590	38,399	45,883	70,720	64,585	42,456	62,746	77,268	59,519	59,638	
Kyrgyzstan	14	0	54	5	11	7	120	5	166	19	28	149	23	
Lao People's Democratic Republic	570	128	246	771	163	354	557	523	2,456	796	2,563	787	1,018	
Latvia	23,578	24,093	2,992	2,508	1,687	2,675	3,248	3,851	1,388	3,108	5,415	5,744	6,507	
Lebanon	3,474	2,940	4,709	6,569	7,287	5,485	4,865	6,444	7,029	6,818	10,004	7,947	9,735	
Lesotho	39	6	8	5	9	12	23	0	0	7	0	0	2	
Liberia	0	0	16	321	601	828	315	644	632	462	927	448	128	
Libya	867	376	1,716	2,646	2,069	5,103	5,163	20,188	16,102	36,479	15,310	53,227	60,038	
Lithuania	2,569	2,255	5,034	4,905	5,260	7,449	6,527	8,083	5,169	8,383	10,958	11,390	12,816	
Luxembourg	171	196	198	252	177	123	676	422	889	743	633	416	877	
Macao, China	2,942	5,095	3,571	1,812	2,831	2,967	3,496	2,575	5,266	4,431	4,147	6,383	4,299	
Macedonia, The Former Yugoslav Republic of	28	112	70	73	23	13	174	428	117	529	439	115	17	
Madagascar	2,259	333	744	1,576	2,018	1,777	137	79,488	2,464	227	550	304	444	
Malawi	34	19	98	57	250	110	27	34	130	247	258	197	253	
Malaysia	293,298	274,669	317,458	346,153	330,115	322,075	479,375	676,434	443,174	551,469	689,823	718,812	738,222	
Maldives	3,273	2,551	2,441	9,358	4,158	12,881	12,456	14,938	6,269	11,076	7,130	7,845	12,828	
Mali	1	5	15	15	14	592	16	27	1,987	2,759	7,002	4,860	5,424	
Malta	5,256	5,997	7,552	6,211	4,985	7,613	6,495	11,812	6,267	5,463	5,563	3,828	6,161	
Marshall Islands	448	665	880	1,618	3,495	3,299	3,438	2,213	2,697	3,305	78,442	2,324	3,091	
Mauritania	0	467	1,685	428	582	388	235	294	287	157	2,882	568	314	
Mauritius	11,741	11,118	18,126	19,487	24,924	23,003	35,826	47,593	28,409	42,271	63,578	63,373	59,622	
Mayotte	0	4	1	0	57	113	797	1,167	1,101	1,116	596	761	762	
Mexico	225,218	216,076	239,423	261,209	308,416	274,459	441,932	307,673	235,520	258,472	330,272	227,509	243,199	
Micronesia (Federated States of)	656	747	1,243	1,465	1,793	1,130	810	876	1,028	1,918	738	802	1,244	
Mongolia	76	108	277	751	1,451	1,047	1,343	1,106	2,461	10,315	16,421	14,316	15,638	
Montenegro	0	0	0	0	0	0	0	87	221	4	0	34	59	
Montserrat	0	0	0	1	0	0	0	0	0	0	0	10	0	
Morocco	11,107	11,117	9,390	9,678	19,448	29,304	23,598	40,651	33,023	52,545	66,496	45,895	53,000	
Mozambique	370	79	478	530	599	2,615	3,485	5,653	3,002	4,556	4,110	5,373	7,561	
Myanmar	7,148	7,823	3,797	3,752	1,873	2,852	3,518	5,862	5,868	11,571	15,804	16,412	16,258	
Namibia	53	104	49	202	21	328	414	1,129	1,667	2,108	2,253	1,938	375	
Nauru	963	88	98	316	152	48	123	64	98	504	406	1,126	1,936	
Nepal	11,995	12,093	15,295	5,900	7,890	9,641	6,876	6,665	11,262	8,461	10,214	6,054	5,159	
Netherland Antilles	689	720	705	517	827	1,758	1,684	2,619	1,053	1,703	2,800	2,464	324	
Netherlands	90,635	126,974	147,056	194,327	234,908	282,011	295,497	362,881	301,729	351,133	495,979	461,948	493,433	
New Caledonia	38,474	41,670	56,291	79,995	86,259	87,009	120,047	131,697	111,670	123,398	149,411	143,399	137,048	
New Zealand	0	0	0	0	0	0	0	0	0	0	0	0	0	
Nicaragua	695	2,804	1,938	929	1,296	18,553	24,470	25,823	16,055	23,294	28,522	26,153	26,692	
Niger	0	0	42	4	23	255	160	6	220	108	472	300	139	
Nigeria	6,392	13,142	22,670	44,833	41,486	69,971	125,485	163,206	126,002	154,021	214,796	223,168	253,383	
Niue	2,248	2,010	2,321	8,902	9,987	7,788	8,221	10,746	5,885	7,417	11,092	10,590	11,939	
Norfolk Island	3,941	4,468	4,479	8,973	5,297	4,546	7,667	6,270	5,760	5,868	7,489	6,169	11,998	
Northern Mariana Islands	1,000	809	728	1,337	2,030	1,888	2,382	2,381	2,403	2,829	2,921	2,682	2,881	
Norway	7,314	6,700	20,279	10,266	48,878	11,002	69,015	49,298	15,460	20,887	28,646	30,604	30,403	
Oman	8,913	17,913	29,867	59,222	24,264	36,465	66,242	47,257	50,408	34,150	62,178	70,994	70,021	
Pakistan	8,976	10,892	15,003	19,287	29,514	45,562	63,662	49,765	58,298	55,303	64,862	70,164	61,804	
Palau	134	61	200	1,000	178	412	463	502	274	133	139	206	207	
Palestine, State of	137	222	0	0	0	0	0	0	0	0	0	0	0	
Panama	13,566	14,125	19,231	16,287	22,994	24,372	31,895	39,724	30,099	31,523	26,340	30,860	23,198	
Papua New Guinea	40,902	48,688	94,663	61,202	72,650	73,158	87,830	98,172	96,375	135,186	171,872	196,304	191,882	
Paraguay	160	198	231	109	183	593	447	533	498	463	410	395	606	
Peru	35,695	21,030	22,037	25,236	16,529	17,865	24,794	34,503	26,573	55,449	62,473	109,409	87,570	
Philippines	237,330	216,464	284,508	330,994	355,400	331,750	491,697	522,946	358,201	518,524	597,081	548,708	610,648	
Pitcairn	40	253	77	1,287	1,385	150	794	564	788	445	378	575	450	
Poland	3,832	5,674	12,723	10,115	10,918	9,057	13,969	14,838	7,071	8,239	13,592	14,512	17,053	
Portugal	20,189	15,547	22,831	18,857	21,627	22,592	22,283	30,467	22,549	23,356	37,387	26,768	21,441	
Qatar	3,536	3,416	4,689	5,571	8,034	9,603	13,766	21,757	14,634	16,946	20,174	17,602	18,728	
Republic of Moldova	0	9	0	132	1,029	1,965	2,630	736	113	4,779	74	121	463	
Romania	498	292	473	11,169	2,187	2,702	3,020	2,661	1,580	2,812	3,777	5,848	3,146	
Russian Federation	13,648	35,065	56,772	63,781	90,921	104,635	114,819	162,104	114,336	194,793	221,173	186,621	187,972	
Rwanda	39	5	2	38	71	77	0	1	70	0	7	38	35	
Saint Helena	0	0	0	13	0	0	0	330	0	30	0	0	135	
Saint Kitts and Nevis	48	102	137	123	182	91	154	224	36	231	2,039	122	54	
Saint Lucia	1,275	1,086	1,325	1,870	2,022	2,368	2,739	4,291	2,537	3,848	4,272	3,034	3,416	
Saint Vincent and the Grenadines	492	274	262	495	631	699	689	1,078	961	1,160	2,011	1,947	1,040	
Samoa	36,883	39,016	46,439	65,021	69,458	62,640	69,344	69,158	72,874	90,697	107,693	87,242	92,548	
Sao Tome and Principe	0	17	0	0	0	0	0	0	0	0	12	1	0	
Saudi Arabia	131,224	129,315	158,305	215,693	267,523	265,996	389,128	519,844	298,315	437,670	539,577	556,248	443,632	
Senegal	843	1,750	4,493	1,556	1,872	15,849	5,045	3,638	20,569	14,782	17,479	21,671	7,579	
Serbia	0	0	0	0	0	522	483	416	213	686	116	222	122	
Serbia and Montenegro	501	86	95	232	188	0	0	0	0	0	0	0	0	
Seychelles	1,924	882	1,442	693	1,846	1,369	4,494	2,899	1,277	2,156	2,195	2,213	2,015	
Ship stores and bunkers	126,272	138,014	150,848	192,514	206,168	220,757	242,705	290,893	232,640	340,740	434,526	416,965	431,097	
Sierra Leone	337	833	313	249	191	546	364	249	597	779	1,025	2,827	1,963	
Singapore	167,498	179,536	178,508	240,071	301,676	349,923	506,443	615,253	691,600	586,653	645,466	684,476	828,612	
Slovakia	70	158	410	69	114	366	321	309	201	279	333	283	252	
Slovenia	456	262	2,951	1,408	3,572	1,548	3,423	3,670	1,952	444	818	6,576	4,009	
Solomon Islands	5,627	4,682	5,933	11,408	8,921	11,769	13,578	12,713	14,261	21,689	24,953	25,347	21,544	
Somalia	0	1	11	12	8	54	56	12	0	0	0	28	147	
South Africa	52,116	55,915	63,183	96,290	119,444	132,793	156,104	178,855	130,142	153,216	174,931	201,021	209,846	
Spain	69,491	76,056	95,671	162,667	169,805	151,207	179,136	218,189	170,323	159,066	189,206	134,404	133,959	
Sri Lanka	69,597	60,916	82,068	104,474	126,668	133,254	176,454	239,369	127,565	212,417	275,691	222,720	198,455	
St. Pierre and Miquelon	0	0	0	0	0	0	0	0	0	0	0	0	0	
Sudan (North + South)	1,534	1,085	1,289	3,284	6,868	11,644	27,240	28,007	52,497	81,393	83,955	65,698	66,017	
Suriname	36	12	55	32	360	353	88	533	235	266	265	969	43	
Swaziland	10	63	7	524	1	1	5	2	22	0	12	1	0	
Sweden	22,089	20,650	28,770	35,390	39,267	45,688	53,760	52,313	46,387	49,352	57,058	52,821	52,490	
Switzerland	34,503	32,465	49,601	56,175	65,126	61,322	71,383	63,732	55,772	62,228	68,584	61,255	70,737	
Syrian Arab Republic	3,449	4,949	5,221	10,557	18,012	35,870	61,601	79,703	33,927	56,154	69,428	31,998	6,241	
Taipei, Chinese	298,576	315,257	364,127	466,172	545,299	497,395	569,079	535,767	474,939	599,464	708,539	670,901	719,468	
Tajikistan	0	0	0	97	246	727	1,716	4,570	1,658	2,680	4,064	219	704	
Tanzania, United Republic of	749	1,035	1,299	2,462	1,809	3,283	3,677	3,962	2,500	4,089	2,819	3,050	3,932	
Thailand	173,161	163,723	193,774	241,539	238,372	283,597	417,459	588,497	285,003	482,729	580,377	507,139	572,039	
Timor-Leste	773	220	66	10	43	243	139	242	205	325	192	377	719	
Togo	0	20	299	65	479	482	374	1,245	386	880	1,582	926	336	
Tokelau	0	0	0	0	0	0	0	52	65	109	6	7,180	434	
Tonga	23,326	27,042	39,751	39,213	38,802	36,452	39,949	35,426	33,682	41,524	44,732	47,823	40,795	
Trinidad and Tobago	10,320	10,352	12,142	14,990	24,201	21,037	32,342	41,465	28,811	38,278	49,770	45,470	44,172	
Tunisia	3,732	3,413	2,687	1,810	3,268	4,848	7,485	7,996	4,838	4,040	2,996	5,625	4,009	
Turkey	16,248	19,303	17,338	20,335	28,964	32,672	39,470	43,988	34,337	47,588	54,912	60,650	90,480	
Turkmenistan	52	81	83	0	0	0	0	237	186	888	1,358	847	173	
Turks and Caicos Islands	2	10	5	20	46	88	139	87	79	132	123	167	133	
Tuvalu	1,346	1,120	1,394	1,554	1,421	1,809	2,092	4,302	1,693	1,711	3,613	1,784	1,705	
Uganda	520	370	394	177	69	155	166	304	970	136	248	351	1,304	
Ukraine	322	940	358	1,115	2,348	4,983	10,500	16,244	6,124	12,539	25,145	29,702	49,587	
United Arab Emirates	70,008	63,575	55,762	90,166	112,978	144,048	176,789	232,169	242,149	295,343	436,681	494,957	531,662	
United Kingdom	654,864	692,704	793,291	964,723	1,009,344	1,097,245	1,208,536	1,191,849	1,066,284	1,086,610	1,216,218	1,129,757	1,139,121	
United States Minor Outlying Islands	24,823	27,821	28,717	32,955	31,314	30,280	34,442	31,573	27,152	28,288	52,462	26,488	26,579	
United States of America	2,038,663	2,207,028	2,397,640	2,938,966	3,086,940	2,946,485	3,105,080	3,124,943	2,485,515	2,673,562	3,150,040	3,428,083	3,317,460	
Uruguay	3,098	2,891	4,499	4,773	3,064	3,297	7,019	9,700	4,730	6,365	12,275	11,767	12,391	
Uzbekistan	108	174	322	9	7	2,584	3,119	4,043	5,036	3,613	6,256	7,326	4,676	
Vanuatu	10,624	12,210	11,724	15,192	17,609	21,451	31,595	29,736	28,512	30,946	36,390	31,586	29,890	
Venezuela	111,990	43,977	75,173	76,575	87,104	115,081	264,865	466,043	227,616	329,547	383,908	371,773	328,224	
Viet Nam	155,982	59,814	92,136	92,033	107,715	160,326	266,982	201,550	197,747	298,602	335,769	365,615	391,487	
Wallis and Futuna Islands	2,599	3,168	3,875	4,549	3,349	3,394	4,244	8,053	3,439	7,972	5,102	4,703	2,814	
Western Sahara	0	0	0	0	0	6	1	0	0	0	0	0	0	
Yemen	8,040	10,359	8,933	18,631	12,950	18,682	31,254	16,341	30,027	38,637	32,621	32,477	48,239	
Zambia	71	122	155	184	1,337	439	920	906	382	890	1,174	103	538	
Zimbabwe	400	422	351	187	1,556	152	231	66	294	1,505	2,957	1,472	2,210	
