List of importing markets for a product exported by Spain Product: TOTAL All products
"Importers"	"Exported value in 2001"	"Exported value in 2002"	"Exported value in 2003"	"Exported value in 2004"	"Exported value in 2005"	"Exported value in 2006"	"Exported value in 2007"	"Exported value in 2008"	"Exported value in 2009"	"Exported value in 2010"	"Exported value in 2011"	"Exported value in 2012"	"Exported value in 2013"	
World	116,148,838	125,872,283	156,004,713	182,727,354	192,798,427	214,061,202	253,753,922	279,231,468	223,132,208	246,265,330	298,170,964	285,936,446	310,963,648	
Afghanistan	137	2,778	2,598	3,914	9,198	9,658	8,457	11,320	30,682	55,707	26,287	18,568	18,407	
Africa not elsewhere specified	0	0	0	0	0	0	0	0	0	0	0	0	0	
Albania	16,583	20,811	30,038	37,169	37,902	37,039	45,988	63,779	82,915	54,226	77,562	63,725	57,839	
Algeria	518,956	710,775	856,985	1,029,981	1,541,029	1,351,509	1,851,167	3,191,765	2,922,343	2,700,010	3,456,444	4,453,165	5,124,762	
Andorra	545,379	741,314	943,491	1,115,353	1,149,943	1,170,588	1,322,370	1,317,850	1,084,039	1,035,107	1,109,472	964,399	1,010,162	
Angola	77,914	57,533	105,372	83,279	111,701	245,715	271,829	713,961	496,457	371,454	357,187	409,770	488,335	
Anguilla	185	98	50	59	158	56	126	145	164	100	64	155	556	
Antigua and Barbuda	21,294	6,646	5,424	5,338	72,196	86,046	117,155	1,873	5,775	2,967	17,306	28,449	1,303	
Area Nes	425,673	374,329	478,230	656,473	897,348	1,157,343	2,444,023	3,558,577	1,877,489	2,171,313	3,214,146	1,624,613	2,100,016	
Argentina	667,826	286,754	479,895	548,795	598,302	684,752	956,408	1,034,040	845,059	1,091,745	1,396,435	1,260,451	1,774,808	
Armenia	7,307	3,972	7,144	7,259	8,841	11,732	20,842	24,722	14,814	21,087	42,996	42,755	45,967	
Aruba	4,143	4,355	3,610	3,538	5,734	6,704	18,163	5,983	4,960	4,595	7,459	6,612	5,918	
Australia	397,608	509,204	653,792	943,937	923,290	941,687	1,410,845	1,529,885	1,164,503	1,482,451	2,147,841	2,850,201	3,240,736	
Austria	1,041,994	1,148,775	1,427,130	1,601,777	1,642,557	1,767,495	1,919,564	2,151,272	1,891,777	2,042,133	2,606,831	2,396,486	2,506,779	
Azerbaijan	3,772	9,345	13,544	13,937	18,015	24,371	26,012	35,187	30,815	38,132	69,804	67,152	104,466	
Bahamas	95,344	111,255	146,777	135,758	638,595	567,833	413,173	67,688	35,480	7,938	43,992	110,476	57,346	
Bahrain	28,542	38,255	39,775	48,175	57,535	71,468	84,867	101,808	97,536	76,606	112,186	135,902	130,247	
Bangladesh	26,657	36,961	45,018	72,830	58,212	63,656	77,217	88,261	68,804	85,003	97,303	93,862	90,580	
Barbados	4,091	3,596	5,586	12,556	6,403	4,185	7,817	5,933	2,596	3,181	4,447	4,706	5,585	
Belarus	16,775	23,601	31,742	34,683	41,197	48,627	74,915	105,693	79,985	105,170	137,441	120,327	190,546	
Belgium	3,332,697	3,333,968	4,677,902	5,531,960	5,452,116	6,252,990	7,155,608	8,353,121	6,135,590	6,921,450	8,350,504	7,956,519	8,118,613	
Belize	1,849	5,713	3,152	3,715	31,579	10,712	9,092	9,816	43,495	9,696	6,288	6,880	13,857	
Benin	22,655	22,244	24,134	19,785	22,588	28,940	43,208	70,176	58,951	114,739	135,175	76,770	74,217	
Bermuda	28,901	19,178	15,079	52,447	19,928	519,876	27,306	4,724	12,205	20,524	40,932	14,026	37,674	
Bhutan	42	22	12	31	0	0	22	48	90	86	139	84	145	
Bolivia	21,774	29,205	21,019	38,118	32,021	25,885	39,867	51,957	47,844	60,596	83,325	94,587	174,787	
Bosnia and Herzegovina	29,623	35,561	37,140	39,757	34,058	36,096	44,215	61,181	61,606	77,068	139,954	58,678	58,249	
Botswana	914	1,332	871	1,290	983	2,523	14,399	5,224	54,472	3,601	3,098	3,832	5,668	
Brazil	1,219,702	967,510	986,520	1,353,748	1,267,308	1,410,671	1,785,611	2,421,736	1,877,532	2,833,598	3,595,941	3,623,613	4,826,469	
British Indian Ocean Territories	443	0	0	20	0	0	0	0	0	0	0	0	4	
British Virgin Islands	10,240	10,040	28,622	49,701	44,086	69,079	12,690	18,765	22,567	7,258	8,676	5,688	3,460	
Brunei Darussalam	906	2,091	3,331	5,955	5,444	3,064	879	11,777	1,884	1,688	1,653	3,255	3,104	
Bulgaria	102,014	133,257	201,333	241,666	267,188	308,308	335,052	440,005	512,776	560,169	1,663,622	1,352,586	1,766,057	
Burkina Faso	11,082	19,668	19,946	22,391	21,605	18,534	34,933	35,893	29,982	35,699	40,224	45,875	40,679	
Burundi	441	751	665	519	1,594	335	2,547	1,770	2,221	1,370	932	770	601	
Cabo Verde	10,906	11,490	12,187	21,637	25,867	38,792	44,695	63,989	44,047	60,018	67,546	51,108	51,424	
Cambodia	1,171	1,120	2,057	1,768	2,189	2,277	2,593	3,891	2,318	4,733	6,804	7,460	8,626	
Cameroon	33,714	36,393	43,100	41,567	40,775	33,674	48,947	68,163	61,739	71,819	89,038	113,668	195,067	
Canada	477,858	616,747	718,492	822,629	881,285	981,897	1,023,116	1,228,958	1,010,551	1,196,272	1,645,050	1,647,058	1,480,820	
Cayman Islands	90,011	109,257	492,465	255,780	335,993	941,933	132,796	19,904	56,306	40,394	39,463	27,156	31,210	
Central African Republic	6,282	4,142	673	1,636	878	4,681	1,290	12,823	2,671	2,374	3,636	4,246	3,113	
Chad	789	1,216	1,143	1,619	1,302	4,620	5,144	4,848	4,996	9,023	5,898	7,373	10,158	
Chile	436,577	394,949	516,703	529,359	617,311	696,214	1,020,471	902,523	950,785	957,848	1,229,437	1,411,897	1,646,484	
China	567,817	752,020	1,243,168	1,445,614	1,899,703	2,162,981	2,916,668	3,176,695	2,771,724	3,509,995	4,716,906	4,841,063	5,235,947	
Christmas Islands	0	0	1	34	5	7	0	25	0	0	0	0	0	
Cocos (Keeling) Islands	0	0	0	5	0	0	0	0	0	117	0	0	0	
Colombia	255,692	267,708	273,744	284,253	356,239	414,339	497,702	595,148	438,545	557,173	781,051	797,937	970,993	
Comoros	312	552	1,631	2,513	3,292	448	508	3,403	1,686	8,612	3,133	2,998	1,226	
Congo	9,811	10,543	11,800	20,397	16,827	19,165	35,669	66,170	48,093	30,997	42,742	45,349	68,474	
Cook Islands	108	52	82	29	24	40	45	46	26	265	380	462	2,596	
Costa Rica	97,433	125,220	122,141	123,125	102,646	111,162	134,803	142,443	108,886	116,297	168,546	172,879	234,160	
Côte d'Ivoire	70,709	73,862	80,578	61,735	61,105	62,670	96,062	150,546	142,894	146,181	161,460	174,351	245,417	
Croatia	108,920	159,530	221,733	261,772	253,118	320,242	395,429	425,157	267,898	268,864	316,452	301,130	252,889	
Cuba	559,625	453,594	516,993	539,925	608,888	797,353	923,005	1,146,307	654,830	783,779	899,750	976,354	1,060,852	
Cyprus	131,852	138,828	197,217	209,098	199,194	243,465	295,322	477,070	313,335	410,827	318,562	331,557	262,020	
Czech Republic	659,003	760,449	968,890	1,088,396	1,232,549	1,498,993	1,884,688	2,176,948	1,785,963	2,069,404	2,292,306	1,976,085	2,138,987	
Democratic Republic of the Congo	3,239	4,742	7,375	10,584	10,221	19,220	20,524	27,180	25,537	30,815	28,020	25,117	41,910	
Denmark	769,619	927,573	1,028,333	1,167,072	1,363,805	1,710,040	1,881,614	2,091,820	1,235,127	1,261,198	1,614,055	1,550,182	1,565,142	
Djibouti	2,051	6,200	2,825	2,077	3,313	4,995	3,934	10,230	6,960	6,003	10,285	7,720	14,949	
Dominica	219	308	313	675	419	174	320	2,420	390	139	286	407	278	
Dominican Republic	374,918	332,045	258,679	253,776	229,807	295,867	388,664	516,510	270,216	348,592	363,719	517,345	354,276	
Ecuador	116,885	159,836	145,510	173,128	204,940	223,691	230,033	294,645	257,717	308,613	356,711	762,641	943,809	
Egypt	357,213	312,631	408,097	831,738	512,249	523,066	638,091	982,736	1,168,717	1,208,621	1,125,453	1,381,710	1,407,947	
El Salvador	66,822	53,927	61,783	59,470	58,210	66,105	60,990	65,063	45,845	54,061	60,552	73,838	99,182	
Equatorial Guinea	44,315	60,870	90,620	112,885	112,533	145,333	174,345	213,425	271,256	298,891	375,138	382,229	449,635	
Eritrea	3,552	4,057	1,991	577	723	1,197	595	925	1,197	940	1,927	724	1,745	
Estonia	31,702	47,413	71,687	91,888	113,440	142,777	166,091	158,009	91,798	102,315	140,429	160,714	192,936	
Ethiopia	11,999	10,803	16,256	12,532	21,733	65,733	50,710	32,536	41,292	66,577	55,092	132,030	63,986	
Europe Othr. Nes	733,095	554,553	812,985	1,105,291	1,573,593	1,512,976	302,800	577,136	165,687	118,187	79,486	69,466	69,413	
Falkland Islands (Malvinas)	13,627	8,895	22,489	25,169	559	13,165	23,905	9,947	6,962	1,387	1,369	2,400	15,176	
Faroe Islands	1,672	7,298	860	888	51,199	1,265	8,672	3,606	2,149	1,603	2,358	2,373	2,818	
Fiji	529	597	644	1,145	1,326	626	900	644	954	326	1,822	864	967	
Finland	425,395	456,930	617,954	728,836	798,178	917,737	1,104,274	868,710	605,194	727,160	1,017,827	786,529	941,968	
France	22,667,966	23,945,639	29,953,330	35,431,850	36,990,731	40,058,214	47,708,901	50,896,884	43,150,580	45,008,071	53,510,401	46,380,327	49,958,954	
French Polynesia	8,615	9,403	10,882	10,132	10,892	14,086	21,526	21,175	13,424	14,527	16,717	14,052	16,517	
French South Antarctic Territories	109	254	620	117	1	1,095	546	752	6,414	646	381	157	181	
Gabon	19,737	31,126	20,104	25,290	59,563	40,519	58,264	56,224	36,993	47,385	61,030	51,771	73,424	
Gambia	6,188	9,315	10,008	9,271	9,296	8,780	13,153	14,397	14,735	18,378	13,567	13,330	14,311	
Georgia	5,460	7,890	16,019	10,325	21,702	21,797	28,095	49,128	22,466	38,431	72,837	81,300	104,949	
Germany	13,763,106	14,466,821	18,657,191	21,246,258	21,901,060	23,350,435	27,282,098	29,361,381	24,705,320	25,784,513	30,365,659	29,935,172	31,286,746	
Ghana	49,248	56,772	67,686	85,941	85,848	67,127	137,351	130,300	111,635	202,379	241,010	333,231	235,027	
Gibraltar	331,475	359,564	475,835	570,704	858,549	1,131,319	1,333,082	1,591,876	1,288,908	1,587,189	2,400,363	3,134,096	2,590,876	
Greece	1,271,425	1,479,731	1,884,636	2,237,515	2,137,858	2,396,059	3,032,068	3,812,344	2,493,455	2,154,146	2,137,338	1,718,129	1,965,491	
Greenland	27,905	39	292	88	112	101	98	275	38	343	103	237	375	
Grenada	781	562	460	438	504	709	493	583	288	337	268	167	365	
Guatemala	83,642	92,262	92,175	120,726	110,449	126,824	140,713	170,940	121,329	140,607	154,723	169,570	198,958	
Guinea	16,324	16,519	16,463	22,529	26,901	21,001	84,145	104,244	43,945	26,993	32,179	47,915	60,810	
Guinea-Bissau	1,728	2,477	6,440	3,761	2,914	3,275	5,652	4,777	5,862	7,788	9,032	8,158	12,249	
Guyana	1,131	1,402	1,193	1,833	1,347	1,240	2,478	1,500	2,003	4,855	2,995	1,640	2,001	
Haiti	7,089	7,912	7,248	9,278	17,223	14,295	9,037	11,343	12,260	20,810	20,544	15,928	23,572	
Honduras	35,700	47,561	114,679	72,812	63,755	64,724	88,758	82,891	60,772	53,146	84,459	74,017	85,219	
Hong Kong, China	454,830	458,130	444,759	513,848	645,489	638,987	719,220	853,925	727,263	966,537	1,253,811	1,163,302	1,131,742	
Hungary	538,281	600,237	832,787	963,405	969,415	1,060,097	1,395,898	1,590,830	1,008,260	1,193,821	1,850,004	1,690,063	1,762,229	
Iceland	82,166	31,547	39,630	46,035	54,470	59,796	167,737	51,368	32,301	30,368	32,141	44,774	33,912	
India	200,085	260,869	275,194	474,861	702,670	686,103	1,012,398	1,133,852	1,125,257	1,571,705	1,858,476	1,617,349	1,489,836	
Indonesia	172,150	150,459	213,536	195,685	277,852	199,861	273,865	293,679	276,603	324,185	409,245	499,506	506,450	
Iran (Islamic Republic of)	276,896	307,767	456,255	551,413	465,074	413,345	620,615	688,523	618,510	655,346	911,799	639,140	417,986	
Iraq	92,930	69,039	53,980	47,307	30,519	26,468	30,066	40,240	72,440	102,955	159,047	134,595	245,929	
Ireland	715,422	802,803	884,756	1,119,858	1,179,834	1,315,516	1,428,284	1,315,728	819,800	956,790	957,630	902,886	1,117,163	
Israel	758,808	649,951	647,764	636,737	644,781	743,491	849,192	1,141,614	830,419	1,108,695	1,521,226	1,328,547	1,603,292	
Italy	10,481,154	11,863,589	15,193,992	16,521,418	16,127,981	18,265,607	22,613,157	22,413,106	18,259,965	21,611,760	23,679,087	21,193,902	21,813,034	
Jamaica	15,120	14,817	21,370	19,289	37,114	47,564	44,262	62,304	29,532	32,377	23,738	18,758	30,196	
Japan	1,061,182	977,265	1,129,502	1,451,136	1,434,589	1,589,720	1,788,149	2,150,880	1,690,498	1,886,454	2,589,837	2,667,379	2,943,499	
Jordan	104,560	78,402	123,703	130,472	92,825	106,258	153,571	182,793	163,950	164,828	300,430	266,790	276,664	
Kazakhstan	17,054	23,525	58,209	60,729	39,569	51,765	84,888	94,053	74,657	63,340	138,229	215,671	395,295	
Kenya	165,896	31,698	31,545	45,738	42,409	85,338	68,774	68,940	60,440	58,036	76,369	148,004	120,227	
Kiribati	13	13	352	554	1	0	2	3	0	7	17	41	8,398	
Korea, Democratic People's Republic of	31,567	21,280	11,305	8,684	9,553	6,917	2,092	25,211	2,001	682	1,739	1,877	910	
Korea, Republic of	271,145	350,029	376,730	449,109	514,155	643,168	732,498	840,413	801,576	1,000,994	1,131,595	1,385,287	1,426,342	
Kuwait	112,940	135,226	153,684	174,438	165,288	183,281	254,963	291,744	207,369	218,541	277,268	272,592	353,553	
Kyrgyzstan	1,133	935	1,234	1,777	1,574	2,187	2,831	3,492	2,666	5,310	6,073	5,496	8,089	
Lao People's Democratic Republic	628	1,183	468	126	395	152	497	539	659	594	987	1,052	1,818	
Latvia	49,169	54,513	73,315	69,171	84,659	105,584	159,785	166,301	111,540	105,697	158,171	207,289	224,449	
Lebanon	155,895	184,786	215,632	183,047	167,811	172,862	210,536	287,773	298,996	360,050	386,466	502,484	455,495	
Lesotho	4,465	164	101	29	3	9	93	226	145	221	678	240	445	
Liberia	9,554	3,474	164,099	18,754	125,417	164,622	30,354	42,205	42,419	37,348	59,219	24,437	51,836	
Libya	80,809	91,166	141,889	138,106	219,220	106,497	157,273	366,397	379,045	343,456	155,496	488,217	614,648	
Lithuania	135,188	154,150	128,733	124,760	161,256	224,446	445,634	407,872	223,553	228,216	286,049	337,562	416,763	
Luxembourg	150,621	140,281	187,709	236,479	201,716	225,805	326,038	342,385	275,573	224,949	248,668	202,320	286,434	
Macao, China	12,492	7,893	4,047	7,102	5,193	5,499	7,676	9,920	7,662	6,970	10,072	10,691	13,065	
Macedonia, The Former Yugoslav Republic of	0	0	0	29,833	24,042	40,399	34,313	39,992	40,375	41,833	45,557	54,084	51,186	
Madagascar	12,177	14,101	22,784	25,901	18,526	22,785	22,070	24,034	22,113	33,482	28,142	66,000	59,002	
Malawi	673	912	650	7,301	971	626	1,674	2,262	846	1,203	707	3,034	2,399	
Malaysia	153,515	161,712	190,740	204,197	231,867	291,063	492,571	356,969	498,503	298,007	411,670	493,061	465,628	
Maldives	404	544	587	1,105	997	1,560	1,719	1,975	1,431	1,691	2,440	1,980	3,230	
Mali	25,507	19,124	16,735	19,849	25,333	20,059	26,828	32,635	32,481	36,779	50,638	48,669	45,033	
Malta	83,665	192,077	122,693	145,695	108,928	114,250	191,739	175,250	224,794	206,174	301,051	305,960	166,359	
Marshall Islands	22	121	333	49,242	156,960	111,730	55,947	5,361	6,916	4,087	36,967	4,030	17,647	
Mauritania	34,910	45,174	69,230	61,508	62,675	76,897	112,884	126,763	74,849	105,624	181,584	180,473	180,406	
Mauritius	30,596	30,962	35,607	36,012	41,143	42,956	64,063	64,424	54,975	68,072	100,885	136,012	163,631	
Mayotte	2,312	2,339	3,377	3,001	3,307	3,060	3,661	4,272	3,537	4,471	3,825	3,277	4,402	
Mexico	1,775,461	2,211,073	2,489,250	2,844,224	3,293,531	3,791,378	4,364,514	4,141,411	3,446,777	3,719,670	4,092,305	4,206,851	4,277,976	
Micronesia (Federated States of)	0	0	84	111	12	1	0	364	262	111	335	386	403	
Mongolia	203	238	8,155	4,017	670	2,284	8,333	7,824	1,867	4,636	6,440	13,064	17,451	
Montenegro	0	0	0	0	0	9,128	29,937	36,231	27,311	21,980	21,634	20,101	36,624	
Montserrat	3	0	37	0	19	88	163	105	29	11	5	38	123	
Morocco	1,340,708	1,601,234	2,130,776	2,719,349	2,789,369	3,269,131	4,203,327	5,406,280	4,318,260	4,571,422	5,724,719	6,806,426	7,315,466	
Mozambique	24,881	14,450	18,517	12,857	26,529	16,632	18,991	35,076	22,772	21,686	38,158	43,927	55,833	
Myanmar	829	1,318	1,850	1,542	1,571	2,151	2,109	3,826	4,766	4,785	14,967	9,784	22,526	
Namibia	10,479	20,937	33,065	14,666	28,880	16,675	19,596	22,189	16,265	15,362	21,153	29,798	63,216	
Nauru	30	0	25	0	1	1	0	0	0	1	0	0	13	
Nepal	2,058	2,094	2,308	1,758	2,436	1,814	3,614	4,909	3,207	5,326	3,052	3,701	4,247	
Netherland Antilles	6,157	31,294	8,570	32,991	52,277	101,804	21,870	73,920	125,378	112,580	43,771	16,178	16,466	
Netherlands	4,103,142	4,075,339	5,297,544	6,087,130	6,027,050	7,079,676	8,287,724	8,760,517	6,739,805	7,698,015	8,574,972	8,566,803	9,040,371	
New Caledonia	13,262	14,450	18,564	18,374	18,519	23,100	25,619	23,999	18,649	19,710	24,710	25,634	30,026	
New Zealand	51,221	55,076	77,809	81,104	107,628	121,459	171,802	187,443	99,778	134,130	168,365	151,733	251,665	
Nicaragua	19,919	30,012	30,894	31,268	33,596	26,569	41,915	61,108	39,054	55,070	43,622	80,988	57,468	
Niger	2,642	4,700	3,902	4,053	3,084	2,546	3,555	7,363	6,918	5,275	9,286	7,832	9,680	
Nigeria	176,255	189,105	206,522	323,510	267,784	243,167	253,709	353,209	304,757	342,461	382,894	439,833	506,935	
Niue	0	0	0	0	0	0	0	0	0	0	0	0	0	
Norfolk Island	0	0	0	0	0	14	2	0	0	0	0	1	0	
Northern Mariana Islands	60	158	45	45	20	358	544	360	280	347	424	1	7	
Norway	506,021	469,977	523,910	891,880	1,441,492	1,593,687	1,939,522	1,457,788	1,112,985	1,074,316	2,146,979	1,221,780	1,308,034	
Oceania Nes	0	0	0	0	0	0	0	0	0	0	0	0	0	
Oman	30,080	32,218	43,018	45,188	52,057	65,281	91,963	133,970	84,980	472,383	139,507	191,149	526,741	
Pakistan	50,632	62,484	79,465	102,328	120,414	115,240	130,851	135,668	129,067	124,562	187,618	196,898	189,880	
Palau	0	0	0	0	0	0	0	28	0	0	0	41	31	
Palestine, State of	861	826	2,681	1,307	7,472	1,950	2,241	5,277	1,249	4,927	8,858	9,212	14,101	
Panama	93,065	94,593	137,730	154,296	330,437	652,187	391,457	322,356	226,197	308,717	462,773	507,251	684,979	
Papua New Guinea	917	1,565	309	448	401	2,139	753	1,037	3,806	1,444	12,019	19,880	4,855	
Paraguay	20,366	26,887	27,314	20,029	21,250	19,827	29,232	44,591	38,479	63,786	76,345	76,553	106,298	
Peru	164,187	149,452	159,423	199,671	193,908	232,699	296,263	374,571	275,493	406,296	576,953	743,418	851,935	
Philippines	114,068	123,928	148,594	190,075	129,571	131,345	162,480	201,206	180,695	221,887	269,945	351,030	408,086	
Pitcairn	8	0	0	0	0	0	5	16	0	0	3	0	0	
Poland	1,032,804	1,221,771	1,546,254	1,840,462	1,930,356	2,315,342	3,354,898	4,008,445	3,386,977	3,689,448	4,905,998	4,363,164	5,041,738	
Portugal	11,836,885	12,807,484	14,967,438	17,836,508	18,456,098	19,056,499	21,947,464	24,672,320	20,526,612	21,973,470	23,921,862	19,608,556	23,220,259	
Qatar	27,938	50,516	53,256	465,268	90,553	251,455	530,729	394,491	255,601	176,766	270,327	240,557	284,277	
Republic of Moldova	5,193	6,388	8,689	11,801	14,109	14,053	16,781	23,879	24,671	23,986	25,804	26,304	36,258	
Romania	165,322	227,529	366,613	546,131	721,974	952,291	1,332,814	1,557,187	963,770	1,157,706	1,775,923	1,527,917	1,701,514	
Russian Federation	666,160	750,764	924,146	1,125,810	1,365,829	1,900,988	2,870,648	4,186,308	2,056,990	2,644,293	3,515,077	3,767,208	3,742,689	
Rwanda	743	1,496	919	943	2,174	868	7,377	9,752	23,413	2,689	7,747	8,459	2,681	
Saint Helena	411	807	5,789	1,637	6,018	15,616	11,234	9,023	2,441	11	13	35	4,316	
Saint Kitts and Nevis	752	1,047	128	88	386	15,783	10,800	4,092	2,220	1,742	678	381	299	
Saint Lucia	338	2,024	501	1,017	984	986	1,053	744	547	667	637	533	530	
Saint Vincent and the Grenadines	10,763	28,171	39,537	40,772	5,004	47,542	12,961	2,063	8,929	16,355	9,181	9,807	771	
Samoa	0	251	330	244	385	32	19	2,448	253	71	136	104	195	
Sao Tome and Principe	607	1,497	654	233	413	145	339	204	1,997	1,002	454	817	722	
Saudi Arabia	624,504	596,268	655,654	709,654	769,751	863,158	1,273,666	1,434,861	1,225,954	1,386,212	1,869,461	2,114,245	3,154,683	
Senegal	69,341	87,360	129,185	117,120	111,829	123,139	143,473	213,502	158,834	174,555	214,262	225,931	378,640	
Serbia	0	0	0	0	0	113,337	160,249	201,430	159,584	132,536	193,116	214,113	201,923	
Serbia and Montenegro	64,840	79,073	108,744	108,639	113,622	0	0	0	0	0	0	0	0	
Seychelles	22,753	33,321	50,265	67,251	96,731	61,173	70,043	96,847	68,116	61,325	85,687	137,239	148,769	
Ship stores and bunkers	816,552	895,989	1,200,406	1,528,659	1,946,314	2,730,698	4,495,779	6,050,246	4,518,129	5,160,509	6,703,542	9,068,916	9,988,268	
Sierra Leone	3,458	9,072	8,925	6,176	3,752	3,621	4,730	11,064	15,302	18,358	24,089	22,368	20,384	
Singapore	367,744	458,651	310,874	354,587	330,767	560,209	496,147	555,817	789,973	910,334	637,279	1,078,403	1,051,504	
Slovakia	303,909	470,466	545,274	403,247	456,764	565,469	711,853	695,545	560,332	605,184	825,165	757,870	867,742	
Slovenia	286,455	336,260	365,741	413,898	505,510	554,972	661,864	725,185	553,404	531,656	618,925	479,611	610,221	
Solomon Islands	41	4	11	11	9	23	49	891	36	49	1,086	251	185	
Somalia	46	282	187	327	722	11	35	60	175	277	838	237	663	
South Africa	293,709	335,219	417,197	611,173	816,467	973,512	1,112,925	956,595	770,034	1,139,307	1,315,816	1,354,997	1,867,191	
Spain	0	0	0	0	0	0	0	0	0	0	0	0	0	
Special categories	0	0	0	0	0	0	0	0	0	0	0	0	0	
Sri Lanka	13,100	12,126	16,138	16,468	24,930	24,202	39,188	39,192	16,619	20,304	35,014	57,494	64,679	
St. Pierre and Miquelon	5	66	3	84	10	56	283	138	208	70	193	135	130	
Sudan (North + South)	11,836	11,394	15,665	22,165	34,588	31,006	35,813	33,212	37,480	33,424	34,404	39,593	47,473	
Suriname	842	1,477	1,900	3,149	1,954	2,643	5,786	4,126	5,440	7,855	6,643	6,049	6,918	
Swaziland	140	1,541	104	186	3,493	2,495	871	898	662	981	1,968	1,004	652	
Sweden	1,166,922	1,147,705	1,497,627	1,835,201	1,856,984	2,057,917	2,326,614	2,418,502	1,694,954	1,980,871	2,777,783	2,408,938	2,493,148	
Switzerland	1,132,436	1,553,766	1,664,059	1,933,462	3,200,589	3,313,536	3,335,947	3,693,452	3,720,815	4,544,362	5,826,329	5,916,244	5,559,852	
Syrian Arab Republic	96,369	96,169	136,001	163,075	147,630	185,272	222,340	304,260	258,047	214,289	222,290	113,588	25,929	
Taipei, Chinese	284,038	270,261	266,948	306,205	368,234	344,991	421,048	405,143	404,943	423,739	507,241	565,020	645,885	
Tajikistan	2,030	1,787	333	539	463	397	149	867	1,235	1,319	1,910	817	1,785	
Tanzania, United Republic of	8,596	11,983	22,514	24,327	14,927	13,235	21,152	26,919	25,103	24,925	50,578	37,227	43,844	
Thailand	219,074	201,221	219,458	261,031	282,520	288,238	363,320	497,517	351,172	429,771	559,012	534,322	623,204	
Timor-Leste	0	77	4	2	14	12	303	206	223	175	30	17	231	
Togo	12,924	18,594	15,629	22,357	19,047	21,103	41,755	67,214	23,743	35,930	95,553	196,234	267,692	
Tokelau	0	0	2	14	0	88	0	1	2	2	17	0	1	
Tonga	12	43	53	5	0	8	3	3	1	10	33	25	1,898	
Trinidad and Tobago	12,148	21,186	24,581	318,908	30,060	28,115	40,322	55,591	25,017	26,975	31,425	23,953	28,021	
Tunisia	439,997	499,251	594,239	707,216	736,236	743,203	937,704	1,019,935	926,237	1,187,302	1,183,071	1,289,928	1,202,338	
Turkey	995,162	1,373,342	1,965,397	3,232,821	3,352,240	3,498,277	4,041,626	4,436,417	3,967,016	4,974,184	6,200,392	5,965,721	6,393,475	
Turkmenistan	1,657	2,022	1,630	4,503	1,939	581	3,348	8,834	24,469	9,679	12,632	33,032	42,392	
Turks and Caicos Islands	229	253	187	220	255	525	251	517	23	232	1,080	80	73	
Tuvalu	0	3	0	0	4,975	0	6	16	0	0	0	2	18	
Uganda	4,135	11,917	16,029	8,315	9,180	8,401	17,616	15,111	10,777	13,427	11,054	14,522	11,841	
Ukraine	87,623	110,402	179,232	221,047	208,340	326,213	443,997	601,203	258,492	341,249	482,627	473,603	555,679	
United Arab Emirates	334,704	489,446	678,095	621,435	787,515	1,034,438	1,202,581	1,737,384	1,284,129	1,261,139	1,806,862	1,944,037	2,670,001	
United Kingdom	10,485,673	12,150,454	14,585,314	16,500,203	16,201,574	17,054,732	19,582,595	19,746,341	14,082,910	15,238,339	18,835,403	17,548,284	20,932,602	
United States Minor Outlying Islands	830	1,030	1,137	1,379	1,577	1,473	3,247	3,692	2,297	2,400	1,678	1,342	1,772	
United States of America	5,060,745	5,467,989	6,429,121	7,218,302	7,952,627	9,453,810	10,208,026	11,134,349	7,963,359	8,665,411	11,009,297	11,586,804	11,527,325	
Uruguay	128,537	91,701	86,084	74,505	71,390	95,266	111,832	157,134	129,796	167,091	214,093	215,162	334,975	
Uzbekistan	13,355	9,967	5,717	4,927	8,863	5,073	11,037	14,249	13,959	19,529	72,791	16,736	21,147	
Vanuatu	28	96	89	2,180	149	114	1,311	2,384	8,604	2,314	1,842	456	207	
Venezuela	492,473	582,286	362,336	474,617	575,417	652,376	796,456	956,478	736,250	1,208,880	2,066,841	1,982,590	1,217,300	
Viet Nam	53,901	81,235	92,934	102,456	85,936	100,834	136,077	156,864	158,872	210,984	314,193	262,085	325,679	
Wallis and Futuna Islands	37	91	1,048	19	46	0	0	27	98	6	22	9	3	
Western Sahara	0	0	0	0	0	0	0	0	0	0	0	0	64	
Yemen	21,440	24,082	26,329	24,316	23,817	27,486	33,014	43,069	33,812	35,072	26,219	48,835	85,321	
Zambia	1,738	1,902	4,883	4,753	3,440	4,841	6,748	3,785	4,777	11,668	11,604	12,480	14,638	
Zimbabwe	4,849	5,553	3,416	3,971	2,593	2,663	5,476	2,993	1,243	2,935	4,937	4,382	4,411	
