List of importing markets for a product exported by Philippines (Mirror) Product: TOTAL All products
"Importers"	"Exported value in 2001"	"Exported value in 2002"	"Exported value in 2003"	"Exported value in 2004"	"Exported value in 2005"	"Exported value in 2006"	"Exported value in 2007"	"Exported value in 2008"	"Exported value in 2009"	"Exported value in 2010"	"Exported value in 2011"	"Exported value in 2012"	"Exported value in 2013"	
Total	41,782,969	45,962,413	51,718,265	58,125,996	63,812,564	71,618,540	78,480,886	73,924,870	54,617,719	74,248,521	76,452,743	76,066,690	66,750,111	
Afghanistan								0	0	44	0	0		
Albania	0	484	49	255	303	305	352	280	405	328	525	249	354	
Algeria	2,000	5,368	2,263	4,651	5,284	5,778	7,264	11,541	5,794	8,237	17,670	12,737	17,815	
Andorra	1,010	1,202	1,872	2,637										
Antigua and Barbuda					51		361		245	81	130	74	97	
Argentina	27,084	7,922	14,049	20,682	12,370	41,413	47,267	54,386	57,309	58,781	78,834	88,425	104,328	
Armenia	0	0	0	12	0	445	1,048	1,926	1,805	2,720	2,179	2,267	1,875	
Aruba					306				0	0	0	0		
Australia	262,467	420,076	526,506	541,211	560,416	570,493	661,362	604,898	371,354	419,769	450,303	505,354	686,528	
Austria	64,473	62,277	175,234	189,110	89,276	140,673	181,475	206,902	90,428	140,085	151,430	94,775	95,949	
Azerbaijan	0	55	47	88	128	321	400	70	124	345	380	221		
Bahamas	52	1,950	64	12	8	0	0	0	0	0	7	45		
Bahrain	9,650	8,851	9,300	8,843	10,380	9,380	12,945	20,000	20,569	19,306	21,264			
Bangladesh	6,826	5,134	18,122	13,918	30,873	41,542	33,642							
Barbados	810	892	1,505	655	1,135	1,078	568	1,286	811	355	735	570	557	
Belarus	932	840	1,257	2,084	2,256	3,418	5,147	7,661	5,725	7,985	8,457	16,179	21,413	
Belgium	192,091	236,560	230,214	279,620	371,289	498,201	406,695	441,456	278,024	238,207	332,576	210,534	192,794	
Belize	2	10	4	3	38	9	4	3	10	47	122	333	78	
Benin	2	0	0	0	0	0	0	26	23	0	13	10	358	
Bermuda												346	625	
Bhutan					20	20	5	102	115	152	0			
Bolivia	576	404	428	450	899	436	977	1,829	1,692	3,440	1,412	2,578		
Bosnia and Herzegovina			213	918	1,666	1,054	2,049	2,682	2,454	2,577	1,733	1,858	1,711	
Botswana	0	10	60	33	5	10	76	115	16	522	1,728	178	8	
Brazil	120,651	186,222	241,462	209,003	283,226	343,065	335,965	497,341	294,405	330,131	298,015	309,708	330,200	
Brunei Darussalam	3,323	2,443	2,563	4,141		5,640				6,799	9,411	10,801	12,548	
Bulgaria	1,537	3,807	6,276	5,620	13,921	15,405	22,705	31,416	13,338	21,293	23,393	45,656	50,295	
Burkina Faso	11	34	0	12	0		36	463	417	2,590	719	1,485		
Burundi	0	4	0	0	2	0	0	0	2	0	16	2	42	
Cabo Verde	0	0	3	0	0	0	7		14	1	0	1	1	
Cambodia	3,468	4,507	5,600	4,413	6,038	7,255	6,403	4,754	7,049	7,364	8,157	13,360		
Cameroon	97	86	238	72	97	514	622	1,239	1,300	735	1,717	2,019		
Canada	632,902	709,362	698,582	735,983	760,599	889,382	716,056	774,974	647,904	863,476	925,487	992,105	1,104,120	
Central African Republic	0	9	0			0	0	0	2	128	0	31	0	
Chile	24,347	8,323	11,480	14,636	14,097	16,642	30,754	77,407	50,029	34,171	51,517	55,943	41,049	
China	1,945,208	3,217,161	6,306,833	9,059,443	12,869,689	17,674,561	23,117,835	19,504,744	11,946,610	16,220,255	17,992,317	19,643,205	18,236,789	
Colombia	5,439	7,206	7,204	15,765	10,199	12,748	13,136	11,785	8,359	12,456	22,183	41,703	47,552	
Comoros	0	0	0	0	3	0	0	0	0					
Congo							0	0	9	9	40	47	79	
Cook Islands					208									
Costa Rica	404	933	5,131	10,265	38,557	56,807	37,108	33,159	36,142	4,957	17,497	21,787	8,109	
Côte d'Ivoire	516	399	467	868	741	4,161	23,230	1,464	1,327	1,598	5,867	4,358		
Croatia	5,169	3,655	5,268	7,204	7,160	10,098	10,872	13,622	9,832	7,579	9,052	7,996	1,299	
Cuba	1,657	1,074	389	1,381	2,499	842								
Cyprus	1,794	2,454	2,242	2,265	2,290	2,123	3,342	4,209	3,954	4,376	3,537	2,499	1,958	
Czech Republic	42,981	203,813	320,774	300,500	140,532	93,391	116,126	153,681	111,560	177,040	222,203	242,062	299,577	
Denmark	43,072	52,190	59,017	70,400	104,804	99,619	69,706	78,336	56,304	58,661	59,708	62,581	51,051	
Djibouti									56					
Dominica	0	0	2	1	2	0	0	4	1	7	0	3		
Dominican Republic	1,002	902	476	283	1,294	1,020	3,571	3,668	4,366	4,141	3,565	4,931	9,190	
Ecuador	1,576	1,450	4,799	6,680	3,158	3,296	2,480	5,463	5,047	4,521	13,965	3,548	20,597	
Egypt	2,145	4,615	1,920	4,648	3,606	2,774	5,385	19,512	17,632	22,478	32,237	24,177	20,449	
El Salvador	386	343	339	4,413	1,213	908	1,560	769	231	535	850	729	2,649	
Estonia	4,188	19,435	29,519	14,494	6,740	9,299	9,996	13,604	6,709	8,464	10,109	12,035	17,646	
Ethiopia	101	110	622	1,143	654	3,192	3,213	2,547	3,346	4,823	4,742	7,853		
Faroe Islands	103	101	137	279	225	209	134	177	95					
Fiji		793	919	1,386	1,824	1,123	1,656	2,261	1,490	1,145	990	1,379		
Finland	57,468	64,478	79,826	82,667	140,064	109,377	87,366	67,602	30,136	30,740	50,906	57,313	45,691	
France	405,533	422,857	441,584	510,554	552,931	569,525	537,578	697,272	623,236	690,777	724,344	613,648	569,511	
French Polynesia	568	533	687	925	2,590	4,931	1,686	3,455	2,129	2,060	2,004	16,100	47,102	
Gabon	167	0	134	8	114	0	17	193	8					
Georgia	0	60	29	12	0	47	10	190	95	231	647	1,493	178	
Germany	1,836,119	2,080,392	2,421,887	2,510,990	2,387,280	2,407,130	2,419,856	2,502,357	1,868,220	2,954,087	2,840,849	2,988,672	3,173,909	
Ghana	73		83		1,785	3,732	4,402	19,846	10,505	8,555	16,653	15,029		
Greece	10,219	14,496	18,723	22,191	16,207	38,120	26,899	100,838	17,569	54,809	45,883	8,960	8,737	
Greenland	0	0	56	0	0	30	3	31	46	18	30	28	42	
Grenada	8	7	8	5	212	98	102	98						
Guatemala	1,259	1,106	717	1,560	2,205	1,865	2,836	2,635	3,666	1,990	2,112	1,963	994	
Guinea	0	30		8,319	187	662	11,184	4,905		752	2,059	1,875		
Guyana	1	6	1	105	0	6	29	17	1	9	23	41	61	
Honduras	32	104	1,427	4,333	651	1,757	1,416	1,675	1,040	2,119	4,146	3,575	4,821	
Hong Kong, China	2,093,924	2,823,209	3,878,631	4,497,900	5,141,643	5,505,692	6,435,252	6,585,628	4,735,297	5,739,526	6,123,314	6,023,634		
Hungary	188,665	431,926	199,215	94,724	197,604	310,668	267,889	276,226	176,590	313,642	212,483	161,030	156,690	
Iceland	836	832	1,205	1,713	1,620	1,509	2,356	2,706	1,469	1,762	2,908	2,513	2,408	
India	77,731	132,771	111,909	180,851	203,196	208,768	173,536	227,640	342,967	394,450	450,281	494,190	408,793	
Indonesia	93,855	113,687	182,603	228,575	322,232	284,646	359,850	755,539	544,035	706,243	852,362	799,712	777,384	
Iran (Islamic Republic of)	5,273	4,140	26,446	15,500	12,058	97,149				152,237	134,862			
Ireland	291,638	333,200	205,779	136,214	173,134	185,725	181,487	110,193	60,029	39,545	43,472	86,934	89,800	
Israel	30,985	25,174	36,753	44,851	53,827	76,595	84,958	86,708	70,967	87,449	84,407	105,030	114,988	
Italy	152,977	131,984	163,827	202,624	224,002	334,461	259,195	355,577	301,990	428,442	370,214	265,973	236,736	
Jamaica	2,594	15,423	9,536	3,238	1,661	1,082	1,749	1,068	1,250	1,399	711	651		
Japan	6,414,221	6,540,019	7,048,813	8,252,518	7,699,982	7,959,972	8,731,229	8,426,185	6,412,526	7,935,804	8,942,546	9,324,362	9,245,551	
Jordan	1,149	2,347	3,734	3,809		4,365	4,577	6,678	7,719	6,216	9,713	5,881	5,328	
Kazakhstan	294	379	588	1,827	1,771	3,269	6,279	6,407	7,378	8,496	12,792	17,607	19,281	
Kenya	177	1,160	461	343	830	5,146	7,350	7,910	4,322	7,995	8,165			
Kiribati					87		345	504	898	75	162	152		
Korea, Republic of	1,819,018	1,867,351	1,963,979	2,119,961	2,316,026	2,186,564	2,438,245	3,099,468	2,651,620	3,488,104	3,571,472	3,283,935	3,706,235	
Kuwait	27,616	32,837	40,193	44,188		82,392	92,329	110,267						
Kyrgyzstan	18	17	10	53	70	236	704	335	267	688	764	513		
Latvia	102	143	343	437	661	546	837	1,120	511	616	1,415	1,606	1,829	
Lebanon	6,660	8,074	7,851	8,649	7,411	6,024	6,514	9,298	8,804	10,335	12,196	11,443	10,326	
Lesotho	0	0	598					0	0	0				
Libya							300	538	537	163				
Lithuania	2,771	4,705	5,964	2,479	1,694	2,510	6,606	4,203	1,875	2,382	3,685	1,912	2,224	
Luxembourg	158	205	1,527	2,070	2,935	2,631	2,692	3,732	5,948	5,219	8,770	8,005	7,385	
Macao, China	4,540	3,258	4,209	7,454	8,406	7,936	6,745	7,197	8,742	11,024		22,516		
Macedonia, The Former Yugoslav Republic of	191	190	413	690	610	525	1,492		13,215	51,031	27,268	31,834	2,934	
Madagascar	117	55	1,552	362	278	915	881	5,963	174	223	1,277	1,046	387	
Malawi	2	106	15	13	7	8	182	159	15	307	183	415	251	
Malaysia	1,839,279	2,619,988	3,107,481	2,817,711	3,219,656	2,902,505	2,845,521	2,082,046	1,139,521	3,520,390	1,561,784	1,553,469	1,507,360	
Maldives	629	407	586	1,069	710	1,571	1,385	1,729	1,796	1,131	1,031	1,287	912	
Mali	1,143	329	224	24	65	92	532	18		978	1,042	813		
Malta	636	13,024	25,544	27,079	20,453	25,094	30,360	18,879	7,031	15,729	11,653	30,805	34,100	
Mauritania	5	0	0	0	0		0	6,680	11,908	8	26	0		
Mauritius	2,152	5,394	10,126	14,777	19,630	24,383	4,845	19,886	3,748	4,163	3,796	4,582	5,667	
Mayotte	32	35	14	32	74	71	88	1,224	1,722					
Mexico	817,333	924,666	783,571	866,807	1,322,932	1,232,343	1,198,285	1,238,392	1,069,739	1,545,486	1,635,779	1,389,075	1,592,575	
Mongolia	98		525	2,155	1,270	1,161	943						4,167	
Montenegro						601	1,212	1,423	652	694	794	573	754	
Montserrat	0	0	1	0	4	5	0	2	2			0	0	
Morocco	1,992	4,549	7,877	7,180	3,927	4,182	2,731	4,413	6,104	7,892	6,129	8,096	11,279	
Mozambique	21	38	2	17	133	177	99	110	519	141	420	673	1,041	
Myanmar										14,040				
Namibia	12	19	0	1	1	0	797	69	57	698	442	491	450	
Nepal			857						1,498	3,951	13,601			
Netherland Antilles					185	100	147	250						
Netherlands	1,038,344	771,876	1,827,610	2,643,035	2,609,936	2,185,195	1,958,376	1,549,992	1,204,264	1,489,818	1,705,389	1,655,601	1,706,798	
New Caledonia	794	921	759	6,309	1,366	23,903	110,544	55,021	2,254	3,411	18,818	4,722	5,906	
New Zealand	36,756	43,069	73,610	77,088	85,125	95,011	159,413	123,932	87,892	93,153	107,049	115,426	115,537	
Nicaragua	88	274	647	602	1,105	1,834	1,412	1,041	1,507	1,739	1,340	3,281	2,847	
Niger	48	30	111	17	65	20	101	45	53	117	358	159	143	
Nigeria	4,383	3,050	6,463			80,798	20,028	7,548	3,358	5,314	1,092	3,001		
Norway	33,195	54,215	27,706	38,033	50,723	42,797	47,849	183,243	35,225	36,311	41,805	34,952	46,172	
Oman	1,965	2,456	621	3,191	1,919	2,756	4,956	5,121	4,314	6,671	5,644	6,722	6,704	
Pakistan			8,424	11,691	24,746	28,806	48,641	41,232	36,113	37,303	36,724	33,043	33,329	
Palau												5,375		
Palestine, State of							402	305	432	754	652	629		
Panama	886	856	270		518	6,925	5,582	8,135	7,407	6,162	10,697			
Papua New Guinea	1,754	3,542	3,519	5,485							31,966	40,962		
Paraguay	1,134	1,002	227	545	475	2,856	7,845	6,325	574	1,198	2,465	1,780	2,406	
Peru	4,656	6,943	5,845	6,431	7,721	9,789	16,110	34,940	14,264	12,131	22,904	27,490		
Poland	62,010	83,344	68,433	107,417	82,195	92,671	99,439	161,222	154,814	151,684	138,925	142,687	148,036	
Portugal	22,827	27,740	18,572	15,980	13,758	15,295	22,482	19,335	14,628	21,608	24,615	46,338	16,606	
Qatar	11,123	7,574	7,921	5,794	31,578	28,681	25,213	31,225	46,285	42,212	44,069	53,375	54,618	
Republic of Moldova	49	143	136	272	322	272	353	530	614	697	1,227	1,093	2,283	
Romania	13,486	23,607	32,012	44,561	35,759	54,316	19,095	25,476	13,860	18,539	22,586	17,248	18,875	
Russian Federation	22,148	30,770	39,226	50,070	73,181	87,624	124,032	171,383	166,263	304,047	398,614	464,018	454,528	
Rwanda	0	1	0	46	5	22	9	318	17	31	86	218	334	
Saint Kitts and Nevis	0	0	49	2	12	25	6	12	17	3	0			
Saint Lucia	12	70	985	120	202	333	43	4						
Saint Vincent and the Grenadines	4	3	6	8	13	36	26	134	13	31	149	256		
Samoa	0	0	18	3,733	1,538	2,769	2,014	2,449	1,094	770	747	1,053	1,036	
Saudi Arabia	44,187	51,167	59,865	67,408	88,427	119,459	131,637	180,270	170,592	188,984	241,975	257,931		
Senegal	193	172	86	57	1,936	793	2,217	1,456	1,182	865	1,986	1,118	638	
Serbia					6,018	5,889	10,294	11,044	6,581	7,378	7,445	6,338	6,415	
Serbia and Montenegro	1,313	2,781		5,891										
Seychelles	111	81	20		171	1,447		3,124						
Singapore	2,553,942	2,504,552	2,825,368	4,223,845	4,648,113	5,648,670	5,818,908	4,913,780	5,156,472	9,196,044	6,201,447	6,038,742	5,088,987	
Slovakia	9,498	14,532	10,447	16,144	21,609	25,578	29,586	26,548	20,810	32,637	27,811	24,273	21,992	
Slovenia	6,500	5,471	7,424	8,150	7,780	12,221	20,625	18,265	10,987	10,366	14,101	20,858	15,305	
Solomon Islands								851	462	3,184	1,452			
South Africa	45,397	51,616	68,866	87,838	92,529	102,718	129,892	133,139	118,053	157,104	168,904	180,555	151,113	
Spain	114,034	118,489	189,338	213,290	175,624	229,025	327,503	374,847	177,173	236,035	219,939	178,682	203,952	
Sri Lanka	6,717	8,459	6,392	6,754	7,460	6,481	7,985	7,726	7,294	7,409	23,123	19,458		
Sudan (North + South)	218	14	326	463	584	2,021		204	2,047	1,009	737			
Suriname	0			421	167	26	105		68	80	78			
Swaziland	0	0	544	1,501	0	0	371							
Sweden	28,857	29,777	32,206	34,574	36,310	41,924	62,784	85,362	122,538	142,984	196,064	186,589	64,861	
Switzerland	66,465	76,480	66,672	74,794	66,802	66,823	75,186	73,694	66,942	121,950	138,868	137,282	144,605	
Syrian Arab Republic	0	0	826	1,209	1,066	1,374	1,085	1,674	2,388	2,317				
Taipei, Chinese	3,250,382	3,651,562	3,074,381	3,047,577	2,785,516	2,775,515	2,282,091	2,241,847	1,617,572	2,318,752	2,410,655	2,103,475	2,204,196	
Tanzania, United Republic of	986	2,278	1,771	1,727	1,121	400	1,129	17,145	266	2,872	2,406	1,640	1,368	
Thailand	1,127,509	1,077,008	1,353,080	1,549,448	1,881,735	2,135,727	2,142,400	2,265,749	1,783,135	2,375,392	2,701,824	2,724,200	2,627,067	
Timor-Leste				81	300									
Togo	0	23	0	1	0		0	6,657	5,406	0	4,613	479	321	
Tonga	11	2	31					208	222	245	350	144		
Trinidad and Tobago	901	830	1,102	1,071	1,388	1,310	1,590	1,718	1,348	1,664				
Tunisia	1,913	1,127	1,925	2,243	6,664	22,697	9,538	7,737	8,513	9,155	7,715	22,322	14,395	
Turkey	35,982	43,484	59,558	111,868	117,332	130,298	196,553	142,256	98,699	107,400	122,313	157,737	181,173	
Tuvalu		2												
Uganda	53	178	118	110	164	1,333	2,185	1,398	595	596	574	962	1,362	
Ukraine	2,542	3,717	2,891	3,302	5,648	6,979	8,785	18,111	22,357	23,042	26,703	34,615	27,051	
United Arab Emirates					101,421		149,717	195,768						
United Kingdom	1,796,426	1,914,309	1,701,097	1,602,036	1,399,380	1,863,580	2,018,203	1,806,127	1,616,384	1,066,125	2,420,424	608,250	564,440	
United States of America	11,774,454	11,430,928	10,495,788	9,581,376	9,693,812	10,136,514	9,812,582	9,099,659	7,060,925	8,303,000	9,479,625	9,909,907	9,617,609	
Uruguay	1,087	675	868	1,157	2,068	999	1,626	1,835	1,976	2,545	3,528	5,515	9,079	
Vanuatu						94	191		844	957	916			
Venezuela	3,477	1,191	1,411	2,079	3,220	5,056		7,875	7,526	2,834	5,711	9,948	5,638	
Viet Nam	53,545	100,619	140,930	188,438	209,929	342,615	414,154	389,105	498,433	700,318	805,138	964,492		
Yemen				353	382	386	512	1,424	9,962	8,990	9,484	13,142		
Zambia	64	96	191	279	470	294	38	53	30	67	113	106	4,296	
Zimbabwe	200	131		37	64	11	0	0	149	24,982	433	309	519	
