List of importing markets for a product exported by Liberia (Mirror) Product: TOTAL All products
"Importers"	"Exported value in 2001"	"Exported value in 2002"	"Exported value in 2003"	"Exported value in 2004"	"Exported value in 2005"	"Exported value in 2006"	"Exported value in 2007"	"Exported value in 2008"	"Exported value in 2009"	"Exported value in 2010"	"Exported value in 2011"	"Exported value in 2012"	"Exported value in 2013"	
Total	1,123,479	1,825,420	1,014,134	1,124,653	1,496,562	1,725,922	1,047,262	1,218,462	1,423,485	906,118	955,158	1,169,990	1,239,150	
Albania	0	0	38	27	0	299	26	0	0	0	0	0	0	
Algeria	591	304	3,586	231	688	5,621	51	0	40	0	0	61,763	26,738	
Antigua and Barbuda					0		65		0	0	0	0	0	
Argentina	0	0	0	25	58	4	88	16	0	0	0	0	0	
Armenia	74	0	655	585	9	0	0	0	0	0	0	0	0	
Aruba					1				0	0	0	0		
Australia	3	0	5	3	1	6	64	24	104	59	23	230	102	
Austria	1,152	2	82	76	128	135	19	9	0	16	1	21	175	
Azerbaijan	0	0	0	0	0	0	0	0	0	19	6	0		
Bahamas	9	1	3	11	18	212	4	3	3	70	17	11		
Bahrain	0	0	0	0	15	0	0	1	0	0	0			
Bangladesh	24,877	1,062,133	6,392	7,187	297	16	15							
Barbados	1	2	10	1	0	0	0	0	0	0	0	0	0	
Belarus	0	0	0	501	631	77	0	0	702	4,644	10,230	4,683	328	
Belgium	2,905	907	1,916	68,312	452,988	25,582	30,512	60,496	11,933	26,526	19,165	9,319	11,460	
Benin	109	31	23	4	2,643	6	280	2,817	2,212	3	0	1	3,511	
Bolivia	0	0	0	0	3	7	1	0	0	0	3	0		
Bosnia and Herzegovina			0	0	0	2	0	21	8	40	10	0	0	
Botswana	0	0	0	0	0	0	0	11	0	0	1	0	0	
Brazil	20	85	0	105	107	123	23	83	291	2,374	2,631	3,411	4,031	
Brunei Darussalam	0	0	0	0		0				0	0	0	0	
Bulgaria	8	25	746	2,841	6,734	24	117	59	0	2	93	1	2	
Burkina Faso	0	0	6	1	15		0	2,090	4,432	90	241	0		
Burundi	0	0	0	0	0	0	21	0	0	0	18	1	1	
Cabo Verde	0	49	417	0	1,822	633	477		0	0	0	10	0	
Cambodia	0	0	0	0	0	0	0	0	7	0	0	2		
Cameroon	365	0	0	0	0	0	29	1	78	3	71	280		
Canada	1,096	1,202	2,517	6,575	11,075	17,273	18,472	20,875	25,594	37,011	34,108	34,299	33,141	
Central African Republic	0	0	0			0	0	0	26	0	1	0	0	
Chile	1	1	0	9	0	0	0	0	0	1	10	0	189	
China	28,787	55,586	41,955	16,519	14,170	1,928	3,277	5,936	3,959	22,483	41,245	229,945	165,509	
Colombia	39	7	0	5	15	0	936	2,040	0	3	337	132	162	
Congo							3,878	89,438	0	0	71,603	47,911	44,688	
Costa Rica	2	0	0	0	1	0	0	0	1	0	0	21	0	
Côte d'Ivoire	2,030	2,964	1,430	5,481	6,204	7,505	8,089	11,323	10,530	13,246	37,274	10,640		
Croatia	4,550	14	4	0	59	3,020	80	148	64	53	168	138	21	
Cuba	0	0	0	0	0	1								
Cyprus	0	62	0	1	3	2	0	0	0	1	0	0	0	
Czech Republic	137	106	1,303	9,818	12,928	7,877	4,017	7,378	1,154	5,313	10,568	6,273	33,991	
Denmark	20	62,961	8,663	295,872	2	11	21	77	79	55,466	5,630	1,797	53	
Dominica	0	0	0	0	0	2	12	4	0	1	0	0		
Dominican Republic	1	13	7	139	0	0	180	12	0	32	204	585	700	
Ecuador	42	0	0	0	0	0	0	127	178	407	4	121	49	
Egypt	0	334	30	72	1,399	4,799	2,563	0	0	9	26,589	25,027	5,504	
El Salvador	0	0	3	0	3	2	0	0	0	0	0	0	0	
Estonia	3	0	0	0	9	0	0	0	114	0	2,602	287	129	
Ethiopia	6	1	0	0	1	3	0	0	0	83	1	0		
Faroe Islands	0	0	0	0	0	0	0	0	0					
Fiji		0	0	0	237	0	4	2	0	0	0	0		
Finland	0	0	0	0	15	36	0	398	3,042	7,304	6,993	1,827	1,249	
France	41,774	103,002	56,471	12,390	15,739	19,328	16,472	20,980	7,324	8,156	16,423	38,361	76,320	
French Polynesia	0	0	0	0	0	1	0	1	0	0	0	0	0	
Gabon	214	0	287	0	9	18	51	19	0					
Gambia	19	9	16	3	576	6	31	21	22	7	213			
Georgia	0	0	0	0	0	0	0	0	0	0	9,720	0	0	
Germany	429,050	161,354	446,605	189,404	362,819	605,854	129,036	84,354	385,376	37,401	43,423	19,282	61,043	
Ghana	25,598		1,701		180	191	511	476	17,840	511	838	9,307		
Greece	102,850	34,517	93,123	79,176	1,034	9,473	769	2,807	98,698	240	16,464	24,910	494	
Guatemala	0	0	0	0	0	0	0	17	0	0	0	0	0	
Guinea	79	15		59	0	15	2	13,822		21	15,469	8,751		
Guinea-Bissau			0	0	56									
Guyana	0	0	10	0	0	2	0	0	0	125	0	0	0	
Honduras	12,791	10	1	33	44	0	24	0	0	0	0	0	0	
Hong Kong, China	240	2,529	98	55	408	331	774	2,040	727	559	3,699	196		
Hungary	0	8	0	0	46	14	0	0	0	0	0	0	1	
Iceland	0	0	0	0	6,366	4,360	0	0	0	0	27	0	0	
India	8,445	38,251	3,192	5,655	48,276	128,578	44,651	293,251	45,070	17,579	11,168	11,564	23,311	
Indonesia	127,783	4,570	57	1,965	5	12,314	25,896	126	3,522	7,529	21,156	6,609	6,401	
Iran (Islamic Republic of)	0	0	0	0	0	0				0	0			
Ireland	13	108	3	1,854	374	669	113	27	18	175	433	258	266	
Israel	0	3	11	0	27	0	1	2	1,020	37	9	25,331	25	
Italy	61,325	52,949	41,160	7,026	20,475	12,830	3,764	11,997	4,225	3,927	16,874	8,471	8,133	
Jamaica	0	0	0	0	0	0	16	0	0	1	0	0		
Japan	123	59	22	82	258	8,215	139	46,138	904	482	42,745	6	787	
Jordan	0	45	26	0		0	0	0	0	6	0	5	10	
Kazakhstan	0	0	0	40	48	0	2	7	2	16	1	18	0	
Kenya	0	0	0	0	166	64	69	18,343	18	46	46			
Korea, Republic of	9,171	1,170	5,332	26,371	7,609	53,751	599	21,590	719	410	1,275	1,180	6,483	
Kuwait	0	65	153	7		2	83	3,811						
Kyrgyzstan	0	0	0	0	0	0	0	0	1	0	0	0		
Latvia	3	0	140	163	0	0	10	6	1	3	1	0	0	
Lebanon	79	412	422	11	7	0	72	176	612	1,148	2,337	1,896	3	
Libya							0	0	0	0				
Lithuania	130	17,027	20	5,387	4,626	1,515	0	521	0	0	0	0	1	
Luxembourg	0	0	0	0	0	0	0	214	922	0	3,606	1,733	4,865	
Macao, China	0	0	0	0	0	0	0	0	0	0		5		
Macedonia, The Former Yugoslav Republic of	0	0	0	0	1	0	0		174	58	139	4	5	
Madagascar	42	0	360	41	5	0	0	0	0	0	0	0	318	
Malawi	0	0	0	3	25	53	15	25	5	3	0	0	13	
Malaysia	1,478	75	737	92	59,304	11,493	305,240	9,416	35,038	12,156	27,066	38,753	17,345	
Maldives	0	0	0	0	0	0	0	0	0	0	0	12	0	
Mali	0	0	0	0	0	0	0	0		7	0	0		
Malta	0	0	0	0	0	32	0	31	0	21,966	0	0	0	
Mauritania	0	0	0	0	0		0	0	0	2	0	595		
Mauritius	0	0	633	0	0	0	1	29	0	0	246	322	66	
Mayotte	0	0	0	0	0	0	0	0	2					
Mexico	65	106	0	0	440	2,159	752	822	367	393	843	779	401	
Montenegro						0	0	0	1	0	0	0	33	
Morocco	1,473	1,658	1,215	541	1,905	2,091	0	0	0	0	4	25	0	
Mozambique	0	0	0	0	0	0	0	8	0	35,974	0	147	349	
Namibia	0	0	0	0	370	0	20	10	5	2	1,475	0	3	
Nepal			0						0	66	0			
Netherland Antilles					4	10	1	25						
Netherlands	3,673	1,892	2,587	5,768	5,860	886	335	2,299	4,119	27,784	2,473	18,964	22,439	
New Caledonia	40	7	16	13	0	2	0	5	7	0	6	21	15	
New Zealand	1	0	0	22	41	0	66	71	23	16	4	3	0	
Nicaragua	0	13	0	0	0	0	0	1	0	0	0	0	0	
Niger	0	16	6	51	0	0	10	0	0	0	0	0	0	
Nigeria	42	524	773			7,257	168	5,307	10	31	2,105	129		
Norway	57,574	50,580	6,901	26,801	44	18,171	57,101	89	64,676	25,252	21,335	3,997	38	
Oman	0	0	879	0	0	0	0	0	0	7	0	3	0	
Pakistan			47	0	1,410	843	385	15	5	74	39,734	2,952	43	
Palestine, State of							0	0	8	0	0	0		
Panama	0	0	0		0	0	0	0	0	0	296			
Papua New Guinea	0	0	1	0							0	25		
Paraguay	0	0	0	0	0	0	0	0	0	0	0	0	0	
Peru	6	1	0	0	0	0	0	0	0	7	0	0		
Philippines	0	10	35	0	9	126	2	8,167	10	11	3	4,615	79	
Poland	94,171	80,122	112,691	143,296	99,164	198,328	205,457	134,647	348,004	223,689	89,008	154,490	393,450	
Portugal	1,765	593	850	158	52	238	29	99	23	117	252	1,367	356	
Qatar	0	0	4	0	2	0	194	0	81	0	0	16	30,203	
Republic of Moldova	0	0	0	0	0	1	1	0	0	0	0	0	0	
Romania	150	111	3	151	0	0	0	0	1	0	164	88	353	
Russian Federation	40	8	1	694	392	625	10,288	51	25	6,526	11,247	2,952	5,161	
Rwanda	0	0	0	0	1	11	3	36	539	189	743	256	207	
Saint Kitts and Nevis	18	0	0	0	0	0	0	0	1	0	10			
Saint Lucia	0	0	0	5	0	174	39	0						
Saint Vincent and the Grenadines	0	0	1	0	0	0	16	0	836	1	0	0		
Samoa	0	0	0	0	0	0	0	0	0	0	0	0	0	
Saudi Arabia	27	6	82	7	7	339	0	0	0	176	0	326		
Senegal	3,027	3,020	3,517	0	2	17	9	1	14	194	0	5	43	
Serbia					1	0	51	0	0	13	323	588	890	
Serbia and Montenegro	391	183		3										
Sierra Leone		115												
Singapore	382	6	100	236	2,391	135	2,276	703	147	980	0	485	867	
Slovakia	38	0	0	0	172	0	0	0	652	0	0	9	0	
Slovenia	53	845	2,497	5,575	1,220	3,560	5,853	4,143	4,717	6,660	11,001	2,294	0	
Solomon Islands								0	0	0	1			
South Africa	608	790	871	1,361	691	168,403	4,207	21,092	186,230	1,625	1,480	2,233	1,070	
Spain	10,323	9,135	20,712	227	167,819	139,031	650	2,028	2,687	79,741	77,366	106,399	92,123	
Sri Lanka	0	25	0	19	81	0	0	0	0	0	0	0		
Sudan (North + South)	0	0	0	0	0	16		6	45	324	5			
Suriname	35			50	133	67	11		0	5	5			
Sweden	10	0	20	7	38	8	6	4	504	0	3,436	54	15	
Switzerland	219	472	456	964	493	1,151	616	571	1,255	3,824	2,609	710	8,168	
Syrian Arab Republic	0	0	82	0	0	29	0	0	0	2				
Taipei, Chinese	20	66	2	13	20	41	55	305	74	0	109	62	405	
Tanzania, United Republic of	0	1	1,232	1,894	0	0	4	8,746	7	10	4,739	679	27,686	
Thailand	1,296	84	50,771	51,429	50,570	52,135	18	72	157	196	132	42,739	370	
Timor-Leste				0	0									
Togo	165	173	94	110	102		1,468	60	1,075	67	17	975	6	
Trinidad and Tobago	30	1	31	0	0	1	0	0	0	2				
Tunisia	523	365	885	0	0	0	120	0	0	66	94	0	0	
Turkey	7,430	19,056	5,927	24,468	11,155	2,376	977	3,687	1,133	7,596	3,003	24,170	11,394	
Uganda	7	0	0	195	194	2	1	342	546	90	649	135	248	
Ukraine	1,295	617	41	236	1,433	7,881	9,522	11,405	2,653	4,330	4,051	4,359	1,338	
United Arab Emirates					373		3,401	7,961						
United Kingdom	5,359	3,835	11,726	10,213	11,588	12,065	18,378	9,122	5,367	7,858	10,965	5,086	5,197	
United States of America	44,717	47,566	62,020	89,328	97,129	144,436	118,432	147,595	84,722	184,388	161,519	146,148	98,456	
Uruguay	0	0	0	0	0	0	0	0	12	0	0	40	0	
Venezuela	354	0	6,626	10,946	211	15,000		1,621	43,000	0	70	0	22	
Viet Nam	117	450	61	5,649	279	3,988	4,672	113,705	2,956	0	655	5,330		
Yemen				1	4	4	0	0	0	0	0	9		
Zambia	0	0	0	4	0	0	6	1	0	2	2	2	61	
Zimbabwe	0	0		0	0	0	0	4	0	0	0	19	38	
