List of importing markets for a product exported by Oman Product: TOTAL All products
"Importers"	"Exported value in 2001"	"Exported value in 2002"	"Exported value in 2003"	"Exported value in 2004"	"Exported value in 2005"	"Exported value in 2006"	"Exported value in 2007"	"Exported value in 2008"	"Exported value in 2009"	"Exported value in 2010"	"Exported value in 2011"	"Exported value in 2012"	"Exported value in 2013"	
World	11,036,616	11,127,328	12,196,358	13,380,753	18,691,546	21,585,733	24,691,545	37,719,141	27,650,631	36,599,577	47,091,873	52,138,226	19,142,949	
Afghanistan	1,213	4,727	6,320	6,620	3,466	3,000	0	953	5,077	3,406	622	347	93	
Albania	0	0	67	67	0	0	27	0	0	234	577	0	516	
Algeria	13,977	841	759	2,026	2,392	2,502	3,836	5,991	6,784	63,806	78,934	32,458	19,969	
Andorra	0	0	0	0	0	40	0	0	0	0	0	0	0	
Angola	2,341	1,124	87	1,644	2,160	11,434	6,184	25,345	15,696	7,329	8,143	8,589	9,029	
Area Nes	7,848,040	7,427,334	10,796,387	1,013,295	2,037,680	895,018	3,299,590	5,562,954	4,258,885	6,131,663	5,791,685	40,313,768	4,373,487	
Argentina	31	0	183	206	145	1,017	2,176	66	317	7,903	28,347	573	1,112	
Armenia	122	70	459	459	446	1,229	2,067	4,625	587	1,056	267	245	0	
Australia	1,037	2,581	847	2,775	3,501	7,304	3,483	15,762	64,547	28,429	42,601	20,046	80,486	
Austria	64	74	520	532	417	339	546	727	427	548	153	408	510	
Azerbaijan	988	2,364	9,434	9,520	9,919	12,816	39,552	54,059	6,910	11,736	7,192	160	248	
Bahamas	0	0	0	0	0	0	0	0	0	0	0	0	0	
Bahrain	15,352	22,434	2,810	20,561	20,490	19,888	26,334	49,198	49,198	36,860	29,417	63,089	121,961	
Bangladesh	414	805	196	1,159	1,018	2,049	12,984	12,566	12,117	35,158	25,243	24,065	43,311	
Barbados	0	0	0	0	0	0	0	0	0	0	0	2	0	
Belarus	0	0	0	0	113	0	99	508	1,503	2,401	2,567	2,100	2,148	
Belgium	25,651	26,954	34,885	38,038	15,617	43,593	32,899	52,205	62,736	80,286	108,586	44,333	34,196	
Belize	0	0	0	0	30	1	0	0	1	16	0	0	33	
Benin	94	0	27	85	56	46	88	638	2,927	138	365	1,365	1,352	
Bermuda	0	0	0	0	1	0	0	0	0	0	0	0	0	
Bolivia	0	0	0	0	0	0	0	0	0	50	0	0	0	
Bosnia and Herzegovina	0	0	0	0	35	26	2	2,743	0	0	0	5	0	
Botswana	0	0	32	32	37	15	0	0	24	151	194	224	239	
Brazil	21	1	0	0	906	1,391	877	280	31,392	22,307	51,803	5,378	96,948	
British Indian Ocean Territories	0	0	0	0	0	0	0	0	3	0	0	0	0	
Brunei Darussalam	98	138	45	162	497	79	96	521	234	362	6,558	139	196	
Bulgaria	63	82	5	5	98	44	211	259	1,788	6,958	1,454	3,380	12,362	
Burkina Faso	0	0	0	0	0	0	0	0	6	9	1	0	0	
Burundi	753	629	1,815	1,886	961	282	160	181	93	74	123	24	6	
Cabo Verde	0	0	0	0	0	0	0	33	0	0	0	0	0	
Cambodia	0	105	422	447	237	293	99	186	771	39	527	58	58	
Cameroon	387	17	84	180	677	275	394	191	487	320	2,010	603	679	
Canada	1,798	4,269	969	5,619	6,279	2,734	3,021	4,005	10,836	4,807	8,693	31,906	19,542	
Cayman Islands	0	0	0	0	0	0	0	0	0	0	0	0	0	
Central African Republic	0	0	0	0	0	187	0	0	380	0	65	0	0	
Chad	332	2,970	529	629	89	1,770	509	899	1,238	365	487	22	0	
Chile	237	411	0	351	0	121	1,447	138	277	435	13,633	161	127	
China	4,445	5,070	30,128	4,396,705	5,069,195	5,717,359	6,617,734	11,045,384	4,954,043	9,351,459	14,245,567	1,046,029	784,171	
Christmas Islands	0	0	0	0	0	0	0	0	0	0	0	0	0	
Colombia	15	20	365	427	0	164	464	134	2,740	17,805	498	271	576	
Comoros	51	115	351	351	406	998	855	1,002	1,781	634	614	827	748	
Congo	478	486	958	1,073	1,023	9,374	7,792	9,334	3,099	1,509	1,389	29,072	143	
Cook Islands	0	0	0	0	0	0	0	0	22	0	0	0	0	
Costa Rica	0	0	0	0	0	0	0	59	0	20	0	0	18	
Côte d'Ivoire	1	0	0	0	0	0	814	291	1,062	579	1,694	3,163	4,052	
Croatia	8	46	103	256	0	152	0	69	1	1,722	965	34	500	
Cuba	25	11	0	0	0	0	0	201	0	28	24	2	6	
Cyprus	1,047	486	16	1,375	1,012	3,405	1,778	1,729	1,232	2,888	6,191	1,449	841	
Czech Republic	2	0	13	13	146	3,132	1,760	2,288	31,254	9,372	12,363	12,150	12,760	
Democratic Republic of the Congo	0	0	95	105	1,031	62	24	66	0	52	2	0	0	
Denmark	3,379	670	1,281	1,352	2,586	682	2,627	1,001	2,629	2,254	5,947	1,480	18,504	
Djibouti	2,159	5,267	4,186	9,415	7,094	11,792	10,818	14,145	18,529	75,508	28,222	19,217	27,563	
Dominica	0	0	0	0	0	0	0	0	0	0	284	0	0	
Dominican Republic	0	0	0	0	0	0	0	313	47	891	24	0	0	
Ecuador	0	0	0	0	252	2,141	1,180	1,552	1,300	1,982	1,390	444	1,034	
Egypt	5,638	5,828	5,702	12,684	17,778	22,574	33,420	43,556	136,191	69,435	109,211	120,960	148,234	
El Salvador	0	0	0	0	0	0	1,566	169	0	364	0	0	0	
Equatorial Guinea	0	0	0	52	0	0	44	38	262	89	327	121	243	
Eritrea	667	1,293	43	894	503	1,801	684	1,824	2,250	2,391	2,758	1,212	1,720	
Estonia	0	0	0	0	5	0	93	283	37	101	7,502	3,847	0	
Ethiopia	2,291	4,495	11,208	11,920	8,732	7,610	5,531	16,698	7,445	14,475	5,591	427	1,664	
Fiji	52	0	0	0	0	0	9	55	51	13	89	612	50	
Finland	60	134	351	351	89	441	603	418	3,427	2,755	9,723	1,561	1,258	
France	6,675	71,215	6,574	24,172	26,457	13,648	22,444	51,377	61,960	54,065	43,311	44,696	50,039	
French Polynesia	0	0	0	0	0	0	0	0	0	0	0	0	0	
Gabon	37	5	18	18	333	44	163	374	1,657	124	603	148	672	
Gambia	0	0	22	44	130	63	107	133	53	127	172	128	28	
Georgia	0	395	1,610	1,751	1,097	1,089	1,507	11,233	1,628	2,024	1,040	1,783	1,167	
Germany	11,691	12,043	17,200	26,710	25,446	25,194	25,741	27,359	31,220	48,413	49,521	49,802	64,162	
Ghana	394	835	1,922	2,144	839	1,507	1,376	903	3,615	10,277	3,854	1,558	3,357	
Greece	3,071	3,612	31	6,696	7,411	22,431	5,061	3,657	8,633	6,329	8,458	3,771	8,811	
Grenada	0	0	0	0	0	0	23	29	0	0	38	0	0	
Guatemala	0	0	0	0	0	40	0	0	0	0	5	29	0	
Guinea	20	192	700	712	1,116	554	882	800	454	759	2,016	1,285	592	
Guinea-Bissau	0	0	0	0	0	0	0	0	0	19	68	0	20	
Guyana	30	0	0	18	2	66	0	1	0	0	0	2	183	
Haiti	0	0	0	0	0	0	0	20	23	1,030	0	0	0	
Honduras	3	61	0	0	71	97	56	118	0	0	339	0	0	
Hong Kong, China	15,545	29,651	45,539	56,003	47,111	61,233	94,237	86,341	133,366	170,495	237,610	32,301	37,428	
Hungary	4	20	10	10	21	147	39	3	2,736	767	464	4,339	3,835	
Iceland	1	0	0	0	0	0	0	0	0	2	0	29	19	
India	19,302	24,786	14,079	36,512	219,394	366,006	557,942	746,220	730,782	1,018,677	4,596,862	1,680,826	1,265,841	
Indonesia	1,447	3,713	248	1,119	1,019	3,081	2,809	21,767	96,930	154,961	449,868	235,902	100,267	
Iran (Islamic Republic of)	454,832	520,015	217,308	228,232	135,272	216,055	336,017	462,628	640,903	481,411	400,398	177,937	244,173	
Iraq	20,735	69,880	24,339	52,308	40,009	40,450	57,657	229,528	179,811	164,353	166,401	741,086	233,287	
Ireland	326	665	70	964	2,575	2,130	2,181	2,001	2,274	6,081	4,501	4,157	4,466	
Israel	0	0	0	0	0	79	0	0	0	0	21	0	0	
Italy	6,297	7,478	774	10,062	15,635	13,065	22,992	25,241	70,783	73,017	99,331	53,287	101,873	
Jamaica	0	0	0	45	0	168	37	0	380	1,573	3,096	1,863	479	
Japan	138,605	120,425	3,667	1,860,899	2,789,064	2,028,576	2,920,459	4,000,622	3,046,684	3,689,165	3,988,138	44,236	188,771	
Jordan	44,302	24,544	2,504	70,751	63,209	15,620	15,976	33,256	36,885	58,613	38,382	39,901	33,321	
Kazakhstan	4,581	4,255	11,520	12,613	9,438	21,992	37,960	24,583	17,298	18,307	17,728	6,173	588	
Kenya	29,004	32,707	317	2,275	3,307	3,279	5,016	5,952	86,392	42,583	203,143	194,878	106,744	
Kiribati	0	0	0	0	0	0	0	5	0	0	0	0	0	
Korea, Democratic People's Republic of	0	0	0	0	0	0	0	0	0	0	0	0	0	
Korea, Republic of	640,279	751,997	335	825,027	1,054,615	3,464,054	2,301,510	3,607,288	2,731,578	2,588,693	3,320,458	186,500	456,329	
Kuwait	25,374	26,227	3,270	41,180	40,645	43,938	47,013	108,976	49,683	277,063	333,728	182,573	460,081	
Kyrgyzstan	14	0	0	0	0	79	230	88	66	48	67	0	0	
Lao People's Democratic Republic	0	0	0	0	0	0	0	0	0	0	0	28	0	
Latvia	0	0	0	0	118	0	0	749	1,729	42	1,080	3,184	0	
Lebanon	4,719	2,549	345	5,360	4,745	2,700	8,388	10,755	12,005	10,833	21,634	11,931	27,848	
Lesotho	0	0	0	0	0	0	0	0	0	0	0	0	0	
Liberia	466	172	138	448	944	1,522	3,307	1,981	1,021	1,119	2,774	1,933	1,706	
Libya	18,118	18,679	24,115	27,976	30,864	44,597	19,487	57,928	85,040	73,426	5,183	15,409	14,550	
Lithuania	0	0	0	0	252	0	1,951	15	702	599	2,188	79	473	
Luxembourg	0	0	0	0	0	0	0	0	0	1	0	0	0	
Macao, China	0	12	0	0	0	0	0	21	0	0	0	0	0	
Macedonia, The Former Yugoslav Republic of	0	0	0	0	0	0	0	0	0	54	0	0	0	
Madagascar	17	0	3,866	4,063	3,702	808	416	5,578	276	1,665	10,068	18,270	10,134	
Malawi	0	0	0	0	0	0	0	0	0	0	237	295	14	
Malaysia	683	1,619	235	2,980	6,701	745,355	437,019	703,088	153,510	136,459	212,129	234,423	245,804	
Maldives	121	181	287	304	41	148	1,448	5,568	743	1,149	4,991	4,122	12,755	
Mali	29	99	0	41	211	1,434	218	1,546	56	103	2,673	9	169	
Malta	50	176	3	248	532	566	1,009	1,088	3,754	1,624	476	408	295	
Mauritania	732	1,287	552	752	338	478	370	795	440	187	4,596	1,757	746	
Mauritius	415	152	0	1,041	648	857	737	1,295	1,205	3,166	1,923	1,651	2,110	
Mexico	7	10	0	0	102	436	562	104	340	307	15,803	17,082	7,394	
Mongolia	0	0	0	0	0	0	0	16	0	177	2,401	0	1	
Morocco	946	967	311	836	849	1,299	2,116	3,257	4,831	8,525	17,969	53,025	9,439	
Mozambique	75	32	0	206	57	204	771	9,081	536	19,940	102,109	38,817	353,694	
Myanmar	1	205	92	92	56	283	188	4,587	8,502	1,060	2,906	12,227	16,243	
Namibia	0	82	0	0	0	0	396	480	606	744	264	0	115	
Nepal	30	83	16	16	39	94	610	82	968	66	131	65	147	
Netherlands	11,189	5,701	3,073	4,448	7,768	56,762	84,906	115,747	97,635	75,161	229,178	109,508	349,227	
New Caledonia	0	0	0	0	0	0	0	0	0	0	0	0	8	
New Zealand	1,292	440	118	1,437	4,376	393	213	471	658	538	25,269	308	298	
Nicaragua	0	0	0	0	0	0	0	0	0	0	0	0	0	
Niger	67	219	0	0	510	18	2	0	16	4	121	13	5	
Nigeria	3,135	2,953	374	1,497	3,879	2,790	13,103	10,012	14,209	15,306	18,521	13,130	7,151	
Norway	573	5,605	247	247	449	211	572	1,503	258	388	242	205	298	
Pakistan	7,381	13,605	1,923	28,915	24,970	46,684	101,444	112,514	238,150	197,326	395,479	640,388	1,075,653	
Palestine, State of	0	0	0	16	183	78	650	2,436	1,004	1,555	1,541	1,134	991	
Panama	0	0	0	209	0	0	0	0	0	17	1,061	87	198	
Papua New Guinea	0	0	0	0	0	78	295	168	27	1,259	289	28	0	
Paraguay	0	0	0	0	7	0	0	0	79	0	136	0	142	
Peru	0	0	0	0	0	0	5	116	0	38	231	98	797	
Philippines	298	997	411	1,083	1,629	1,258	2,912	13,954	7,762	4,696	12,578	55,744	132,897	
Poland	80	124	6,418	6,857	963	2,922	15,323	8,584	4,296	5,795	3,465	3,395	5,929	
Portugal	401	828	119	12,164	17,290	421	542	1,230	1,444	9,557	5,895	70	17,653	
Qatar	20,781	34,200	6,635	44,163	70,161	112,431	159,473	264,062	336,765	173,930	131,841	188,809	381,035	
Republic of Moldova	18	0	0	0	481	0	473	0	0	0	0	0	0	
Romania	3,673	1	37	163	13	26	233	1,552	10,324	13,540	12,648	7,817	8,585	
Russian Federation	605	110	4,062	5,095	5,974	6,501	12,575	14,105	10,659	16,804	19,717	2,508	4,092	
Rwanda	134	185	680	680	114	662	884	28	131	194	208	18	19	
Saint Helena	0	0	0	0	0	0	0	0	0	0	0	0	0	
Saudi Arabia	188,736	180,946	89,264	223,131	258,653	222,867	251,797	490,003	562,606	690,535	1,010,663	998,869	1,848,046	
Senegal	869	367	63	437	632	2,589	3,620	15,713	1,206	1,152	2,138	1,269	2,493	
Serbia	0	0	0	0	0	0	0	0	0	0	0	0	4	
Serbia and Montenegro	0	0	0	0	0	0	0	0	0	0	0	0	0	
Seychelles	0	105	0	26	0	903	296	1,019	2,504	385	243	663	5,960	
Sierra Leone	972	302	248	630	1,512	277	605	279	729	751	811	403	492	
Singapore	28,333	28,406	34,989	165,957	476,980	360,507	223,071	539,472	681,841	1,055,083	1,170,414	104,268	220,473	
Slovakia	0	77	18	35	272	21	234	1,531	47	78	28	4	19	
Slovenia	0	6	10	10	0	83	1,297	197	1,243	7,194	3,804	12,191	3,471	
Solomon Islands	30	0	0	0	0	0	0	0	0	0	0	0	0	
Somalia	10,643	16,250	471	20,378	28,769	47,959	42,143	60,942	106,254	69,860	123,889	182,629	320,274	
South Africa	18,347	4,366	3,848	10,061	7,194	22,034	11,509	21,505	78,328	89,662	104,214	75,060	357,386	
Spain	137,906	177,258	378	154,920	306,129	237,474	47,268	167,468	354,781	86,964	83,192	13,372	27,765	
Sri Lanka	5,325	3,461	714	3,797	5,053	10,082	43,825	19,489	30,573	127,907	94,373	55,090	160,853	
Sudan (North + South)	16,891	11,654	13,777	18,684	29,696	35,124	45,604	46,338	36,874	66,597	43,556	17,185	16,801	
Suriname	20	12	0	0	0	0	0	98	18	47	22	8	0	
Swaziland	17	0	18	44	0	0	0	1	0	0	0	0	2	
Sweden	281	1,504	406	1,259	1,264	3,452	832	716	7,060	3,023	413	3,447	998	
Switzerland	2,481	2,978	3,114	3,381	3,428	8,992	34,805	7,327	11,289	29,965	2,493	3,192	4,779	
Syrian Arab Republic	7,791	8,039	6,154	32,888	37,518	20,635	46,194	28,018	46,751	64,753	31,784	29,696	7,275	
Taipei, Chinese	17,301	5,118	82	532,835	983,788	781,613	651,285	1,232,085	1,050,557	1,303,580	1,452,540	161,547	119,483	
Tajikistan	122	104	2,590	2,590	2,062	2,945	4,338	9,791	2,586	3,057	6,008	0	0	
Tanzania, United Republic of	59,106	71,229	3,816	17,688	13,573	13,868	13,612	11,999	18,537	38,517	237,725	477,957	473,893	
Thailand	5,204	7,584	6,670	1,793,920	2,637,970	2,684,991	2,573,914	2,577,476	1,951,608	2,433,778	2,530,490	162,788	92,022	
Togo	110	0	0	0	0	33	0	661	0	564	564	1,090	762	
Tonga	1	0	3	3	0	0	0	0	401	0	26	14	14	
Trinidad and Tobago	0	0	0	0	0	0	0	5	33	317	19	0	0	
Tunisia	5,453	5,256	4,850	9,721	7,233	6,812	9,546	8,649	6,825	15,058	21,094	8,290	7,020	
Turkey	71	341	120	701	2,696	1,502	3,887	37,742	52,382	37,340	34,987	82,917	170,636	
Turkmenistan	872	850	1,056	1,056	742	692	2,654	3,318	4,499	2,102	2,640	26,757	1,159	
Tuvalu	0	0	0	0	0	0	18	23	0	0	0	0	0	
Uganda	265	31	78	112	144	115	193	382	126	165	508	559	152	
Ukraine	69	427	10,810	10,949	10,220	16,930	48,209	77,536	9,365	6,316	4,279	729	1,089	
United Arab Emirates	816,771	1,026,719	598,839	969,225	1,397,373	2,057,031	2,859,686	4,128,966	3,469,930	4,243,464	3,483,914	1,854,173	2,540,487	
United Kingdom	55,780	65,197	57,324	68,062	70,389	96,264	115,244	120,032	110,203	105,055	198,127	99,758	82,777	
United States Minor Outlying Islands	0	0	0	0	0	0	0	14	0	0	0	0	27	
United States of America	147,845	107,874	5,257	307,279	439,615	701,358	66,620	187,374	196,692	308,895	336,392	631,084	544,960	
Uruguay	0	0	0	0	0	0	54	0	0	0	115	188	129	
Uzbekistan	353	535	266	356	442	570	3,507	15,961	1,473	378	141	121	0	
Vanuatu	0	0	0	0	0	0	0	0	0	0	30	0	0	
Venezuela	68	273	23	23	40	5	124	94	243	80	470	302	12	
Viet Nam	152	161	1,559	3,364	2,852	6,051	25,209	52,872	54,995	56,185	102,523	126,371	59,809	
Yemen	46,674	50,090	31,732	71,715	74,585	76,039	103,122	113,079	159,804	101,125	116,170	82,440	193,322	
Zambia	29,825	31,665	13	363	122	34	547	233	150	126	858	305	263	
Zimbabwe	0	298	0	280	303	1	169	94	0	11	17	1	2	
