List of importing markets for a product exported by Denmark Product: TOTAL All products
"Importers"	"Exported value in 2001"	"Exported value in 2002"	"Exported value in 2003"	"Exported value in 2004"	"Exported value in 2005"	"Exported value in 2006"	"Exported value in 2007"	"Exported value in 2008"	"Exported value in 2009"	"Exported value in 2010"	"Exported value in 2011"	"Exported value in 2012"	"Exported value in 2013"	
World	50,973,842	55,673,560	64,614,226	74,740,558	81,779,552	90,638,722	101,616,124	115,876,233	94,082,818	96,473,937	111,947,890	105,535,979	111,109,154	
Afghanistan	812	9,440	7,412	17,684	8,417	9,288	11,312	10,742	17,360	14,235	22,172	19,581	20,882	
Africa not elsewhere specified	4,029	3,610	3,027	4,267	3,952	1,190	2,179	2,358	0	0	0	0	0	
Albania	2,910	2,003	5,037	3,385	4,759	2,143	4,086	5,184	3,831	11,297	4,797	4,977	4,036	
Algeria	41,312	44,205	35,348	58,291	41,832	59,755	55,250	70,523	89,601	118,442	233,386	197,892	209,505	
Andorra	627	910	959	1,035	1,252	1,168	2,298	2,326	1,263	832	1,026	840	759	
Angola	20,563	9,535	11,320	8,882	7,026	10,719	9,432	18,277	13,220	24,069	20,308	28,215	59,139	
Anguilla	55	56	186	126	0	34	1,844	9	10	97	128	149	135	
Antigua and Barbuda	1,279	682	1,209	1,208	6,185	4,801	21,870	3,722	2,849	3,302	3,122	7,495	2,330	
Area Nes	71,318	65,364	78,446	71,253	77,802	20,695	31,220	166,013	0	0	0	0	0	
Argentina	65,249	24,355	48,174	83,490	74,302	81,466	108,329	105,513	116,767	148,967	173,680	160,118	160,260	
Armenia	2,276	1,763	1,703	1,517	1,739	1,962	3,673	5,046	4,445	5,420	5,572	4,010	4,356	
Aruba	2,001	920	944	1,101	25,285	1,334	1,985	1,445	53,333	2,050	3,085	26,598	2,618	
Australia	289,501	342,747	434,936	636,274	585,601	621,729	708,476	762,017	840,279	840,965	1,253,847	1,079,425	1,075,221	
Austria	414,653	487,034	635,002	646,229	608,127	646,119	753,338	797,047	636,319	676,028	746,051	699,200	732,118	
Azerbaijan	3,316	6,142	10,372	8,097	5,165	4,226	7,631	15,742	9,426	23,149	22,654	38,419	43,650	
Bahamas	4,487	103,994	3,494	15,103	6,974	41,852	8,950	51,623	32,486	43,295	22,906	16,477	12,580	
Bahrain	16,222	15,878	17,441	17,197	16,493	19,214	23,261	30,160	21,445	29,694	26,392	31,075	25,354	
Bangladesh	26,822	19,524	20,602	24,748	21,253	27,567	36,547	29,119	19,279	48,282	59,424	59,872	60,888	
Barbados	4,993	2,575	2,812	2,476	1,972	36,149	2,719	2,906	1,890	2,507	5,272	5,506	4,473	
Belarus	22,272	25,271	29,655	32,050	44,985	63,113	59,149	61,347	48,821	56,764	51,179	68,084	68,466	
Belgium	734,498	778,641	1,030,970	1,113,020	1,020,638	1,110,908	1,284,444	1,455,245	1,457,263	1,375,935	1,570,397	1,483,867	1,886,288	
Belize	2,142	4,171	4,662	2,006	2,787	1,621	2,493	2,786	1,917	2,679	2,355	3,134	3,855	
Benin	3,829	5,007	3,470	4,030	2,725	1,777	2,417	5,753	2,093	2,621	5,050	1,192	9,926	
Bermuda	1,756	648	1,153	5,324	2,055	44,167	38,385	2,804	1,636	2,618	7,333	2,513	2,122	
Bhutan	114	140	274	790	484	347	209	214	152	156	134	367	224	
Bolivia	1,990	2,475	1,853	3,353	3,403	5,549	4,852	9,682	10,705	13,942	10,194	14,897	18,397	
Bosnia and Herzegovina	17,816	12,933	8,818	12,263	15,140	9,719	14,800	22,264	15,642	22,781	19,894	19,108	17,738	
Botswana	890	899	916	2,074	3,169	3,362	1,025	8,016	1,576	1,014	586	538	341	
Brazil	147,644	114,670	145,582	184,139	190,386	261,295	306,884	421,782	332,725	493,701	788,323	775,817	1,052,303	
British Indian Ocean Territories	0	680	43	100	18	596	328	503	332	155	257	145	0	
British Virgin Islands	604	66,261	16,597	16,943	5,417	1,056	93,769	13,855	1,193	829	186,037	130,615	24,937	
Brunei Darussalam	404	759	279	487	629	690	1,262	3,875	7,917	1,591	2,347	3,878	5,005	
Bulgaria	52,118	56,306	59,348	69,044	73,488	77,677	99,828	150,465	274,161	91,605	100,723	93,567	101,372	
Burkina Faso	8,045	4,290	3,987	7,282	2,258	3,473	2,849	2,365	1,587	2,711	1,828	4,990	4,990	
Burundi	656	1,791	1,537	2,247	2,011	2,364	712	1,662	1,118	2,282	1,820	1,150	1,366	
Cabo Verde	872	1,046	895	841	823	875	546	1,251	1,099	984	1,546	608	938	
Cambodia	1,168	825	1,497	1,448	3,134	1,031	2,033	2,272	2,355	3,975	5,038	7,837	6,511	
Cameroon	2,708	3,014	3,780	4,768	2,682	2,809	3,341	4,194	2,169	4,703	4,482	10,236	6,465	
Canada	347,653	405,777	489,395	493,668	638,766	804,244	859,651	1,060,241	890,676	1,193,216	1,186,507	770,227	708,448	
Cayman Islands	445	418	549	101	11,965	13,754	7,675	875	13,567	1,314	24,642	357	548	
Central African Republic	455	336	689	839	866	704	1,803	988	745	1,022	1,060	939	535	
Chad	2,913	3,225	1,773	1,265	1,255	1,140	1,628	3,921	3,234	3,461	2,851	1,384	5,600	
Chile	51,886	57,088	53,413	59,778	90,058	89,510	117,640	133,449	120,332	125,305	176,806	182,449	281,340	
China	417,104	500,516	686,927	917,953	972,614	1,110,364	1,660,379	2,024,600	1,929,424	2,342,674	2,789,433	2,856,376	3,307,613	
Christmas Islands	0	30	9	0	1,806	14	0	28	1	0	37	0	277	
Cocos (Keeling) Islands	46	87	0	73	20	0	0	0	0	33	0	0	98	
Colombia	25,689	26,633	26,955	17,964	22,378	27,544	33,480	61,421	39,670	65,082	76,063	111,033	109,489	
Comoros	27	47	144	210	119	33	27	53	143	160	421	219	67	
Congo	2,752	2,420	2,604	3,004	5,015	4,781	12,259	4,683	2,169	3,588	5,289	4,588	4,426	
Cook Islands	94	120	299	16	417	58	5	2,272	55	69	338	136	213	
Costa Rica	15,110	6,640	7,190	7,914	6,116	9,466	10,098	11,323	11,281	18,135	17,778	21,008	23,751	
Côte d'Ivoire	3,951	3,937	3,710	6,010	6,141	5,661	5,741	5,582	7,896	8,177	7,474	7,734	10,427	
Croatia	59,507	70,217	94,972	118,526	110,451	125,198	157,916	209,627	110,538	112,864	163,160	105,388	143,345	
Cuba	12,073	9,374	11,770	12,965	14,092	31,116	23,020	7,718	11,229	17,507	18,141	23,573	26,222	
Cyprus	41,254	35,518	74,541	50,729	46,715	51,929	94,617	87,755	75,401	72,862	131,311	87,356	70,738	
Czech Republic	181,504	206,115	270,241	319,164	358,062	480,835	652,033	640,839	778,272	879,378	1,063,958	1,051,397	1,016,896	
Democratic Republic of the Congo	1,233	1,549	5,524	5,741	6,525	5,138	4,931	5,290	5,101	4,311	4,739	2,583	3,107	
Djibouti	1,347	1,919	2,340	2,379	2,024	1,372	1,197	2,226	1,046	4,234	8,072	11,568	5,959	
Dominica	250	451	344	278	323	641	233	786	867	1,174	726	462	677	
Dominican Republic	57,028	56,307	30,986	48,521	79,222	56,293	94,508	89,511	76,487	79,818	79,565	77,614	82,759	
Ecuador	6,745	5,750	6,437	10,408	7,903	6,967	8,527	10,933	14,138	17,441	18,062	28,665	27,296	
Egypt	131,630	65,976	86,143	81,789	95,475	93,733	147,982	143,221	201,177	246,410	255,203	253,715	258,777	
El Salvador	6,233	9,543	11,616	7,547	13,524	8,278	11,341	9,896	6,799	9,310	10,082	8,196	8,164	
Equatorial Guinea	368	1,016	987	2,495	1,358	814	474	726	1,470	1,461	1,677	1,272	3,006	
Eritrea	3,730	3,288	3,843	4,488	2,036	1,764	1,097	1,025	1,991	957	2,127	1,518	1,442	
Estonia	118,086	142,235	162,584	174,641	194,998	256,247	327,776	332,438	240,165	213,403	248,295	286,543	273,535	
Ethiopia	19,363	8,717	9,343	13,083	11,040	6,572	10,009	6,729	13,556	10,476	15,358	16,749	18,434	
Europe Othr. Nes	120,455	131,193	251,191	344,184	454,509	345,675	358,405	751,347	0	0	0	0	0	
Falkland Islands (Malvinas)	74	52	96	37	26	486	350	128	33	110	42	66	162	
Faroe Islands	224,200	240,246	279,967	299,814	303,748	361,090	463,127	458,863	347,987	392,328	430,475	452,098	487,014	
Fiji	360	362	570	750	560	245	188	976	249	1,348	896	1,075	1,320	
Finland	1,439,427	1,682,958	1,994,554	2,077,486	2,179,460	2,678,989	2,699,072	2,731,305	2,095,682	2,296,055	2,583,355	2,521,960	3,208,735	
France	2,355,136	2,354,183	2,907,572	3,344,453	3,553,998	3,655,855	4,095,952	4,583,541	4,031,087	4,145,447	4,532,701	3,723,943	3,904,677	
French Polynesia	2,752	1,726	2,421	2,698	3,453	2,443	2,179	2,453	2,248	2,565	2,807	3,617	5,326	
French South Antarctic Territories	18	67	59	235	454	1,481	476	503	402	601	384	251	499	
Gabon	3,699	1,216	2,673	1,907	1,645	9,353	1,968	5,958	2,584	3,175	8,863	3,207	4,626	
Gambia	1,854	1,431	2,372	3,845	5,283	2,511	4,505	4,639	4,164	5,178	6,124	3,491	3,518	
Georgia	9,114	6,069	4,740	8,174	5,464	5,755	7,845	10,429	13,984	19,270	19,383	13,013	8,226	
Germany	9,166,926	10,012,178	11,182,088	12,315,985	12,617,215	13,579,504	15,036,998	17,472,674	15,573,537	16,220,888	18,074,010	16,388,460	18,655,439	
Ghana	13,033	17,170	15,752	22,215	20,818	12,839	15,106	19,790	16,966	25,328	33,324	27,258	32,519	
Gibraltar	9,120	4,847	5,181	4,623	7,937	9,855	27,680	25,494	44,022	15,704	48,335	138,195	18,911	
Greece	387,789	406,485	487,228	579,395	556,375	656,541	695,715	754,104	635,898	550,561	611,954	472,386	542,355	
Greenland	233,006	319,135	354,285	414,364	434,186	446,102	497,296	559,796	498,785	515,824	568,749	543,905	549,919	
Grenada	876	1,376	1,299	1,276	1,364	1,322	1,402	1,645	1,227	1,134	1,124	1,363	1,058	
Guatemala	6,398	9,193	10,547	10,208	8,148	8,545	11,322	8,907	6,942	6,889	8,747	7,463	11,682	
Guinea	2,272	4,822	3,610	2,580	2,820	2,537	3,041	1,971	1,047	5,927	1,820	1,841	2,592	
Guinea-Bissau	394	654	343	225	507	184	721	607	170	444	791	313	492	
Guyana	812	704	1,156	1,079	1,215	1,784	1,861	2,803	1,151	1,282	2,140	2,755	2,651	
Haiti	1,051	1,940	1,729	2,873	2,747	2,897	4,029	4,174	4,393	7,032	6,698	4,189	3,565	
Honduras	2,619	7,214	5,360	6,781	5,941	4,113	5,431	8,101	7,521	8,656	12,315	13,692	12,954	
Hong Kong, China	437,110	533,615	597,215	744,669	667,220	1,098,499	781,667	1,026,893	892,338	1,408,316	1,718,347	1,858,490	2,065,909	
Hungary	157,268	207,730	252,212	306,415	382,792	415,857	506,593	634,146	501,313	534,227	608,267	604,205	631,191	
Iceland	220,385	225,158	295,504	336,434	412,795	439,071	545,564	494,129	285,944	332,780	382,755	406,127	424,388	
India	106,819	112,486	197,641	286,274	432,431	271,975	288,793	442,114	308,406	436,705	553,150	417,356	363,365	
Indonesia	53,997	52,185	48,949	63,496	68,416	68,144	78,082	71,414	78,807	142,546	112,474	165,717	177,706	
Iran (Islamic Republic of)	53,000	79,917	110,553	199,668	187,204	89,629	142,967	138,947	125,467	166,091	196,955	151,596	101,032	
Iraq	39,281	31,669	22,082	44,686	34,667	19,500	48,940	34,345	52,440	50,026	45,513	62,950	70,829	
Ireland	701,453	824,206	966,448	1,132,198	1,169,158	1,189,330	1,550,411	1,380,346	1,062,980	1,012,507	969,193	719,955	942,218	
Israel	119,590	175,947	112,094	102,671	157,252	104,301	125,915	175,933	145,316	196,037	220,953	194,942	225,176	
Italy	1,594,762	1,609,564	1,942,294	2,329,691	2,387,287	2,665,012	2,892,488	3,158,508	2,659,716	2,790,559	3,189,549	2,771,920	2,761,029	
Jamaica	2,917	2,001	7,450	4,471	3,340	4,841	3,968	3,512	3,006	8,873	2,847	5,068	2,769	
Japan	1,604,840	1,443,523	1,653,700	1,979,372	1,582,378	1,537,812	1,517,966	1,764,447	1,427,408	1,880,094	1,934,077	2,063,467	1,934,250	
Jordan	30,852	23,983	34,074	34,656	32,503	26,838	39,329	47,482	36,009	71,284	81,698	73,649	85,797	
Kazakhstan	15,244	11,683	19,068	37,365	21,893	31,539	51,977	83,598	39,422	56,159	62,464	77,993	55,309	
Kenya	17,717	17,973	13,406	16,215	17,639	16,294	17,346	22,240	34,142	29,980	24,887	31,523	36,089	
Kiribati	668	176	224	182	155	910	0	211	17	43	21	0	536	
Korea, Democratic People's Republic of	11,468	11,689	12,354	11,182	11,044	4,861	6,120	4,351	4,867	11,657	982	1,115	176	
Korea, Republic of	273,004	336,357	337,273	477,717	498,021	523,971	655,329	708,616	559,753	681,292	715,865	792,799	763,894	
Kuwait	43,061	42,210	74,103	75,186	75,358	42,449	51,447	65,004	53,038	83,535	73,963	64,895	76,564	
Kyrgyzstan	950	682	381	2,738	824	891	1,086	1,015	1,230	1,235	2,283	3,624	2,357	
Lao People's Democratic Republic	476	349	4,908	526	3,989	315	2,182	2,137	2,477	344	17,291	1,211	2,929	
Latvia	128,033	143,222	156,036	185,270	204,461	287,078	417,201	355,371	207,454	211,725	283,818	305,596	307,668	
Lebanon	35,907	37,841	50,153	52,556	48,835	53,505	89,167	76,493	87,069	107,997	119,847	114,186	146,860	
Lesotho	511	529	615	1,062	275	81	8	91	185	24	94	111	142	
Liberia	4,853	25,117	72,915	8,797	11,593	128,231	5,315	289,778	6,760	8,701	5,851	6,685	8,157	
Libya	9,561	11,715	24,671	34,566	29,873	7,688	38,333	24,045	32,994	46,214	28,028	76,264	64,367	
Lithuania	228,243	250,954	284,300	274,200	276,582	357,902	494,186	489,533	310,296	320,767	487,989	451,931	493,012	
Luxembourg	119,984	148,464	46,009	48,088	59,789	46,919	57,656	65,803	50,578	54,355	65,815	60,613	54,409	
Macao, China	2,060	1,635	5,419	5,787	4,796	3,889	3,170	2,851	2,750	1,941	1,985	2,021	1,666	
Macedonia, The Former Yugoslav Republic of	9,000	4,084	4,405	6,685	6,690	9,012	10,702	10,247	10,713	26,217	21,293	20,655	42,525	
Madagascar	3,645	2,712	5,612	4,068	4,972	3,905	3,845	7,786	5,122	815	2,343	3,443	4,774	
Malawi	1,729	1,845	2,642	2,662	2,940	3,040	4,435	6,184	3,707	5,046	4,705	4,064	5,013	
Malaysia	98,654	92,898	93,715	87,370	92,488	81,078	104,307	120,074	119,797	163,543	204,649	205,103	220,167	
Maldives	3,815	2,177	2,013	4,240	3,224	3,192	3,045	5,986	3,122	4,282	4,309	4,364	3,728	
Mali	2,591	1,567	2,301	2,201	1,146	938	1,841	2,133	2,204	1,668	4,103	1,338	3,927	
Malta	21,877	25,212	26,592	38,204	30,247	35,436	68,491	187,274	120,301	59,477	57,179	43,603	74,363	
Marshall Islands	36,240	381	319	6,060	100,007	49	73	181,022	29,260	11,162	62,842	2,318	2,221	
Mauritania	479	3,374	5,441	1,411	1,416	8,605	403	7,764	1,182	5,803	18,251	2,672	2,937	
Mauritius	4,047	4,219	9,065	4,869	8,871	4,535	9,074	7,602	5,724	14,289	18,237	12,823	9,345	
Mayotte	13	86	50	94	114	33	274	161	79	62	6	15	111	
Mexico	104,170	107,922	133,481	131,550	142,313	144,703	170,289	275,307	258,920	435,261	368,647	381,121	362,102	
Micronesia (Federated States of)	0	1	48	3	54	0	0	100	4	0	0	0	72	
Mongolia	5,727	1,831	2,411	1,115	505	1,578	2,981	1,865	1,572	4,380	6,270	4,671	14,854	
Montenegro	0	0	0	0	0	858	2,243	1,703	1,267	2,063	1,344	705	893	
Montserrat	29	179	23	166	1,844	43	21	0	27	42	74	12	8	
Morocco	18,607	52,696	25,822	39,050	21,919	29,122	30,875	60,671	41,561	66,479	56,420	257,650	287,677	
Mozambique	3,907	5,029	7,446	5,743	3,947	3,226	2,819	14,735	1,948	3,310	1,686	8,225	4,655	
Myanmar	1,051	1,064	1,010	1,113	1,202	504	461	1,240	2,054	1,283	1,953	3,339	3,037	
Namibia	1,823	1,448	2,155	3,075	3,054	1,871	6,176	7,480	5,621	6,618	9,934	8,275	8,318	
Nauru	7	11	0	105	26	3	71	6	19	2	0	11	0	
Nepal	2,965	2,157	2,159	1,777	2,230	1,386	3,273	2,086	2,725	5,441	2,040	2,305	5,250	
Netherland Antilles	8,809	3,827	5,456	4,468	27,915	4,737	13,238	6,603	17,466	6,324	32,272	10,055	3,956	
Netherlands	2,207,180	2,408,990	2,880,278	3,928,491	3,922,478	4,123,879	3,974,955	4,335,992	4,380,580	4,454,485	5,228,910	4,756,340	5,029,368	
New Caledonia	2,103	2,478	2,535	2,964	3,229	4,700	3,966	4,513	4,939	5,207	6,724	5,585	5,265	
New Zealand	40,502	47,232	69,369	127,416	78,738	139,696	93,551	131,103	148,407	210,471	111,764	120,670	122,809	
Nicaragua	960	2,125	2,035	4,464	2,666	701	2,318	3,378	2,966	2,993	2,436	3,785	1,865	
Niger	702	728	837	2,044	5,033	1,880	1,314	1,044	1,265	4,457	1,302	1,930	2,039	
Nigeria	39,740	49,041	50,934	76,207	91,094	96,251	91,220	86,694	76,550	95,654	148,686	147,184	164,812	
Niue	11	29	15	0	3	8	0	1	0	0	0	0	0	
Norfolk Island	0	0	0	2	0	38	325	948	723	1,092	495	0	64	
Northern Mariana Islands	93	10	19	13	176	139	199	17	3	3	0	0	0	
Norway	2,746,353	3,371,813	3,652,249	4,119,327	4,317,796	5,040,658	5,944,484	6,906,301	5,532,858	5,778,581	6,773,118	6,853,591	7,212,225	
Oman	25,718	24,251	36,889	35,940	36,112	29,181	61,159	127,374	89,143	156,606	164,449	125,339	139,846	
Pakistan	20,215	35,760	28,492	48,717	97,436	63,977	64,952	71,037	58,921	66,766	66,110	81,695	75,121	
Palau	21	0	0	1	0	6	0	0	0	0	18	0	0	
Palestine, State of	806	884	990	1,235	763	313	1,072	622	1,404	1,166	1,576	3,121	3,397	
Panama	10,354	22,608	20,806	74,144	20,539	85,512	69,957	55,994	252,144	472,972	94,232	59,905	76,737	
Papua New Guinea	1,988	2,030	2,607	2,470	2,863	2,779	3,494	5,071	4,554	6,593	11,596	16,606	14,443	
Paraguay	1,153	649	710	1,163	1,166	951	1,314	3,780	1,685	3,503	4,026	3,903	4,100	
Peru	12,087	16,839	14,978	18,592	17,648	17,896	24,380	40,332	37,966	54,433	48,712	54,316	80,311	
Philippines	50,613	55,751	48,759	67,533	64,535	61,818	65,623	94,495	76,928	115,250	101,022	94,655	109,892	
Pitcairn	7	32	27	123	19	3	0	0	0	0	0	0	0	
Poland	815,399	833,981	947,636	1,081,660	1,320,006	1,617,629	2,137,149	2,572,367	2,139,005	2,311,595	2,927,601	2,577,214	2,766,895	
Portugal	210,995	235,087	239,573	630,536	447,239	366,018	403,068	458,368	418,413	416,256	398,813	319,968	375,670	
Qatar	12,329	14,430	17,008	17,552	27,119	25,246	56,066	89,826	78,611	91,862	84,625	80,803	94,353	
Republic of Moldova	2,159	5,232	2,861	3,730	4,026	5,063	7,411	11,877	8,753	10,565	9,662	11,190	10,879	
Romania	45,983	61,095	79,556	86,391	111,048	164,474	221,499	277,897	303,288	293,216	405,882	484,701	498,937	
Russian Federation	624,106	608,620	740,630	867,287	985,451	1,397,864	1,653,699	1,846,412	1,250,960	1,652,827	2,077,892	1,954,451	2,051,305	
Rwanda	2,049	3,551	2,914	3,491	2,101	916	781	1,036	10,681	4,952	1,895	3,367	1,004	
Saint Helena	64	79	71	28	3	2	55	7	0	2	0	0	0	
Saint Kitts and Nevis	819	10,678	11,491	2,996	3,018	2,273	2,567	353	663	8,149	1,096	794	681	
Saint Lucia	602	273	372	504	496	697	1,179	1,095	408	535	556	425	374	
Saint Vincent and the Grenadines	1,031	1,802	2,152	1,920	1,177	1,076	7,439	2,090	2,117	2,362	1,820	1,572	64,772	
Samoa	870	39	7	54	51	51	16	76	6	8	30	25	17	
Sao Tome and Principe	68	82	276	138	158	37	231	95	62	157	267	422	179	
Saudi Arabia	211,624	237,266	270,230	301,912	305,019	219,252	298,444	303,022	298,747	557,109	570,066	687,607	691,463	
Senegal	8,799	12,502	5,315	8,254	4,510	16,345	13,349	4,122	6,678	18,420	10,930	6,108	6,319	
Serbia	0	0	0	0	0	34,825	49,829	69,754	46,022	87,048	114,015	114,887	113,778	
Serbia and Montenegro	38,535	39,635	46,183	39,865	32,360	0	0	0	0	0	0	0	0	
Seychelles	2,305	2,773	3,006	2,996	2,812	1,606	1,731	1,424	1,968	3,225	3,803	8,842	7,088	
Ship stores and bunkers	0	0	0	0	0	0	0	0	374,396	231,012	408,013	0	0	
Sierra Leone	13,039	13,663	16,429	9,659	5,447	1,779	3,122	3,289	2,214	1,768	4,200	3,728	3,975	
Singapore	181,213	174,359	269,933	301,739	428,287	447,510	423,532	574,222	893,325	382,073	1,343,445	494,343	537,037	
Slovakia	47,824	57,496	90,085	92,119	110,906	162,400	224,158	317,228	257,779	296,618	373,102	303,693	293,425	
Slovenia	41,391	42,604	52,588	68,851	70,532	81,928	92,632	111,197	85,283	93,720	94,994	93,118	94,459	
Solomon Islands	40	15	117	55	130	707	332	706	0	157	146	427	52	
Somalia	469	390	183	168	127	99	59	240	60	416	769	539	1,198	
South Africa	85,996	93,770	102,423	125,163	142,658	170,278	227,778	218,149	196,113	240,700	294,545	301,776	407,815	
Spain	1,029,890	1,442,542	1,898,514	2,161,092	1,941,799	2,292,635	2,665,831	2,808,973	2,452,084	2,397,529	2,628,068	2,071,214	2,084,516	
Special categories	3,873,903	3,728,107	4,648,975	5,208,603	9,037,945	9,375,229	9,701,854	11,270,675	6,119,863	1,163,886	1,226,796	1,739,169	1,917,320	
Sri Lanka	12,443	12,940	12,168	19,207	33,685	27,214	18,273	23,564	13,989	28,935	24,801	40,203	49,636	
St. Pierre and Miquelon	258	46	66	28	49	24	36	225	21	6	14	8	12	
Sudan (North + South)	10,848	7,231	18,238	17,557	21,634	17,533	18,202	33,823	8,464	16,629	15,421	16,424	17,533	
Suriname	846	1,293	2,344	2,074	3,565	806	1,033	1,325	2,909	667	3,323	1,795	12,758	
Swaziland	552	613	279	352	344	127	230	1,590	360	257	1,080	258	110	
Sweden	5,679,507	6,232,996	7,875,014	9,280,374	10,602,982	12,236,435	14,460,985	15,927,736	11,727,541	12,872,789	14,133,175	13,904,137	13,432,323	
Switzerland	594,470	672,635	689,371	774,406	698,536	729,712	813,140	911,018	806,971	865,559	998,432	905,884	921,363	
Syrian Arab Republic	13,744	12,997	15,388	22,069	26,766	20,931	27,118	48,913	41,479	46,379	41,683	26,375	15,737	
Taipei, Chinese	161,411	171,550	174,167	191,436	162,842	201,406	204,232	234,203	212,584	254,704	291,789	277,789	273,239	
Tajikistan	1,616	1,953	3,374	1,283	2,629	862	911	3,462	489	4,036	543	835	1,042	
Tanzania, United Republic of	12,899	14,562	11,941	10,218	7,282	7,949	11,334	15,228	10,286	13,682	10,321	15,609	12,537	
Thailand	112,149	117,572	141,349	168,354	159,699	207,796	174,479	240,133	190,904	244,735	261,594	283,173	237,793	
Timor-Leste	17	27	22	56	44	47	193	104	51	688	543	184	127	
Togo	1,673	2,557	3,881	2,873	10,349	2,500	22,304	2,515	2,909	2,695	3,812	3,426	3,854	
Tokelau	367	319	451	1,039	1,063	521	357	479	21	2	0	0	4	
Tonga	61	142	174	62	20	6	116	293	138	20	26	0	736	
Trinidad and Tobago	1,542	1,528	2,580	5,022	3,578	9,292	7,277	13,041	11,306	4,435	5,697	14,985	8,620	
Tunisia	15,841	11,181	16,271	12,907	10,725	10,871	44,850	22,454	17,397	29,326	60,326	37,711	40,664	
Turkey	145,291	223,898	259,741	268,043	319,906	338,256	525,621	791,072	494,235	659,609	722,988	697,525	853,975	
Turkmenistan	1,282	617	1,347	1,358	2,866	1,733	4,158	1,215	2,318	5,586	6,019	8,862	8,458	
Turks and Caicos Islands	50	19	2	0	4	0	31	2	10	78	47	14	8	
Tuvalu	255	2	16	2	21	39	10	0	107	32	1	0	0	
Uganda	3,964	3,329	5,164	6,930	4,802	7,941	8,560	12,722	8,113	14,249	14,258	10,570	12,697	
Ukraine	86,612	103,983	154,838	170,728	198,754	250,979	284,455	311,650	191,892	238,680	306,301	334,208	390,569	
United Arab Emirates	145,669	171,707	196,457	227,253	216,672	236,119	297,110	401,587	275,465	381,364	425,352	404,990	422,654	
United Kingdom	4,585,481	5,125,525	5,066,392	5,972,891	6,203,055	6,983,587	7,448,659	8,950,050	7,658,481	7,767,482	10,491,873	9,842,375	9,603,637	
United States Minor Outlying Islands	1,152	2,126	1,710	2,017	903	1,670	2,071	1,952	3,458	25,558	6,133	6,248	4,094	
United States of America	3,030,189	3,267,246	3,688,367	3,892,794	4,318,351	5,174,597	5,647,078	5,806,510	5,070,235	5,784,217	6,563,396	6,971,664	6,822,837	
Uruguay	8,446	9,092	7,892	8,223	7,240	10,888	14,253	25,500	27,076	59,868	72,923	78,965	198,616	
Uzbekistan	8,443	5,978	5,176	3,058	1,814	3,190	6,886	6,487	6,087	11,758	5,212	11,566	9,539	
Vanuatu	26	44	15	48	21	31	209	446	236	109	191	117	155	
Venezuela	31,648	24,945	30,118	31,239	29,757	38,519	55,370	75,288	66,555	66,517	67,068	99,490	74,113	
Viet Nam	47,629	41,290	57,393	63,815	59,684	91,868	130,731	164,364	90,927	127,114	199,366	170,684	190,901	
Wallis and Futuna Islands	0	0	0	50	56	0	0	2	87	4	0	0	0	
Western Sahara	0	0	0	0	0	0	0	0	0	0	0	0	0	
Yemen	32,417	34,871	33,503	33,432	32,522	20,788	35,936	38,230	33,166	39,288	44,176	64,481	71,810	
Zambia	2,825	3,289	4,981	4,761	4,376	2,097	3,001	2,650	3,950	1,893	3,997	4,704	4,542	
Zimbabwe	5,106	3,809	4,902	3,523	3,016	2,761	2,234	3,357	1,714	5,740	4,729	8,958	5,956	
