List of importing markets for a product exported by Bulgaria (Mirror) Product: TOTAL All products
"Importers"	"Exported value in 2001"	"Exported value in 2002"	"Exported value in 2003"	"Exported value in 2004"	"Exported value in 2005"	"Exported value in 2006"	"Exported value in 2007"	"Exported value in 2008"	"Exported value in 2009"	"Exported value in 2010"	"Exported value in 2011"	"Exported value in 2012"	"Exported value in 2013"	
Total	5,305,232	5,887,178	7,236,456	9,672,141	11,378,981	14,645,232	16,581,554	19,671,652	15,213,820	18,920,562	25,116,879	24,246,037	27,031,874	
Afghanistan								70	67	125	34	0		
Albania	26,303	28,565	40,937	45,845	73,222	83,301	74,755	100,334	85,651	81,807	68,554	63,170	81,485	
Algeria	17,113	37,568	20,836	14,369	58,566	21,729	114,847	134,362	143,980	73,779	178,840	117,227	177,496	
Andorra	123	114	227	271										
Antigua and Barbuda					0		74		48	1	6	41	45	
Argentina	3,371	1,426	3,515	4,367	5,020	11,388	29,446	36,748	6,227	10,626	43,350	9,659	17,900	
Armenia	6,230	49,401	13,119	10,892	11,140	41,588	87,464	118,615	87,061	112,376	102,194	86,438	68,265	
Aruba					130				0	0	0	0		
Australia	4,098	6,512	10,642	13,953	17,709	18,313	21,669	39,115	21,614	37,279	38,572	42,982	42,742	
Austria	100,126	112,544	178,409	251,925	292,197	371,075	351,882	461,977	275,408	387,416	498,510	447,017	491,466	
Azerbaijan	12,146	6,676	4,800	5,581	4,551	15,474	10,184	17,091	8,629	12,930	35,908	25,975		
Bahamas	0	0	2	0	1,501	0	0	0	0	0	0	33		
Bahrain	276	622	446	389	2,617	639	1,003	1,419	584	631	1,772			
Bangladesh	6,945	231	703	11,756	1,413	11,963	5,208							
Barbados	89	46	24	171	20	62	26	30	22	42	131	43	21	
Belarus	11,444	12,067	12,704	18,437	21,804	30,921	34,818	54,160	36,839	40,434	51,726	40,137	56,817	
Belgium	287,194	303,766	483,400	631,803	713,373	1,002,039	1,145,073	1,254,598	1,061,583	1,002,244	1,532,374	1,071,759	952,687	
Belize	25	54	10	0	22	0	10	4	0	136	1,277	873	2,532	
Benin	25	238	21	15	1	71	144	616	80	138	86	152	85	
Bermuda												31	47	
Bolivia	15	11	279	12	62	113	104	195	101	676	401	592		
Bosnia and Herzegovina			6,618	13,375	69,418	159,410	26,516	62,828	50,518	36,834	50,548	49,090	51,625	
Botswana	0	572	162	347	805	6	122	1,401	131	1	5	27	338	
Brazil	10,373	18,142	24,125	60,600	73,683	44,000	46,823	109,383	29,120	40,460	79,755	80,106	32,929	
Brunei Darussalam	1	0	0	1		1				3	8	42	17	
Bulgaria	0	0	0	0	0	0	27,979	19,422	0	0	0	0	0	
Burkina Faso	7	0	73	447	91		9	160	297	419	993	498		
Burundi	0	14	153	0	7	67	19	118	5	24	31	31	59	
Cabo Verde	680	0	6	26	0	70	3		1,845	20	119	118	23	
Cambodia	2,176	0	0	0	2	27	16	189	1,371	4,030	153	29		
Cameroon	1,521	1,702	2,186	1,526	1,151	2,375	2,344	3,089	2,793	2,222	3,093	3,539		
Canada	38,815	44,215	47,369	62,942	73,721	98,134	112,558	110,117	104,911	64,701	152,430	200,528	166,410	
Central African Republic	0	0	0			425	2,265	1	5	126	8	71	24	
Chile	281	3,090	820	1,079	3,869	2,093	19,540	6,307	11,089	28,975	10,656	13,505	10,204	
China	28,463	21,475	58,733	67,141	89,119	81,851	158,004	216,782	140,997	322,999	459,982	840,157	966,991	
Colombia	2,888	6,487	7,762	6,683	9,106	7,114	7,822	8,019	4,431	9,193	8,120	8,468	7,987	
Comoros	0	0	0	0	0	0	7	0	40					
Congo							165	127	74	80	269	994	233	
Costa Rica	88	407	82	704	1,008	349	604	635	760	1,364	858	798	1,593	
Côte d'Ivoire	917	2,215	2,643	3,793	1,760	2,020	2,953	2,173	1,419	1,770	1,106	2,158		
Croatia	12,113	15,421	42,245	50,555	162,345	293,313	164,649	176,274	78,842	94,275	142,241	114,579	64,402	
Cuba	5,027	5,521	750	592	1,440	15,788								
Cyprus	14,763	12,833	17,062	21,888	42,905	77,015	61,932	120,394	65,973	42,208	56,217	61,783	56,800	
Czech Republic	26,540	39,517	60,205	88,203	86,330	104,796	144,991	173,512	144,261	176,072	266,195	259,650	309,846	
Denmark	31,089	27,266	30,021	38,326	42,045	38,435	29,662	46,895	42,338	69,886	116,126	107,060	116,152	
Djibouti									53					
Dominica	0	24	0	0	0	3	5	36	30	1	10	0		
Dominican Republic	689	1,036	655	1,525	1,922	1,475	400	409	618	850	2,367	1,552	2,127	
Ecuador	432	371	521	969	581	647	480	792	468	1,222	10,640	1,449	2,799	
Egypt	18,672	32,415	28,480	23,717	40,866	36,892	29,610	39,232	98,421	112,076	232,940	166,131	311,305	
El Salvador	516	756	1,129	2,422	1,207	158	91	352	258	319	788	600	1,283	
Estonia	4,573	3,495	5,748	8,548	10,817	6,792	4,631	7,805	5,652	7,165	9,901	20,683	17,382	
Ethiopia	2,016	1,224	3,491	1,573	1,099	295	4,437	93,463	45,723	55,638	24,084	5,371		
Faroe Islands	130	73	57	63	72	86	92	150	106					
Fiji		69	115	55	50	284	62	390	91	78	185	155		
Finland	10,200	15,560	15,702	19,715	21,730	74,281	57,978	55,357	25,010	32,264	44,827	40,241	49,795	
France	340,346	353,302	474,867	600,682	636,351	691,842	702,545	852,768	740,805	856,935	1,175,259	1,028,537	1,276,738	
French Polynesia	58	75	81	147	111	203	216	280	268	188	318	223	441	
Gabon	12	0	2	30	97	150	173	224	359					
Gambia	775	0	0	0	0	0	0	0	0	14	5			
Georgia	10,666	13,619	17,949	30,088	56,726	83,938	111,574	122,764	90,180	131,690	255,553	271,475	200,020	
Germany	616,373	685,134	933,070	1,196,130	1,330,641	1,775,497	1,977,774	2,093,399	1,930,820	2,302,466	2,947,302	2,790,977	3,576,890	
Ghana	952		181		664	4,271	2,295	12,919	196	602	1,181	11,349		
Greece	422,612	311,398	419,480	574,571	733,450	975,670	1,180,461	1,711,043	1,342,802	1,375,454	1,609,001	1,669,308	1,852,536	
Greenland	0	0	9	0	0	33	4	22	37	45	27	29	16	
Grenada	0	41	2	1	1	26	141	28						
Guatemala	833	1,751	338	125	1,163	746	640	2,710	1,036	807	915	1,046	997	
Guinea	134	143		307	254	79	166	195		276	134	519		
Guyana	2	60	0	57	337	3	171	87	0	1,330	2,989	1,879	2,614	
Honduras	7,162	780	804	1,943	2,061	662	3,159	846	4,961	487	158	782	349	
Hong Kong, China	3,945	7,759	3,580	5,605	4,296	10,656	17,474	31,577	23,312	51,828	66,190	48,739		
Hungary	42,216	45,764	69,588	90,696	94,710	126,995	129,023	158,755	136,338	201,947	280,677	248,246	325,883	
Iceland	686	915	1,212	1,343	1,484	1,994	3,183	2,680	1,475	1,788	2,126	2,169	3,192	
India	15,649	7,977	10,895	17,921	22,557	39,608	83,422	90,009	31,119	51,722	97,483	77,791	89,881	
Indonesia	4,333	6,814	9,221	20,179	18,779	19,978	11,611	16,296	18,943	37,969	35,058	28,220	51,782	
Iran (Islamic Republic of)	22,450	5,005	13,563	12,246	37,776	0				13,480	80,374			
Ireland	11,639	8,954	11,507	14,431	15,242	24,723	16,813	10,626	14,457	14,394	14,410	28,247	29,179	
Israel	22,961	32,376	35,147	46,121	48,350	48,054	63,846	52,041	42,014	60,615	62,221	56,933	115,940	
Italy	846,637	918,901	1,169,180	1,342,792	1,512,536	1,600,724	1,722,062	1,722,344	1,555,778	2,143,535	2,918,012	2,870,081	3,102,716	
Jamaica	88	48	30	9	28	0	105	13	2	33	254	133		
Japan	17,196	20,697	25,495	27,549	38,821	49,762	53,591	56,605	58,160	59,193	91,841	101,970	115,825	
Jordan	5,966	3,427	3,328	7,291		6,908	6,442	7,286	13,431	15,189	23,027	19,059	42,210	
Kazakhstan	6,381	5,940	8,532	14,675	20,566	24,703	99,530	40,911	23,581	84,473	30,709	47,030	64,877	
Kenya	1,260	615	2,449	7,145	4,540	25,358	2,719	3,750	13,332	3,434	4,849			
Korea, Republic of	9,745	14,861	18,065	19,829	24,032	56,574	36,859	63,897	40,436	117,024	140,398	184,457	171,890	
Kuwait	2,769	4,564	7,710	10,003		7,568	10,765	10,734						
Kyrgyzstan	339	303	682	764	1,222	1,030	1,617	1,889	2,623	2,260	3,849	5,514		
Latvia	8,404	8,701	8,986	9,917	7,398	10,479	17,655	17,784	15,078	19,460	25,746	32,437	32,660	
Lebanon	14,850	13,968	14,626	68,478	63,479	76,101	76,127	121,186	45,522	109,642	48,131	77,887	237,814	
Libya							1,683	11,126	4,446	27,011				
Lithuania	13,076	14,774	18,711	19,167	17,626	19,660	25,041	36,664	26,974	51,306	42,608	50,056	65,805	
Luxembourg	148	841	899	609	1,204	5,342	1,072	5,743	5,567	4,455	5,095	6,072	5,686	
Macao, China	25	61	73	232	152	303	218	230	503	1,363		1,211		
Macedonia, The Former Yugoslav Republic of	103,390	128,475	148,980	208,818	234,331	250,172	267,103		242,635	301,962	457,650	407,758	365,679	
Madagascar	348	10	38	145	25	62	297	14,822	737	259	308	583	897	
Malawi	135	50	71	352	25	105	68	143	230	1,517	1,424	1,764	1,972	
Malaysia	2,883	3,751	4,654	5,730	8,485	12,084	18,131	16,795	13,316	11,588	25,833	27,580	52,651	
Maldives	0	0	0	0	0	4	36	0	48	5	21	176	105	
Mali	42	7	7	63	37	35	64	857		455	91	594		
Malta	1,003	3,461	3,142	11,943	2,363	3,795	22,957	4,612	16,845	3,713	111,266	33,053	16,877	
Mauritania	928	2,583	4,446	4,997	1,704		5	181	0	5	79	290		
Mauritius	186	177	271	298	226	331	455	1,375	696	1,341	860	963	1,158	
Mayotte	11	0	3	9	6	5	45	98	103					
Mexico	19,414	32,145	22,554	26,775	46,569	47,252	33,860	30,658	25,558	36,589	51,884	50,489	61,149	
Mongolia	1,041		1,498	1,713	1,634	1,607	2,309						7,675	
Montenegro						8,068	9,822	14,596	8,228	8,502	9,269	11,589	12,523	
Montserrat	0	1	0	0	0	4	0	0	0			0	0	
Morocco	7,833	3,447	14,623	24,942	9,962	17,579	34,309	18,024	21,813	23,074	29,261	56,891	97,492	
Mozambique	109	47	19	69	162	338	268	529	1,355	1,495	1,660	396	2,263	
Myanmar										3,454				
Namibia	283	1,096	417	818	67	3	799	1,260	2,139	118	111	702	44,937	
Nepal			884						905	597	562			
Netherland Antilles					0	52	116	20						
Netherlands	102,545	118,451	126,209	141,649	147,542	194,881	213,769	322,685	262,626	260,785	478,040	383,862	578,553	
New Caledonia	105	116	210	259	283	240	345	595	530	364	1,401	493	500	
New Zealand	355	607	755	932	1,487	2,148	2,553	3,152	3,189	3,391	5,621	9,284	6,938	
Nicaragua	31	66	30	43	53	75	171	293	46	93	324	238	237	
Niger	21	67	718	144	615	1,963	1,390	1,618	1,061	1,676	4,377	473	1,328	
Nigeria	2,656	4,746	3,910			1,203	3,135	7,936	1,588	56,483	7,032	1,839		
Norway	11,916	14,118	18,386	22,302	27,363	27,698	35,378	69,642	41,562	46,198	59,884	62,450	76,511	
Oman	1,799	3,194	3	430	1,022	764	3,362	56,828	885	24,482	31,607	18,768	53,745	
Pakistan			5,417	3,862	5,957	40,469	33,107	186,982	54,398	20,274	19,558	21,982	10,489	
Palestine, State of							88	198	1,553	1,781	1,050	789		
Panama	1	7	40		156	130	381	377	474	151	405			
Papua New Guinea	101	184	275	89							80	4		
Paraguay	19	85	841	1,131	885	447	1,088	3,271	1,137	3,371	3,840	2,121	3,782	
Peru	3,607	3,205	1,133	915	6,848	2,599	1,491	5,371	3,680	5,102	6,762	7,442		
Philippines	807	1,307	1,877	6,519	7,343	16,194	9,569	5,906	3,388	13,572	35,553	25,321	69,750	
Poland	53,275	55,773	81,757	131,196	167,303	236,746	272,993	412,136	257,798	333,179	447,420	366,848	457,788	
Portugal	17,964	24,931	16,395	14,318	29,938	53,959	19,231	23,220	45,799	34,721	109,691	245,705	189,837	
Qatar	639	409	1,125	1,346	1,403	1,496	2,362	3,469	2,962	5,143	6,674	10,805	15,145	
Republic of Moldova	20,486	20,701	30,142	29,592	28,978	35,092	50,420	45,071	40,756	48,917	66,678	78,163	83,042	
Romania	148,720	146,030	228,677	348,844	394,314	484,448	835,819	1,433,915	1,313,413	1,900,085	2,198,363	1,965,470	2,023,252	
Russian Federation	138,983	135,839	162,331	201,093	241,065	331,655	414,792	639,297	423,645	539,886	689,050	694,031	702,092	
Rwanda	68	86	16	0	69	10	136	292	1,299	135	63	331	602	
Saint Kitts and Nevis	0	1	1	1	0	0	0	0	9	1	2			
Saint Lucia	7	43	7	4	40	83	14	0						
Saint Vincent and the Grenadines	4	0	4	2	1	2	17	58	44	13	4	38		
Samoa	3	0	0	0	0	0	0	0	2	0	0	0	0	
Sao Tome and Principe	0	0	0	0	0	0	6	0	0	0	0	0	0	
Saudi Arabia	22,936	27,201	13,790	21,058	28,057	23,619	62,815	92,607	36,296	85,937	206,001	168,564		
Senegal	2,716	142	590	653	1,551	558	1,316	542	829	873	6,051	4,550	9,599	
Serbia					202,956	421,070	586,664	746,561	397,654	580,892	480,110	501,191	439,170	
Serbia and Montenegro	153,260	111,110		225,580										
Seychelles	0	0	0		0	66		158						
Singapore	3,205	3,721	41,209	103,404	150,959	171,040	232,842	258,003	250,801	184,254	268,086	18,468	354,358	
Slovakia	8,705	11,283	19,130	33,710	48,031	85,335	107,293	100,986	61,881	98,677	124,672	134,852	176,211	
Slovenia	31,136	35,455	42,706	35,529	61,033	123,244	260,455	202,450	68,173	158,996	189,719	166,305	124,936	
South Africa	2,788	3,666	3,617	6,168	11,612	10,361	14,386	19,454	13,625	17,153	22,474	28,839	34,379	
Spain	181,941	224,322	198,397	339,973	442,519	557,409	346,398	420,245	478,585	473,842	642,609	647,959	620,291	
Sri Lanka	5,199	1,999	2,822	2,093	2,126	1,991	3,444	7,456	7,350	4,439	6,224	5,811		
Sudan (North + South)	3,799	6,964	10,539	9,996	23,629	5,094		7,876	16,817	1,513	5,500			
Suriname	1			0	2	0	4		14	103	85			
Sweden	27,388	30,397	40,721	47,646	56,581	69,628	100,226	97,551	103,298	89,676	123,562	99,286	116,168	
Switzerland	35,909	44,251	46,111	52,807	70,554	101,016	93,889	109,355	90,772	101,788	136,101	217,779	237,644	
Syrian Arab Republic	21,067	16,829	8,115	20,316	21,442	37,118	74,621	311,179	137,139	108,191				
Taipei, Chinese	12,581	17,118	24,340	29,838	27,578	24,143	22,609	24,500	16,671	28,616	45,773	37,422	39,025	
Tanzania, United Republic of	1,786	1,713	1,419	918	1,173	813	2,714	1,646	8,462	3,200	2,181	547	6,237	
Thailand	7,492	12,567	8,104	11,849	18,329	127,161	29,829	36,866	17,979	27,497	38,733	41,965	56,340	
Togo	36	25	21	16	42		58	101	77	25	196	117	5,179	
Trinidad and Tobago	57	103	658	252	206	97	41,575	28,388	92	221				
Tunisia	27,541	26,044	19,321	32,086	39,502	77,407	62,670	127,949	105,222	49,255	60,840	125,257	247,106	
Turkey	393,516	506,742	689,462	959,471	1,190,079	1,663,425	1,951,656	1,840,008	1,117,128	1,702,444	2,474,620	2,753,836	2,760,274	
Uganda	45	78	29	398	702	6,352	3,124	6,692	8,157	1,463	2,944	721	1,765	
Ukraine	64,780	57,835	59,640	74,448	108,688	130,410	169,583	239,353	151,763	217,998	269,655	280,534	300,975	
United Arab Emirates					50,618		21,134	30,981						
United Kingdom	143,531	365,610	227,023	290,584	314,267	381,986	465,591	434,057	281,522	350,294	469,739	418,475	577,330	
United States of America	367,081	366,373	477,911	545,457	492,966	495,182	453,060	416,926	240,871	273,604	433,635	520,134	549,082	
Uruguay	679	3,376	2,148	1,276	911	463	5,913	1,284	2,924	4,135	4,865	9,040	4,704	
Vanuatu						0	0		1	0	4			
Venezuela	2,105	984	1,960	2,613	963	1,795		24,827	3,343	2,122	315	1,762	2,903	
Viet Nam	2,753	2,289	7,249	2,697	5,719	7,386	10,267	16,045	28,865	49,202	42,242	21,666		
Yemen				668	382	313	21,400	6,170	670	723	106	329		
Zambia	279	205	309	10	229	277	25	400	62	202	798	730	520	
Zimbabwe	21	251		1,600	163	157	79	177	226	420	991	2,695	856	
