List of importing markets for a product exported by Hong Kong, China (Mirror) Product: TOTAL All products
"Importers"	"Exported value in 2001"	"Exported value in 2002"	"Exported value in 2003"	"Exported value in 2004"	"Exported value in 2005"	"Exported value in 2006"	"Exported value in 2007"	"Exported value in 2008"	"Exported value in 2009"	"Exported value in 2010"	"Exported value in 2011"	"Exported value in 2012"	"Exported value in 2013"	
Total	49,928,788	53,602,637	58,411,157	65,302,825	68,167,114	72,200,609	74,779,857	80,727,786	62,564,995	73,899,849	81,447,709	77,331,544	68,970,271	
Afghanistan								6,009	2,759	3,351	7,405	0		
Albania	528	459	812	512	1,231	3,518	2,605	7,251	11,074	3,069	1,913	1,755	1,346	
Algeria	7,981	19,261	17,279	25,789	26,669	14,276	6,759	8,986	24,289	10,166	13,029	10,634	5,606	
Andorra	1,709	2,376	2,304	1,563										
Anguilla	31	0	54											
Antigua and Barbuda					298		2,029		844	943	863	834	823	
Argentina	43,178	11,538	22,087	27,921	302,337	30,575	33,507	38,537	20,268	28,778	38,172	31,758	28,294	
Armenia	2,226	795	1,329	1,273	1,257	1,568	1,928	8,190	1,833	1,006	3,105	3,154	2,226	
Aruba					3,463				5,559	6,113	5,628	6,104		
Australia	733,237	722,548	749,368	935,024	1,014,815	1,245,246	1,162,384	1,220,605	960,380	1,022,956	1,173,821	1,233,536	1,173,729	
Austria	363,810	134,752	158,232	200,660	186,010	224,145	209,583	213,657	102,661	90,556	99,500	72,021	77,734	
Azerbaijan	3	43	4	60	1,681	1,153	291	1,179	433	736	2,178	3,212		
Bahamas	1,612	1,977	1,709	1,060	2,508	2,619	4,769	1,090	1,768	1,839	2,857	3,478		
Bahrain	25,170	24,113	24,292	27,118	26,493	19,626	14,725	24,754	10,137	14,462	17,945			
Bangladesh	533,828	409,764	459,241	419,439	391,755	244,610	290,357							
Barbados	2,992	3,778	3,004	1,679	5,498	7,280	4,860	6,824	4,371	3,860	4,920	3,347	4,246	
Belarus	0	0	0	0	1,283	728	1,213	3,053	1,990	3,189	3,659	1,382	2,513	
Belgium	695,814	977,630	566,048	837,630	914,882	953,333	920,377	1,016,204	897,001	832,925	1,278,044	1,323,760	1,669,211	
Belize	2,082	666	705	836	1,052	4,232	6,076	5,320	3,171	9,504	5,229	4,471	5,327	
Benin	2,325	2,631	1,642	918	4,641	11,132	9,869	19,557	22,318	8,676	6,369	22,480	20,340	
Bermuda												1,156	920	
Bhutan					1,039	498	1,316	2,339	2,335	3,724	2,883			
Bolivia	1,412	1,044	1,162	2,181	2,156	2,816	3,045	3,432	3,837	5,453	8,149	12,138		
Bosnia and Herzegovina			2,604	3,106	2,737	2,797	3,692	4,885	3,025	4,004	2,530	2,043	2,282	
Botswana	2,174	5,665	13,646	8,612	12,664	18,461	21,915	18,245	21,191	16,707	13,690	12,124	20,252	
Brazil	348,069	295,314	250,153	337,203	385,739	664,100	599,189	785,276	529,340	723,354	999,328	860,913	841,854	
Brunei Darussalam	56,216	61,369	81,590	73,163		55,407				29,197	26,173	44,377	40,010	
Bulgaria	11,088	16,350	22,060	21,841	21,737	32,475	38,724	43,739	55,372	71,365	66,189	74,344	72,446	
Burkina Faso	420	438	827	891	756		1,107	1,379	921	1,589	1,503	907		
Burundi	1,356	620	189	80	410	355	214	740	2,997	1,774	1,678	947	1,320	
Cabo Verde	0	50	167	279	302	162	83		97	0	99	19	1	
Cambodia	294,296	371,645	413,672	410,149	450,413	541,234	684,502	588,396	484,655	553,303	479,378	495,420		
Cameroon	4,454	5,448	10,381	12,481	9,379	9,180	11,529	5,636	4,265	1,740	4,051	5,155		
Canada	793,301	634,598	613,848	553,298	461,647	452,380	497,034	437,462	320,254	341,923	321,788	280,062	249,213	
Central African Republic	75	48	88			4,445	0	114	300	176	197	315	495	
Chile	0	0	96,140	137,994	148,025	165,729	90,439	79,959	55,380	76,458	109,385	135,288	121,819	
China	9,422,498	10,726,243	11,118,661	11,796,722	12,224,784	10,779,763	12,804,324	12,915,846	8,711,579	12,260,255	15,492,483	17,895,804	16,224,103	
Colombia	42,262	45,630	37,827	22,953	48,109	57,962	84,897	102,401	60,950	70,283	77,685	95,920	102,400	
Comoros	5	0	22	9	0	577	850	0	5,548					
Congo							6,838	4,840	4,981	4,826	3,553	2,831	1,547	
Cook Islands					229									
Costa Rica	41,244	42,917	48,646	57,141	40,628	63,786	64,850	71,882	53,138	49,061	60,044	53,806	59,064	
Côte d'Ivoire	914	1,266	759	698	1,280	1,071	1,224	3,131	1,586	3,220	1,046	4,315		
Croatia	10,352	21,179	27,657	28,179	24,330	29,748	32,999	26,414	18,023	15,184	15,560	12,586	26,101	
Cuba	17,594	14,173	15,637	7,087	6,560	7,754								
Cyprus	28,121	31,772	35,614	36,251	26,615	24,584	29,792	33,825	22,173	20,192	20,421	17,482	14,733	
Czech Republic	62,793	68,047	106,756	162,252	174,624	156,210	117,083	97,151	62,613	89,709	126,926	105,781	160,567	
Denmark	229,445	222,521	241,709	357,773	405,594	471,093	397,132	327,970	203,316	181,278	162,202	142,666	113,664	
Djibouti									250					
Dominica	192	186	105	238	475	339	331	295	220	229	128	159		
Dominican Republic	22,816	30,212	30,882	30,212	35,148	39,651	55,734	61,954	37,072	46,764	85,741	54,848	83,114	
Ecuador	18,659	37,223	22,348	7,303	18,108	17,274	12,574	136,229	140,643	163,759	33,917	229,276	45,650	
Egypt	42,182	46,946	25,950	27,722	62,070	41,281	84,955	60,745	72,083	126,523	94,265	102,873	84,800	
El Salvador	29,579	24,798	23,147	27,744	137,757	153,424	115,768	75,874	38,828	54,213	87,486	100,165	95,257	
Eritrea			76											
Estonia	11,165	23,487	23,815	33,214	36,974	44,890	54,279	36,443	19,695	18,982	19,386	17,360	17,551	
Ethiopia	267	612	939	3,853	7,630	3,545	2,421	3,857	2,263	34,361	3,730	2,740		
Faroe Islands	925	869	1,116	1,023	1,029	1,472	1,634	3,420	934					
Fiji		21,586	32,409	30,316	20,733	30,605	24,973	45,282	30,578	29,755	38,017	46,323		
Finland	111,755	86,766	113,595	145,735	120,305	112,979	110,557	112,428	54,267	59,938	67,251	51,244	53,792	
France	620,762	577,930	684,975	748,809	717,880	751,674	716,444	820,349	515,157	601,891	704,125	772,092	685,331	
French Polynesia	7,242	5,774	7,350	6,730	9,208	8,085	7,617	7,919	7,155	8,352	7,700	7,983	11,103	
Gabon	2,149	0	1,460	3,069	3,067	3,720	4,958	8,670	16,375					
Gambia	3,726	2,158	3,910	8,619	8,875	6,633	6,497	6,248	3,933	1,436	2,477			
Georgia	339	249	253	515	1,249	2,287	4,399	22,745	29,768	24,082	33,309	39,929	56,104	
Germany	2,128,888	2,009,346	2,314,283	2,472,464	2,500,666	2,960,965	2,580,578	2,527,882	1,668,957	2,037,761	2,367,154	2,071,029	2,086,587	
Ghana	25,497		29,275		32,785	25,320	42,815	39,109	67,720	44,627	77,714	109,846		
Greece	50,886	80,929	93,735	83,981	136,295	88,183	137,224	112,085	82,629	78,009	52,054	74,485	40,368	
Greenland	0	0	886	0	0	864	296	560	576	709	431	396	261	
Grenada	264	172	308	358	461	451	477	376						
Guatemala	25,477	26,408	46,954	61,994	68,535	73,403	144,386	164,274	32,734	144,711	169,353	193,673	194,108	
Guinea	6,013	8,940		5,697	5,270	2,219	2,890	2,938		10,462	6,488	5,496		
Guyana	953	1,847	711	1,574	2,942	3,932	5,243	2,640	2,219	3,970	4,614	7,508	4,514	
Honduras	4,760	13,888	14,142	17,512	22,152	37,436	29,037	23,627	11,760	14,666	23,307	12,417	5,476	
Hungary	123,824	208,679	299,624	660,339	942,204	1,129,553	1,687,268	1,306,420	970,761	1,447,494	1,131,418	787,615	671,302	
Iceland	7,496	7,442	7,817	8,481	11,076	14,649	23,631	15,602	7,275	9,356	8,751	6,733	8,316	
India	716,936	926,493	1,357,624	1,580,739	2,101,177	2,472,397	2,820,774	4,998,197	5,293,155	7,772,479	11,815,428	7,626,615	7,732,617	
Indonesia	257,311	240,666	222,207	266,711	291,122	346,401	442,556	2,367,619	1,698,135	1,860,417	2,465,243	1,930,213	2,092,392	
Iran (Islamic Republic of)	9,853	8,946	25,443	39,832	33,684	50,744				122,354	196,839			
Ireland	476,852	467,641	431,266	616,230	601,119	421,838	523,266	545,570	393,727	311,533	196,133	101,097	104,430	
Israel	805,698	1,194,273	892,747	1,178,415	1,277,664	1,527,564	1,747,469	1,813,599	1,111,555	1,398,580	1,856,121	1,563,899	1,232,558	
Italy	353,571	403,293	552,740	699,638	645,647	728,076	701,344	612,407	434,209	509,895	465,197	359,065	310,433	
Jamaica	7,877	10,969	12,838	15,996	14,562	23,638	25,374	33,393	18,364	27,832	24,160	26,389		
Japan	1,457,383	1,422,996	1,347,068	1,626,115	1,571,071	1,520,430	1,449,379	1,557,905	1,103,341	1,523,306	1,544,445	1,523,396	1,605,164	
Jordan	30,846	42,449	38,343	46,871		74,243	49,676	60,934	40,097	20,122	13,631	11,413	12,826	
Kazakhstan	596	180	760	2,135	4,996	6,996	3,579	4,605	2,422	3,579	1,606	1,001	5,684	
Kenya	12,785	9,999	13,417	12,626	62,036	57,251	54,122	62,224	37,893	54,167	47,488			
Kiribati					361		662	752	656	809	906	1,258		
Korea, Republic of	1,227,618	1,695,040	2,735,391	3,268,150	2,043,014	2,101,224	2,142,310	2,222,672	1,487,091	1,945,894	2,314,990	2,058,387	1,929,238	
Kuwait	16,374	18,583	21,035	27,619		25,824	29,000	23,174						
Kyrgyzstan	1	0	2	8	32	74	25	26	163	84	651	13		
Latvia	2,213	2,946	5,941	8,517	10,492	16,525	21,648	25,845	12,900	18,962	16,372	19,551	37,957	
Lebanon	9,353	8,922	7,147	9,247	8,348	10,105	8,920	10,366	8,188	8,967	10,908	10,042	7,058	
Lesotho	1,398	37,060	70,450					0	0	11,602				
Libya							2,396	1,638	744	0				
Lithuania	8,040	32,839	17,308	7,561	9,127	10,132	10,413	13,878	8,852	12,764	10,410	7,588	9,657	
Luxembourg	27,637	33,086	54,258	58,198	69,468	151,920	163,362	105,110	89,298	67,152	21,777	71,837	61,510	
Macao, China	331,156	368,219	348,443	367,726	390,261	465,273	542,393	544,458	505,397	578,332		1,026,956		
Macedonia, The Former Yugoslav Republic of	1,495	1,421	2,434	2,953	2,582	1,739	13,829		2,502	2,923	2,877	4,025	2,752	
Madagascar	14,637	1,397	29,587	23,809	27,489	17,602	18,899	11,747	91,264	62,580	5,424	3,129	4,202	
Malawi	1,880	3,364	5,265	4,054	5,896	13,480	8,003	15,129	23,677	23,326	56,114	15,866	13,966	
Malaysia	1,892,372	2,322,725	2,238,969	2,814,364	2,831,495	3,450,594	4,220,755	4,057,013	3,074,284	3,948,173	4,440,759	4,309,997	3,332,308	
Maldives	4,393	9,029	9,641	10,418	7,951	7,866	7,197	15,285	7,867	12,414	11,167	11,381	22,258	
Mali	8,328	6,256	11,182	15,506	9,282	5,667	4,220	5,471		2,426	1,125	2,391		
Malta	15,673	17,716	16,240	15,255	18,030	21,537	17,257	16,804	17,755	15,996	22,253	25,943	22,660	
Mauritania	1,125	646	768	1,936	565		0	0	0	0	4,162	2,042		
Mauritius	47,205	40,080	37,616	27,960	22,051	18,806	18,738	18,843	16,838	17,326	18,966	49,988	22,633	
Mayotte	194	128	174	113	96	465	45	33	104					
Mexico	441,570	508,656	516,334	407,334	551,686	614,128	560,679	532,822	296,198	343,564	342,883	338,755	289,243	
Mongolia	16,339		23,877	32,279	12,231	11,201	22,903						24,322	
Montenegro						1,104	2,248	2,676	954	1,072	1,016	881	761	
Montserrat	1	0	8	16	7	22	10	9	15			0	16	
Morocco	26,534	24,438	37,743	30,181	29,724	23,482	27,311	28,869	26,029	26,060	46,780	28,138	24,961	
Mozambique	1,157	2,085	5,046	16,528	7,887	7,124	8,407	8,455	11,314	11,414	25,558	25,047	30,057	
Myanmar										5,073				
Namibia	2,365	465	1,501	1,269	4,841	14,149	8,996	13,918	21,069	13,932	12,129	11,074	18,111	
Nepal			33,000						20,825	20,034	10,146			
Netherland Antilles					7,227	10,123	16,239	14,480						
Netherlands	1,289,802	1,180,055	1,375,487	2,015,983	2,207,322	2,422,196	2,213,321	2,584,456	2,907,836	3,161,242	2,814,889	2,685,816	2,635,481	
New Caledonia	3,734	4,268	4,525	5,362	6,431	5,904	5,246	7,919	6,611	7,014	9,127	7,741	8,641	
New Zealand	65,717	65,202	89,529	122,907	134,783	127,537	154,389	143,619	100,619	104,642	122,252	123,215	116,257	
Nicaragua	3,401	3,847	3,821	4,279	3,910	5,047	5,032	4,790	5,200	4,432	4,597	10,990	5,082	
Niger	390	342	149	110	150	276	369	196	651	347	3,613	737	187	
Nigeria	96,402	108,679	152,709			264,095	296,077	603,827	423,003	299,758	459,534	133,486		
Norway	108,409	122,140	166,900	229,071	249,882	247,428	254,498	252,625	210,460	234,729	180,235	152,380	124,990	
Oman	13,627	11,131	8,850	8,582	15,731	25,973	24,235	39,386	72,184	48,110	12,965	23,385	68,367	
Pakistan			192,827	95,647	153,991	171,952	205,773	162,967	92,290	109,107	98,654	122,758	109,012	
Palau												491		
Palestine, State of							2,661	2,457	4,227	2,320	2,272	2,320		
Panama	20,305	19,915	17,491		20,805	1,278,190	1,333,489	1,416,310	870,276	756,389	701,359			
Papua New Guinea	10,827	8,957	11,205	11,152							122,167	110,952		
Paraguay	14,422	9,404	8,231	8,446	7,688	12,125	17,798	17,788	23,183	25,727	33,057	33,705	41,309	
Peru	12,460	12,627	15,136	21,885	19,342	14,558	16,470	21,602	17,387	22,609	15,762	20,574		
Philippines	1,423,499	1,685,382	1,712,032	1,826,095	2,021,357	2,197,031	2,325,761	2,101,577	1,547,584	1,566,119	1,609,074	1,552,595	1,371,296	
Poland	38,230	35,008	52,193	52,822	71,862	110,278	184,944	212,641	80,075	218,592	167,861	215,560	284,376	
Portugal	26,017	22,166	25,852	36,965	38,135	38,272	55,722	73,447	39,893	44,554	38,204	109,827	52,060	
Qatar	18,385	36,727	14,961	10,775	13,766	18,033	22,564	36,472	25,137	25,891	23,596	16,477	17,029	
Republic of Moldova	321	372	236	311	642	1,162	1,425	2,289	1,218	1,522	1,830	1,542	2,491	
Romania	15,539	26,277	25,822	22,964	29,934	36,602	26,961	30,177	16,656	16,170	17,810	16,494	14,495	
Russian Federation	14,891	10,041	7,567	10,148	18,587	86,232	105,330	56,331	37,702	61,843	81,978	88,885	172,696	
Rwanda	429	1,234	200	1,069	1,762	1,374	2,709	3,451	1,588	5,479	14,630	25,473	28,554	
Saint Kitts and Nevis	107	86	85	89	155	546	1,393	1,741	741	582	128			
Saint Lucia	528	960	1,117	372	740	560	1,411	1,576						
Saint Vincent and the Grenadines	225	158	275	515	618	1,082	926	1,073	819	548	359	590		
Samoa	1,320	1,200	1,491	968	1,656	6,482	7,878	1,359	2,317	5,176	6,254	3,531	6,337	
Sao Tome and Principe	0	0	0	44	0	0	0	0	661	200	0	0	56	
Saudi Arabia	24,041	21,553	96,021	38,744	150,260	47,833	39,183	60,643	40,048	63,941	64,901	50,289		
Senegal	4,802	4,630	5,179	7,212	5,695	6,381	7,856	17,214	5,309	5,024	3,835	6,165	8,102	
Serbia					4,782	7,834	11,572	15,436	17,733	14,700	8,629	5,895	6,646	
Serbia and Montenegro	1,507	2,845		4,217										
Seychelles	1,359	1,464	1,823		1,242	2,257		5,415						
Sierra Leone		3,575												
Singapore	2,784,609	2,835,704	3,089,115	3,651,931	4,208,092	4,099,305	3,857,634	3,481,156	2,686,463	2,940,126	3,178,382	2,910,433	2,948,352	
Slovakia	16,224	20,071	23,709	43,131	40,724	41,377	53,965	101,545	46,143	46,949	64,191	64,755	37,182	
Slovenia	12,843	12,930	15,509	17,215	19,598	25,338	26,995	25,676	10,679	11,148	13,365	8,826	7,623	
Solomon Islands								3,023	1,580	2,654	4,493			
South Africa	241,111	223,152	306,188	417,901	390,613	394,326	398,310	328,171	233,980	269,920	268,066	249,953	241,738	
Spain	251,900	281,501	317,786	358,262	549,085	675,783	649,877	684,034	368,276	396,519	436,719	394,831	399,476	
Sri Lanka	501,066	490,776	559,642	618,269	647,748	659,061	724,211	694,227	515,919	580,390	717,158	584,043		
Sudan (North + South)	4,707	1,567	12,887	22,276	66,953	17,174		2,660	5,047	4,261	3,369			
Suriname	0			4,841	4,507	4,018	7,875		5,861	6,390	7,203			
Swaziland	36,104	4,520	13,397	18,895	11,844	19,805	2,198							
Sweden	771,151	783,914	881,256	942,571	1,060,516	1,188,062	1,271,248	1,306,078	1,047,085	409,482	1,328,971	1,208,524	1,178,397	
Switzerland	402,670	695,446	681,889	884,813	1,345,170	1,162,576	992,210	1,337,836	1,016,247	1,572,522	1,974,931	1,918,696	1,967,955	
Syrian Arab Republic	0	0	480	398	289	1,389	1,509	1,955	1,562	457				
Taipei, Chinese	1,847,282	1,738,296	1,701,894	2,071,961	1,886,543	1,879,982	1,827,633	1,490,215	1,122,728	1,627,978	1,675,690	2,656,822	1,662,730	
Tanzania, United Republic of	7,041	7,910	9,996	6,962	8,586	8,266	11,316	18,222	31,391	24,079	31,794	53,327	36,185	
Thailand	824,830	909,652	1,073,963	1,331,110	1,501,821	1,558,347	1,449,436	1,948,874	1,730,069	1,817,531	2,339,385	1,731,474	1,624,614	
Timor-Leste				314	415									
Togo	6,378	7,260	10,134	14,267	12,121		4,076	5,699	4,043	3,075	4,058	2,017	1,187	
Tonga	163	199	337					2,261	1,469	1,293	1,133	1,961		
Trinidad and Tobago	4,943	3,020	4,401	5,232	4,471	7,202	9,603	7,082	5,202	15,400				
Tunisia	12,836	11,877	12,172	21,974	16,302	21,647	41,474	45,172	46,483	40,063	41,181	33,329	25,430	
Turkey	102,223	114,201	113,605	128,516	120,309	142,305	164,134	193,273	100,108	118,246	99,801	111,857	97,305	
Turks and Caicos Islands	0	0	0	0							0	49		
Tuvalu		29												
Uganda	19,652	17,447	16,805	13,377	16,511	20,513	40,073	46,865	37,097	35,555	45,726	49,332	53,288	
Ukraine	4,694	4,166	5,186	5,690	10,312	23,663	26,828	37,903	16,648	30,569	28,495	20,005	29,910	
United Arab Emirates					580,456		731,114	1,328,198						
United Kingdom	2,811,151	3,391,992	5,194,887	5,108,075	4,857,763	7,059,047	6,125,024	6,575,336	9,759,599	9,231,185	5,172,625	3,964,581	3,144,937	
United States of America	10,074,059	9,772,297	9,284,385	9,781,562	9,298,214	8,281,929	7,320,064	6,706,329	3,682,878	4,439,366	4,412,291	5,554,892	5,752,024	
Uruguay	24,102	9,573	6,882	9,888	11,681	16,081	18,942	25,043	24,134	25,622	29,069	26,720	29,027	
Vanuatu						2,805	2,077		2,902	2,632	3,508			
Venezuela	150,956	80,112	31,465	59,132	146,119	196,702		289,150	280,304	235,668	217,059	343,497	412,861	
Viet Nam	537,605	804,766	990,879	1,074,297	1,235,014	1,440,802	1,950,673	2,633,317	825,638	860,383	969,748	969,504		
Yemen				1,711	1,716	2,074	1,672	1,619	1,112	425	532	354		
Zambia	2,538	3,039	8,791	7,416	10,158	12,343	15,312	34,538	21,406	25,542	35,970	64,396	50,297	
Zimbabwe	6,057	18,854		8,468	10,490	10,241	13,881	13,370	12,068	33,555	39,166	45,601	58,695	
