List of importing markets for a product exported by Greece Product: TOTAL All products
"Importers"	"Exported value in 2001"	"Exported value in 2002"	"Exported value in 2003"	"Exported value in 2004"	"Exported value in 2005"	"Exported value in 2006"	"Exported value in 2007"	"Exported value in 2008"	"Exported value in 2009"	"Exported value in 2010"	"Exported value in 2011"	"Exported value in 2012"	"Exported value in 2013"	
World	10,402,391	10,327,361	13,655,066	15,246,706	17,434,447	20,942,762	23,504,156	25,509,362	20,052,541	21,749,990	31,711,070	35,179,710	36,259,499	
Afghanistan	342	373	210	436	719	673	271	89	27,033	2,966	3,031	4,920	1,592	
Africa not elsewhere specified	99	34	3	93	0	48	196	155	332	766	691	19,227	21,041	
Albania	350,798	321,712	358,308	415,180	431,980	469,939	620,767	556,791	542,710	523,230	592,425	537,090	456,010	
Algeria	50,534	42,115	39,528	46,890	49,686	222,870	111,320	182,850	231,375	285,288	495,879	507,359	468,112	
Andorra	15	11	27	104	49	165	184	262	61	124	181	292	266	
Angola	166	777	823	1,522	2,354	1,968	1,505	62,013	14,394	822	1,449	6,614	9,440	
Anguilla	0	126	11	0	259	48	70	17	0	8	0	0	5	
Antigua and Barbuda	3,125	4,805	3,527	846	2,859	3,048	7,279	7,568	5,929	5,363	2,514	103	0	
Area Nes	12,179	579,999	6,646	5,959	17,127	1,781	3,269	4,652	2,335	4,056	4,287	402	1,092	
Argentina	5,802	2,653	5,418	9,724	11,232	7,544	6,999	8,405	7,483	4,822	37,762	6,754	11,177	
Armenia	12,423	12,756	24,316	27,902	31,960	22,727	27,719	20,521	12,014	11,885	13,041	11,860	14,214	
Aruba	255	123	177	122	27	6	15	50	17	4	8	0	164	
Australia	53,312	60,287	87,755	97,363	97,925	99,363	97,160	111,199	96,055	120,896	141,851	157,867	161,098	
Austria	68,895	74,794	117,827	158,525	154,031	169,239	200,322	206,992	191,679	214,627	268,685	216,761	269,939	
Azerbaijan	12,030	6,811	11,672	8,645	4,057	5,141	10,057	9,617	10,677	12,833	10,995	14,242	11,278	
Bahamas	19,145	15,913	4,979	5,047	8,959	12,570	7,539	10,754	3,141	10,230	7,430	565	658	
Bahrain	5,040	2,977	3,383	4,195	5,098	4,771	13,365	9,482	6,049	13,363	7,431	9,491	7,811	
Bangladesh	6,669	5,241	6,514	3,727	3,520	7,202	4,444	7,308	6,317	4,784	12,013	11,126	20,242	
Barbados	57	78	106	94	533	927	311	2,867	640	146	270	5	34	
Belarus	2,594	3,389	10,170	5,228	7,618	7,872	11,602	13,354	12,001	11,359	10,934	15,305	18,299	
Belgium	105,088	109,239	204,473	242,563	237,802	269,502	379,416	327,733	310,001	317,957	394,418	414,557	389,312	
Belize	351	313	189	7	1,431	418	279	402	234	52	780	1,113	1	
Benin	608	136	358	682	3,337	3,046	6,578	2,654	1,670	87	22,873	14,123	7,705	
Bermuda	517	461	51	21	840	2,069	373	5,496	2,591	2,705	55	25	202	
Bhutan	0	0	0	14	0	0	0	0	19	0	0	44,660	0	
Bolivia	335	108	152	158	121	167	67	161	47	306	987	323	2,957	
Bosnia and Herzegovina	11,694	12,340	18,815	25,047	26,401	23,027	36,122	55,838	61,260	59,278	72,208	105,726	103,538	
Botswana	460	120	239	275	250	400	385	401	332	269	73	30	468	
Brazil	18,662	18,435	23,801	28,861	28,157	57,529	48,766	55,721	33,069	26,218	47,833	96,366	164,220	
British Indian Ocean Territories	791	7,969	146	107	40	611	0	0	0	135	0	0	0	
British Virgin Islands	1,523	2,258	190	1,528	2,911	21	1,063	79	0	3,224	317	3,895	21,611	
Brunei Darussalam	10	3	1	21	49	24	122	200	740	104	258	81	162	
Bulgaria	569,689	553,234	833,085	967,041	1,014,015	1,323,724	1,521,303	1,820,488	1,348,679	1,405,913	1,724,244	1,944,883	1,852,225	
Burkina Faso	344	218	149	99	17	95	90	4,760	13,180	10,846	13,291	3,568	2,675	
Burundi	391	151	82	164	293	146	120	28	521	88	161	62	172	
Cabo Verde	54	36	4	35	10	49	0	0	32	9	3	62	95	
Cambodia	2,904	3,236	604	633	876	1,301	1,017	1,615	1,694	1,307	841	194	33	
Cameroon	5,964	3,675	8,156	3,936	7,590	2,957	10,731	12,644	26,020	9,868	6,737	21,056	15,903	
Canada	75,709	70,008	79,977	91,578	108,206	99,583	101,185	117,556	101,228	122,460	238,882	131,002	117,641	
Cayman Islands	1,276	2,169	1,002	607	58,044	1,415	908	4,080	121	133	123	1,219	129	
Central African Republic	14	22	0	91	67	21	90	505	0	0	1	0	21	
Chad	104	136	88	44	7	81	0	35	0	57	56	111	198	
Chile	5,446	12,154	2,520	3,865	26,420	8,843	8,831	17,867	8,575	7,457	8,132	40,179	14,179	
China	44,108	56,761	60,881	72,731	100,440	156,326	151,809	153,757	129,378	210,280	405,588	491,112	557,215	
Christmas Islands	0	0	0	0	62	0	18	0	0	0	0	0	0	
Colombia	1,877	1,568	1,336	473	8,445	1,371	2,789	2,638	1,190	2,073	4,838	8,068	9,449	
Comoros	944	528	122	417	1,151	1,770	902	859	358	380	1,104	0	0	
Congo	400	528	336	791	1,068	1,421	796	285	938	1,195	2,728	1,031	2,806	
Cook Islands	0	0	0	0	0	38	30	24	77	194	10	0	0	
Costa Rica	405	380	2,277	322	467	8,890	755	502	176	427	1,003	764	2,114	
Côte d'Ivoire	1,931	1,250	1,407	834	3,170	1,187	5,231	9,290	1,599	3,497	5,948	15,489	17,925	
Croatia	24,500	25,157	47,706	51,574	43,296	105,330	157,518	131,900	53,980	70,025	93,411	50,871	71,923	
Cuba	1,493	372	602	356	704	599	226	534	124	200	563	635	1,057	
Cyprus	536,844	490,659	642,076	721,042	899,180	1,120,112	1,524,038	1,623,268	1,460,452	1,567,414	1,903,099	1,719,111	1,511,957	
Czech Republic	59,308	59,184	69,884	62,257	72,501	105,850	122,355	162,839	115,361	147,122	158,661	168,327	193,449	
Democratic Republic of the Congo	39	401	276	501	595	617	616	578	255	816	323	691	742	
Denmark	84,712	68,076	106,675	133,497	153,270	159,714	178,327	161,793	142,970	165,109	171,968	166,179	168,691	
Djibouti	200	413	489	1,250	333	1,861	206	0	64	207	0	3	92	
Dominica	14	4	415	18	146	52	142	123	122	400	85	0	0	
Dominican Republic	1,543	334	996	250	1,298	750	705	2,268	4,482	1,811	1,566	1,950	2,854	
Ecuador	469	662	7,394	2,263	1,411	1,334	2,026	2,570	644	746	994	1,400	2,363	
Egypt	82,057	59,880	74,884	142,941	144,993	146,613	143,559	189,475	221,317	276,871	482,524	444,057	788,221	
El Salvador	482	1,048	623	409	624	580	501	499	280	152	182	240	535	
Equatorial Guinea	39	7	471	196	69	0	0	1,210	14	53	62	93	60	
Eritrea	1,135	865	1,368	421	136	192	372	712	98	127	82	98	104	
Estonia	4,591	7,113	7,683	6,365	7,532	10,289	11,535	9,482	6,248	7,698	9,308	9,881	13,135	
Ethiopia	6,026	3,993	4,177	5,278	9,852	5,112	8,323	6,024	4,957	5,454	8,012	7,971	8,318	
Europe Othr. Nes	37	158	734	2	97	12	1,344	184	529	13	28	474	832	
Falkland Islands (Malvinas)	0	0	16	11	34	0	0	0	59	0	24,196	16,434	27,200	
Faroe Islands	11	16	8	18	5	9	11	39	0	0	9	0	277	
Fiji	676	0	0	0	11	12	2	0	0	91	77	0	59	
Finland	49,772	35,283	83,828	123,890	112,707	123,391	132,672	165,265	90,358	188,969	217,336	199,428	193,148	
France	383,112	368,762	580,967	648,616	720,550	922,267	981,618	983,660	750,323	828,816	905,802	857,810	850,724	
French Polynesia	109	0	184	196	52	16	17	76	168	442	522	523	512	
French South Antarctic Territories	0	0	0	0	419	10	276	0	40	0	85	0	2	
Gabon	510	2,949	1,378	4,597	10,280	225	15,335	241	130	142	257	1,292	871	
Gambia	152	29	1,945	1,843	620	290	128	17	140	13	135	34	84	
Georgia	11,012	15,644	12,318	17,055	20,879	28,083	50,226	27,214	19,948	18,494	103,584	160,307	203,689	
Germany	1,175,166	1,077,319	1,755,196	2,012,008	2,171,999	2,362,340	2,714,191	2,680,429	2,230,235	2,386,744	2,453,778	2,234,651	2,347,411	
Ghana	569	871	1,687	2,919	83,735	2,613	3,068	1,751	1,230	2,494	7,762	15,707	15,584	
Gibraltar	67,099	49,747	7,385	679	48,386	138,933	171,160	1,077	18,416	95,444	544,200	674,700	1,406,413	
Greenland	1,183	29	0	7	0	63	84	91	30	36	30	8	2	
Grenada	43	30	57	80	27	38	566	12	0	0	0	0	3	
Guatemala	142	112	388	447	740	979	2,762	1,739	786	1,145	1,671	2,152	2,954	
Guinea	4,925	8,777	11,068	3,703	1,228	1,158	466	10,464	11,280	6,793	11,468	6,272	8,050	
Guinea-Bissau	58	87	3	11	0	11	183	0	205	12	5	0	75	
Guyana	51	49	206	86	55	92	61	67	15	24	273	123	137	
Haiti	537	173	1,123	62	1	114	5	3	167	204	18	96	30	
Honduras	673	453	404	605	1,190	643	173	124	175	241	833	163	158	
Hong Kong, China	67,141	49,918	36,593	61,372	56,422	43,659	51,429	51,844	40,845	63,466	86,432	119,670	81,611	
Hungary	58,752	67,284	70,462	69,334	70,905	84,590	132,057	158,014	95,493	119,556	147,494	123,860	120,436	
Iceland	10,507	2,457	2,365	3,424	2,574	2,425	2,511	2,048	2,086	2,435	1,642	1,923	2,702	
India	40,356	123,197	53,250	26,343	42,276	62,700	64,089	54,582	79,401	81,634	74,941	77,761	61,891	
Indonesia	20,676	15,303	19,045	23,763	26,542	26,990	38,243	35,405	39,864	62,975	70,081	126,274	81,101	
Iran (Islamic Republic of)	19,086	8,074	10,420	21,477	58,951	24,520	13,583	11,992	19,328	27,197	32,833	19,796	18,117	
Iraq	5,861	44,464	8,141	8,110	15,808	27,158	6,121	22,096	34,544	30,065	27,981	44,309	31,873	
Ireland	35,894	25,833	52,298	58,144	49,180	85,167	81,706	96,528	62,553	35,654	33,208	28,813	48,520	
Israel	124,486	121,634	119,133	120,850	133,908	292,124	166,754	152,975	124,032	159,391	308,038	766,553	525,206	
Italy	878,373	878,746	1,468,541	1,538,917	1,832,260	2,346,692	2,526,065	2,946,249	2,218,395	2,350,125	2,956,197	2,702,470	3,240,696	
Jamaica	72	174	484	196	262	1,673	416	292	2,919	359	603	634	552	
Japan	63,338	51,242	81,892	67,168	54,545	74,209	177,622	48,149	41,035	45,645	46,538	67,058	60,639	
Jordan	23,686	27,674	21,618	10,316	47,051	16,367	16,765	34,191	22,960	50,141	26,726	43,428	64,539	
Kazakhstan	57,150	16,053	5,285	6,782	10,054	9,781	14,356	13,294	12,427	12,899	9,742	6,960	7,239	
Kenya	1,181	1,360	2,714	7,975	14,272	12,320	10,697	4,524	3,513	5,887	8,913	5,781	7,614	
Kiribati	4	449	0	0	0	0	4	0	13	0	8	0	0	
Korea, Democratic People's Republic of	1,450	7,590	652	485	1,252	1,387	434	173	142	1,354	58	179	68	
Korea, Republic of	33,152	31,257	74,545	48,301	60,119	41,916	45,251	41,747	36,110	41,666	106,103	181,762	265,257	
Kuwait	9,088	8,206	13,020	13,348	15,709	18,670	15,462	15,702	12,848	11,836	15,225	23,844	22,351	
Kyrgyzstan	458	465	151	358	351	472	584	750	874	572	254	404	418	
Lao People's Democratic Republic	6	0	22	0	1	0	0	0	0	0	4	0	2	
Latvia	5,506	6,531	6,830	9,933	10,636	15,479	16,841	26,794	6,868	11,050	11,056	10,942	24,897	
Lebanon	76,735	47,605	49,735	43,101	72,729	123,288	65,708	45,018	40,628	40,215	218,004	946,868	661,055	
Lesotho	4	1	0	30	10	0	2	0	1	0	0	0	0	
Liberia	25,161	12,596	6,132	8,908	10,805	25,163	26,857	51,865	35,774	32,419	34,176	2,843	1,412	
Libya	39,362	93,245	79,356	195,996	200,522	278,610	155,413	69,448	107,338	214,149	221,397	1,010,619	990,498	
Lithuania	7,358	8,223	7,807	12,494	12,948	22,812	23,710	28,037	16,078	21,213	26,322	30,239	35,424	
Luxembourg	4,816	1,860	6,071	10,069	5,085	5,353	5,408	14,651	6,753	14,191	20,820	9,322	4,608	
Macao, China	809	213	310	502	855	327	578	337	126	134	176	182	131	
Macedonia, The Former Yugoslav Republic of	411,750	327,364	363,953	382,576	406,115	469,461	534,456	650,682	552,363	433,889	793,620	1,066,709	988,100	
Madagascar	608	4,005	4,630	4,309	7,336	2,952	2,540	2,819	1,007	911	817	1,301	1,140	
Malawi	56	7	1,314	357	3,193	4	9,438	1,488	22	19	7	4	2	
Malaysia	5,683	5,826	3,788	4,538	6,331	9,676	9,534	7,622	11,429	9,801	7,824	35,904	10,407	
Maldives	317	370	389	474	741	628	1,480	1,019	844	1,039	615	610	449	
Mali	583	82	333	313	401	6,377	7,120	3,964	169	270	186	416	419	
Malta	153,231	105,333	77,565	34,056	19,658	30,535	41,141	84,055	67,278	47,501	79,786	123,811	115,199	
Marshall Islands	4,001	9,656	2,778	7,997	12,522	9,693	28,791	170,632	40,685	21,905	33,254	33,638	22,311	
Mauritania	4,316	12,916	25,849	38,260	35,398	18,407	25,151	8,908	6,945	6,873	7,807	8,010	6,606	
Mauritius	989	596	665	1,591	1,046	206	1,136	300	415	374	763	555	1,698	
Mayotte	31	73	40	28	25	162	312	403	492	308	352	407	414	
Mexico	18,725	25,189	14,782	24,884	20,450	32,970	60,290	42,548	48,849	139,081	99,211	117,841	158,160	
Micronesia (Federated States of)	0	0	0	0	0	0	0	0	0	0	0	0	0	
Mongolia	245	346	591	529	726	702	999	1,506	1,094	732	212	277	269	
Montenegro	0	0	0	0	0	77,849	64,132	44,089	39,436	52,036	206,623	209,815	214,721	
Montserrat	10	0	15	28	0	64	14	0	0	0	0	0	0	
Morocco	16,903	29,352	31,687	40,752	29,328	56,751	63,746	70,057	49,410	68,789	61,660	79,155	252,756	
Mozambique	11	551	156	680	21	324	90	14,698	8	263	7,030	1,098	579	
Myanmar	273	8	12	4	0	4	0	1,487	1	44	39	14	59	
Namibia	222	301	42	31	222	71	80	88	30	1,022	74	932	329	
Nauru	143	0	0	0	0	0	0	0	0	0	0	0	0	
Nepal	617	229	353	311	409	61	40	262	19	109	141	101	62	
Netherland Antilles	280	352	187	392	998	729	28,994	1,203	730	708	360	291	0	
Netherlands	255,852	243,918	356,910	409,807	417,779	453,172	471,693	591,733	520,888	512,797	637,475	568,204	564,908	
New Caledonia	111	183	0	20	32	146	238	452	186	396	542	650	825	
New Zealand	3,518	4,993	5,893	7,324	9,672	5,420	7,561	9,863	7,835	13,749	22,058	21,163	21,537	
Nicaragua	77	3	182	73	8	215	370	455	260	230	361	375	136	
Niger	6,852	9,856	11,241	6,705	11,302	5,371	12,016	31,452	23,616	17,956	9,804	1,536	842	
Nigeria	42,347	34,255	41,138	41,144	81,679	45,172	50,835	117,991	95,771	74,237	107,588	144,886	80,518	
Northern Mariana Islands	3	2	14	2	0	0	0	0	0	0	0	0	0	
Norway	41,511	34,521	43,229	71,169	38,537	42,523	45,781	56,841	43,416	36,035	42,590	34,294	58,906	
Oceania Nes	206	80	869	298	178	835	152	0	0	0	0	0	0	
Oman	1,939	16,619	10,570	1,601	8,861	11,288	28,002	13,615	36,922	4,460	7,550	6,898	38,771	
Pakistan	9,625	9,440	12,800	18,158	21,973	31,291	32,938	43,501	47,021	24,786	17,465	59,759	23,205	
Palestine, State of	11	0	136	99	156	532	335	265	632	2,209	1,241	316	1,269	
Panama	63,128	43,489	14,187	11,146	34,662	57,187	74,064	60,353	34,558	21,747	31,695	13,476	10,070	
Papua New Guinea	1	0	0	0	9	3	4	0	0	74	59	94	307	
Paraguay	1,816	859	973	868	937	3	117	1,457	2,407	3,836	7,365	3,196	4,472	
Peru	722	418	2,689	1,829	2,937	3,408	6,218	4,678	5,307	4,842	8,953	6,846	18,968	
Philippines	3,987	10,567	5,812	6,851	8,519	9,746	7,232	7,081	3,755	6,223	4,022	6,679	6,013	
Pitcairn	204	21	26	0	0	0	0	0	0	0	0	0	0	
Poland	116,041	115,552	200,889	143,339	167,530	235,046	320,895	319,729	263,228	330,115	364,492	352,025	382,492	
Portugal	70,301	63,289	88,376	109,435	102,418	118,650	159,175	184,887	140,282	145,283	182,294	161,102	158,128	
Qatar	6,504	2,085	2,879	4,335	8,590	18,219	10,151	16,331	17,994	13,641	12,037	17,835	32,233	
Republic of Moldova	8,884	13,001	9,713	7,713	8,250	17,894	19,685	20,321	26,503	38,287	52,156	39,657	60,962	
Romania	356,953	280,826	350,008	479,821	507,426	749,372	1,061,772	1,136,774	776,950	799,407	829,919	737,950	797,881	
Russian Federation	290,064	292,795	344,415	327,220	342,173	554,831	488,641	616,465	326,673	426,983	548,715	600,029	539,273	
Rwanda	50	18	279	199	105	167	66	86	245	66	42	55	927	
Saint Helena	20	0	0	0	42	0	0	0	10	0	7,856	3,665	16,722	
Saint Kitts and Nevis	9	26	13	39	90	244	184	549	407	3,806	53	109	2,062	
Saint Lucia	109	23	16	0	239	6	0	29	839	66	65	103	33	
Saint Vincent and the Grenadines	8,480	16,011	1,943	3,002	3,823	11,335	3,358	6,194	3,743	2,691	2,764	0	0	
Samoa	0	5	0	0	16	11	0	0	0	7	0	0	0	
Sao Tome and Principe	673	159	91	0	6	0	0	9	0	0	0	0	0	
Saudi Arabia	70,422	85,183	60,598	63,945	75,315	66,896	72,692	90,046	76,894	123,699	349,431	495,552	535,946	
Senegal	4,443	1,734	5,507	1,662	1,367	923	2,151	7,583	1,026	2,993	4,100	3,343	11,319	
Serbia	0	0	0	0	0	256,512	394,363	439,161	337,031	306,811	390,786	395,933	365,121	
Serbia and Montenegro	184,829	179,403	241,936	259,453	239,522	0	0	0	0	0	0	0	0	
Seychelles	44	1	0	139	343	194	204	127	31	1,521	133	400	512	
Ship stores and bunkers	1,385	49,683	115,923	121,102	159,472	124,381	589,434	653,474	381,652	448,919	1,890,561	2,147,942	2,155,785	
Sierra Leone	5,069	4,804	2,873	3,038	954	683	291	1,270	1,305	828	1,072	2,425	1,774	
Singapore	25,550	54,160	54,890	96,558	154,186	107,703	61,528	63,332	44,734	136,540	817,590	698,387	279,897	
Slovakia	18,284	19,354	24,950	33,790	20,019	36,423	57,645	64,122	57,906	72,091	83,591	80,213	82,976	
Slovenia	31,226	25,185	38,580	62,666	46,920	252,545	285,480	365,675	139,113	120,691	199,251	283,802	223,296	
Solomon Islands	63	0	0	0	0	0	0	18	0	192	1	3,973	43	
Somalia	209	36	0	53	46	0	0	0	124	284	257	194	507	
South Africa	10,800	11,486	15,780	20,394	30,250	33,071	79,235	60,156	56,995	38,643	38,980	47,295	53,232	
Spain	334,828	259,247	501,330	514,897	620,471	838,998	795,509	742,916	503,630	517,547	639,580	691,740	763,659	
Special categories	0	0	6,138	5,233	0	7,506	6,159	7,925	3,022	2,312	2,612	7,972	391	
Sri Lanka	1,167	897	1,893	1,721	2,178	1,950	1,932	1,984	1,355	1,297	1,766	5,473	5,902	
St. Pierre and Miquelon	0	3	0	0	0	0	0	0	0	0	0	0	0	
Sudan (North + South)	5,422	4,679	5,451	5,598	5,842	7,012	9,097	5,960	10,484	5,982	5,504	8,412	11,604	
Suriname	471	115	106	111	113	116	125	200	248	6,101	174	54	151	
Swaziland	2	0	0	0	28	27	0	0	0	107	0	164	3	
Sweden	98,948	93,259	140,762	159,988	176,882	201,133	244,880	229,799	165,431	177,008	174,115	192,369	228,157	
Switzerland	112,456	87,198	119,853	119,955	138,841	137,277	172,260	401,616	404,974	214,722	188,745	170,041	153,786	
Syrian Arab Republic	47,367	32,691	86,376	95,967	195,497	202,821	90,036	61,900	58,314	39,028	85,866	39,909	12,237	
Taipei, Chinese	12,973	12,674	13,688	16,940	23,954	22,927	13,840	14,556	10,371	17,600	19,546	19,775	20,618	
Tajikistan	17	102	89	81	18	217	217	325	1,153	463	4	14	178	
Tanzania, United Republic of	1,008	1,529	1,809	1,618	1,683	5,503	937	11,628	994	1,110	4,816	1,534	965	
Thailand	12,234	10,353	12,880	17,563	26,329	25,140	30,495	30,089	18,564	34,598	26,228	64,389	42,163	
Timor-Leste	0	0	38	0	0	0	0	0	0	0	0	0	0	
Togo	353	683	240	4,336	69	1,016	21,932	2,174	846	976	39,896	44,392	41,301	
Tokelau	0	0	0	0	3	2	0	24	1	1	0	0	0	
Tonga	83	813	45	32	0	6	70	6	0	58	0	5	0	
Trinidad and Tobago	885	494	386	617	721	2,010	2,194	947	620	1,206	817	3,710	1,209	
Tunisia	40,725	46,307	37,811	44,928	40,578	63,135	48,113	87,366	106,129	79,494	103,581	230,348	103,804	
Turkey	353,261	347,423	531,827	688,868	935,843	1,066,531	850,103	914,924	845,781	1,138,801	2,485,371	3,815,380	4,256,672	
Turkmenistan	434	1,546	208	140	117	338	522	151	369	462	269	7,836	7,504	
Turks and Caicos Islands	18	0	0	0	2	60	0	0	0	0	0	0	3	
Tuvalu	0	14	0	0	0	0	61	0	0	0	0	0	0	
Uganda	1,515	319	488	1,830	7,165	1,981	1,855	5,659	761	362	706	493	407	
Ukraine	45,642	73,643	59,072	52,973	67,202	87,237	135,369	142,145	81,715	87,585	164,075	192,008	251,475	
United Arab Emirates	85,789	74,901	103,233	122,713	260,296	239,585	273,982	320,652	189,441	225,041	632,621	599,181	498,238	
United Kingdom	824,858	642,771	998,455	1,157,582	1,169,803	1,247,450	1,277,831	1,206,893	881,184	1,144,442	1,239,142	1,096,508	1,288,474	
United States Minor Outlying Islands	0	0	0	10	74	36	68	69	0	2	92	138	39	
United States of America	572,512	546,654	877,272	807,774	913,768	912,902	976,838	1,303,076	996,138	873,895	1,711,555	1,325,033	1,240,688	
Uruguay	4,519	3,146	1,699	2,231	3,504	2,028	2,296	3,149	4,138	7,654	6,239	8,056	9,316	
Uzbekistan	2,028	3,591	3,578	2,993	2,065	1,114	2,234	4,484	44,877	915	10,982	2,505	4,782	
Vanuatu	326	5	13	20	705	542	28	484	85	0	0	90	4	
Venezuela	4,802	2,743	1,005	7,266	4,754	3,158	4,049	4,093	3,443	5,377	21,155	4,886	4,328	
Viet Nam	2,179	1,894	903	1,896	4,300	1,231	3,969	2,321	3,934	6,330	5,719	62,134	59,613	
Yemen	9,221	8,080	9,346	5,488	2,568	3,904	24,798	4,263	3,484	10,733	11,300	8,439	4,743	
Zambia	27	7	103	404	406	39	63	60	866	1,164	365	953	4,920	
Zimbabwe	173	262	183	129	735	696	667	629	188	163	693	661	621	
