List of importing markets for a product exported by Poland Product: TOTAL All products
"Importers"	"Exported value in 2001"	"Exported value in 2002"	"Exported value in 2003"	"Exported value in 2004"	"Exported value in 2005"	"Exported value in 2006"	"Exported value in 2007"	"Exported value in 2008"	"Exported value in 2009"	"Exported value in 2010"	"Exported value in 2011"	"Exported value in 2012"	"Exported value in 2013"	
World	35,367,141	40,253,902	52,755,502	73,778,928	89,378,069	109,584,113	138,784,983	171,859,898	136,641,305	157,064,948	188,105,090	179,603,599	199,657,622	
Afghanistan	2,934	1,536	3,129	2,585	5,244	20,000	3,403	6,027	10,324	11,076	16,040	33,226	30,974	
Africa not elsewhere specified	0	0	0	45	288	0	286	1,589	452	397	1,095	461	899	
Albania	0	530	2,978	5,145	6,174	7,057	15,989	21,209	26,355	25,759	27,478	44,492	53,854	
Algeria	106,114	72,320	85,023	84,437	119,576	115,827	202,812	250,563	216,203	232,350	353,554	320,310	349,174	
America not elsewhere specified	0	0	0	0	0	0	0	0	0	0	0	0	0	
Andorra	398	435	0	130	374	193	234	1,347	2,449	2,872	1,229	1,509	1,675	
Angola	2,045	837	1,460	1,180	1,417	3,062	5,747	11,281	27,165	11,072	12,377	17,454	36,599	
Anguilla	0	0	0	52	0	228	309	396	33	22	10	71	69	
Antigua and Barbuda	55,349	29,376	33,435	56,930	14,940	6,132	84,843	81,331	178,719	72,328	95,028	109,979	153,252	
Area Nes	4,487	1,172	3,512	57,786	89,310	85,263	103,167	108,810	83,571	49,646	62,969	110,357	145,350	
Argentina	15,360	9,122	23,151	33,627	76,856	62,913	67,416	106,279	47,350	82,843	101,557	114,979	143,647	
Armenia	1,758	1,984	2,841	6,258	7,464	8,226	10,172	23,385	19,551	18,804	22,718	32,099	39,254	
Aruba	0	0	0	252	871	486	1,134	302	4,795	1,261	691	375	231	
Australia	17,024	31,267	28,206	174,384	179,547	139,040	201,514	297,474	238,232	284,426	374,637	470,372	515,523	
Austria	716,260	734,922	894,065	1,456,128	1,863,287	2,008,199	2,609,325	3,366,618	2,591,376	3,010,611	3,614,728	3,389,337	3,528,452	
Azerbaijan	23,782	21,665	26,712	45,337	52,533	69,896	69,361	104,925	82,892	134,277	126,300	122,826	133,384	
Bahamas	21,499	8,596	42,815	42,297	238,584	209,840	288,266	318,836	161,204	159,499	286,076	207,833	301,254	
Bahrain	849	1,017	1,263	7,598	3,092	7,500	15,264	19,729	19,121	14,421	11,146	19,313	12,495	
Bangladesh	3,212	2,626	2,431	1,283	6,455	5,209	3,094	7,044	10,854	21,736	26,585	22,225	34,161	
Barbados	166	16,142	103	139	109	256	135	89	185	200	405	661	15,387	
Belarus	252,730	237,982	372,137	565,157	722,074	977,425	1,121,485	1,602,385	1,213,793	1,605,218	1,856,240	2,014,938	2,431,174	
Belgium	1,097,212	1,311,911	1,710,995	2,358,287	2,663,163	3,025,751	3,721,586	4,382,766	3,291,527	3,725,913	4,364,167	3,691,654	4,388,754	
Belize	92	735	598	1,226	6,699	1,708	3,272	3,249	2,673	4,119	9,011	11,890	21,247	
Benin	393	707	907	1,593	729	1,204	2,078	6,180	18,708	16,712	27,218	36,283	44,123	
Bermuda	26,943	47,309	7,411	290	65,996	464	652	94,644	16	267	100,064	15,283	189	
Bhutan	0	0	0	311	20	1	0	45	98	25	862	283	118	
Bolivia	211	107	435	500	266	77	1,197	529	667	873	1,381	2,905	4,628	
Bosnia and Herzegovina	38,445	69,964	83,402	84,302	120,084	66,668	89,787	113,206	120,034	112,260	152,097	218,414	206,844	
Botswana	1,762	316	443	57	129	269	444	1,280	1,233	542	978	317	1,228	
Brazil	86,252	98,048	96,588	112,594	133,551	175,396	274,935	465,006	200,311	368,135	376,064	478,693	578,944	
British Indian Ocean Territories	96	194	156	167	46	237	332	160	0	0	0	0	1	
British Virgin Islands	304	900	554	2,592	11,257	19,324	40,368	16,365	17,083	38,127	13,808	23,886	16,162	
Brunei Darussalam	0	65	0	20	4	504	766	13	900	220	895	16	6,802	
Bulgaria	80,784	72,501	112,083	177,630	256,728	399,143	541,047	754,845	481,596	526,824	591,315	642,020	961,999	
Burkina Faso	820	426	367	507	601	1,477	381	386	2,028	2,305	1,967	3,094	1,127	
Burundi	0	0	0	21	7	4	11	63	1,212	35	23	5	202	
Cabo Verde	0	343	0	8	11	26	185	936	78	3,980	698	1,134	943	
Cambodia	0	995	2,146	10,066	9,343	11,631	3,707	382	6,878	8,574	5,475	3,118	1,865	
Cameroon	781	1,556	2,882	4,241	7,402	3,957	8,310	7,580	6,862	6,904	15,443	13,035	15,170	
Canada	160,056	170,879	221,927	263,991	489,030	431,268	514,178	660,112	631,726	934,120	792,910	940,264	1,008,013	
Cayman Islands	2,246	189	145	68	3,377	326	36	4,219	5,927	36,075	7,956	40,666	18,399	
Central African Republic	0	0	55	18	62	129	32	0	8	403	370	10	134	
Chad	696	209	517	551	366	583	617	258	849	2,607	1,366	2,124	2,455	
Chile	5,452	17,755	14,451	15,773	31,421	37,971	45,331	37,059	24,052	54,903	48,227	70,826	97,116	
China	176,170	202,496	248,044	555,779	590,613	762,595	986,458	1,278,423	1,469,610	1,627,488	1,860,864	1,748,875	2,119,905	
Christmas Islands	0	381	63	168	5	161	0	0	0	0	0	0	0	
Cocos (Keeling) Islands	0	0	345	164	19	0	0	0	0	0	13	0	0	
Colombia	6,360	8,176	15,595	19,687	18,165	25,288	32,503	31,357	20,492	21,769	52,867	46,502	49,009	
Comoros	0	0	0	0	0	0	68	79	3	210	265	501	165	
Congo	2,259	64	54	745	2,667	1,358	4,822	3,576	10,461	6,697	10,037	12,606	24,556	
Cook Islands	0	0	0	368	17	0	1,183	0	0	0	1,780	0	1,463	
Costa Rica	2,172	2,066	2,126	5,205	5,666	4,146	5,318	4,720	4,759	6,462	8,137	8,442	10,756	
Côte d'Ivoire	2,291	4,110	2,943	7,122	11,853	11,070	22,238	17,641	8,324	26,831	11,703	10,864	20,726	
Croatia	97,118	114,022	161,565	229,261	279,643	338,163	474,993	534,017	394,256	349,486	446,857	393,341	428,055	
Cuba	2,582	8,702	16,083	7,676	14,130	12,193	18,430	8,771	12,200	11,678	14,059	22,059	16,793	
Cyprus	51,191	94,214	53,760	67,682	31,377	46,195	94,461	147,482	221,826	101,482	316,031	256,434	252,758	
Czech Republic	1,396,586	1,604,693	2,136,280	3,188,535	4,076,858	6,066,938	7,683,774	9,803,720	8,005,680	9,319,733	11,674,788	11,140,720	12,208,249	
Democratic Republic of the Congo	51	236	406	1,052	342	345	762	1,528	2,130	1,123	3,203	17,944	7,309	
Denmark	913,670	1,114,537	1,247,497	1,649,047	1,878,781	2,155,870	2,659,149	3,333,952	2,533,062	2,893,373	3,412,322	3,005,414	3,210,746	
Djibouti	6,032	4,907	7,133	9,448	871	1,050	1,083	1,581	1,388	1,072	1,199	2,190	3,994	
Dominica	102	0	4,577	5,460	5	415	1,573	3,261	214	561	438	1,940	1,394	
Dominican Republic	3,072	5,185	9,825	16,995	24,143	5,485	22,959	8,025	1,980	3,326	9,271	18,709	9,823	
Ecuador	2,710	4,587	2,993	4,503	4,722	6,077	5,316	6,212	7,968	11,394	13,905	17,152	17,346	
Egypt	91,334	86,275	66,742	57,235	125,894	164,866	149,930	224,173	275,559	233,254	195,788	203,364	275,913	
El Salvador	597	880	841	592	444	1,503	1,818	1,696	703	610	1,266	996	2,190	
Equatorial Guinea	0	0	0	159	188	2,649	550	1,533	3,104	3,347	2,170	1,573	1,796	
Eritrea	1,117	387	566	568	1,179	78	213	154	79	0	10	42	0	
Estonia	91,536	108,050	155,926	258,943	409,128	561,927	793,157	910,181	589,204	717,047	1,046,025	1,086,530	1,059,238	
Ethiopia	2,626	1,555	2,655	4,470	3,882	5,079	3,553	2,346	5,352	5,339	3,155	10,813	17,509	
Europe Othr. Nes	0	0	0	17,751	33,565	21,693	39,302	58,066	40,399	1,759	30,411	29,979	4,053	
Falkland Islands (Malvinas)	213	103	0	31	0	69	3	0	0	347	0	19	0	
Faroe Islands	1,371	0	82	12,609	232	2,214	4,034	426	416	4,646	5,160	1,775	4,323	
Fiji	97	0	0	76	40	158	45	55	33	64	251	101	51	
Finland	287,729	272,338	343,566	584,601	693,160	741,265	994,784	1,478,727	1,111,665	1,127,817	1,406,917	1,340,350	1,515,193	
France	1,932,794	2,450,792	3,251,483	4,454,315	5,558,476	6,823,143	8,443,139	10,668,033	9,498,912	10,730,658	11,534,254	10,464,727	11,195,068	
French Polynesia	0	0	0	181	408	477	836	987	359	322	173	335	259	
French South Antarctic Territories	0	72	0	177	379	907	1,600	2,126	2,602	3,205	3,147	4,203	6,152	
Gabon	119	405	1,653	772	1,551	2,407	2,964	3,099	2,573	6,616	7,234	5,719	9,777	
Gambia	106	0	55	468	439	797	513	757	811	721	2,954	3,667	2,988	
Georgia	4,099	2,927	2,709	10,488	12,827	24,245	61,347	51,818	46,045	51,127	64,089	86,761	102,042	
Germany	12,377,320	13,209,198	17,241,534	22,132,309	25,222,685	29,701,290	35,901,248	43,104,492	35,679,585	40,890,945	48,868,860	44,741,107	49,588,250	
Ghana	9,550	9,370	8,860	17,122	14,792	12,092	15,411	22,467	24,656	28,476	39,514	30,089	39,691	
Gibraltar	0	60	250	3,878	26,854	7,397	18,900	63,005	25,253	21,669	7,500	27,052	119,633	
Greece	118,344	143,012	152,936	215,014	282,336	385,282	571,443	874,864	827,640	687,535	829,662	641,824	710,921	
Greenland	0	0	0	55	18	233	67	21	78	4,615	1,993	1,611	187	
Grenada	0	0	0	30	293	235	239	59	1	6	5	5	26	
Guatemala	3,115	2,901	1,110	2,295	4,558	3,124	4,480	3,065	2,461	3,102	6,459	9,493	5,133	
Guinea	419	552	423	1,271	1,337	684	662	3,822	9,005	10,008	19,924	20,730	27,884	
Guinea-Bissau	0	0	0	0	0	45	1	171	378	2,099	3,027	1,346	2,350	
Guyana	0	174	67	132	173	427	230	768	939	709	716	1,104	1,663	
Haiti	562	0	543	145	954	906	394	7,668	225	2,284	1,025	420	1,993	
Honduras	50	847	199	2,912	2,338	1,646	1,387	6,745	2,583	697	1,540	4,585	2,874	
Hong Kong, China	36,531	28,284	38,269	39,602	58,874	88,424	161,281	157,030	168,545	175,823	321,538	501,575	477,392	
Hungary	733,643	903,530	1,270,885	1,893,845	2,538,222	3,330,689	4,033,808	4,791,354	3,698,996	4,436,609	4,839,701	4,270,587	5,059,685	
Iceland	197,079	37,630	34,478	38,717	118,305	102,109	125,183	142,066	39,034	31,416	44,242	58,534	54,310	
India	91,851	31,457	78,163	84,319	200,819	202,362	162,037	298,362	337,368	333,984	523,594	665,771	491,239	
Indonesia	5,620	14,862	17,302	59,312	40,620	40,225	90,319	57,107	84,680	66,222	120,953	122,042	140,733	
Iran (Islamic Republic of)	49,338	31,526	70,203	64,965	124,402	106,367	104,984	118,946	145,709	123,399	90,445	53,440	47,815	
Iraq	319	1,060	6,686	20,674	93,749	74,393	71,647	37,424	43,496	49,991	94,210	92,534	137,253	
Ireland	98,861	118,317	141,560	217,529	291,690	360,110	517,121	779,792	515,441	582,402	542,601	594,199	634,937	
Israel	47,460	51,969	44,809	91,462	119,896	175,410	213,740	332,518	375,757	351,609	392,849	425,204	478,337	
Italy	1,931,138	2,239,847	3,057,668	4,513,583	5,497,092	7,174,749	9,177,435	10,298,906	9,335,321	9,420,993	10,105,623	8,811,728	8,644,996	
Jamaica	757	355	698	1,119	1,876	8,453	2,443	1,267	847	1,190	3,237	5,001	1,833	
Japan	62,146	67,112	88,523	170,889	180,092	189,919	294,565	395,478	302,941	458,377	564,802	566,398	676,319	
Jordan	4,004	4,775	9,082	15,245	35,366	27,221	25,100	76,616	26,495	38,689	40,428	50,984	71,484	
Kazakhstan	55,141	54,201	88,815	154,583	211,946	347,124	472,625	438,982	446,465	412,259	493,509	568,184	598,098	
Kenya	683	50	1,759	1,097	4,428	7,283	7,083	11,758	24,243	25,449	23,175	28,552	38,918	
Kiribati	0	0	0	17	0	0	0	0	0	0	0	0	0	
Korea, Democratic People's Republic of	1,764	377	1,362	1,677	4,052	3,121	508	4,743	423	820	1,370	261	549	
Korea, Republic of	25,540	34,781	54,732	72,396	118,204	222,763	286,504	310,540	246,221	275,527	416,348	530,970	724,637	
Kuwait	5,867	8,990	8,235	12,019	20,500	22,369	32,185	40,865	36,374	27,604	36,722	54,052	55,558	
Kyrgyzstan	2,143	1,754	3,492	10,420	9,650	15,914	27,690	33,254	27,220	24,205	102,466	38,868	68,334	
Lao People's Democratic Republic	0	0	0	852	160	194	3,287	2,661	1,038	31	1,245	332	354	
Latvia	206,905	262,119	328,694	441,207	570,095	785,378	1,077,658	1,210,101	775,548	821,001	1,140,558	1,176,613	1,642,822	
Lebanon	10,484	7,130	4,805	13,373	13,028	19,735	21,199	50,700	42,855	49,949	52,048	68,404	76,650	
Lesotho	0	0	0	28	0	0	0	19	16	0	0	2	47	
Liberia	157,922	63,231	58,559	66,520	69,314	108,484	207,603	37,056	152,819	289,217	61,869	111,945	338,795	
Libya	4,584	3,839	7,650	8,927	12,441	24,278	37,128	30,364	35,706	36,526	10,663	48,818	93,111	
Lithuania	723,073	900,417	1,291,619	1,250,058	1,232,351	1,627,528	2,266,874	2,790,087	1,662,124	1,741,610	2,574,998	2,760,818	2,928,025	
Luxembourg	29,432	42,166	47,378	77,528	85,911	80,886	165,482	422,580	152,583	165,792	281,291	220,704	220,821	
Macao, China	176	309	58	297	57	572	571	375	581	701	537	3,108	2,390	
Macedonia, The Former Yugoslav Republic of	8,819	16,698	19,971	66,688	84,977	98,217	127,218	229,663	48,686	38,962	52,090	74,416	72,827	
Madagascar	140	69	89	1,224	883	900	637	3,553	6,596	907	538	999	806	
Malawi	395	693	1,195	1,275	1,070	955	1,463	1,858	1,148	1,151	970	892	1,415	
Malaysia	31,109	38,824	39,367	56,556	45,975	96,489	125,545	178,340	184,322	207,003	165,302	195,759	310,224	
Maldives	0	0	0	4	23	53	45	949	191	315	577	1,077	1,785	
Mali	706	889	430	949	939	1,899	1,344	16,562	2,567	927	1,909	2,590	5,974	
Malta	20,605	9,650	8,330	47,442	8,501	14,662	22,770	37,379	22,723	29,108	86,448	46,247	69,932	
Marshall Islands	40,109	19,605	9,332	4,638	26,879	23,560	214,334	286,809	4	47,127	70,816	115,470	110,914	
Mauritania	2,504	16,389	17,072	12,085	5,589	1,034	3,754	1,868	7,068	1,599	8,117	6,379	13,179	
Mauritius	125	2,916	332	1,491	3,494	1,869	2,401	3,007	1,848	3,140	4,170	3,596	5,869	
Mayotte	116	0	0	10	22	27	1,417	810	1,652	2,142	1,919	2,471	2,480	
Mexico	102,773	51,420	74,736	89,269	81,222	120,781	148,728	254,584	155,879	267,439	432,368	566,749	523,930	
Micronesia (Federated States of)	0	0	0	38	0	0	0	70	0	0	0	0	1	
Mongolia	4,399	4,868	5,355	7,857	9,481	12,593	23,667	30,950	17,081	29,824	49,704	47,260	59,069	
Montenegro	0	0	0	0	0	10,370	22,480	15,118	12,417	11,523	14,067	14,704	19,014	
Montserrat	0	0	0	147	12	3	0	0	0	0	0	0	0	
Morocco	42,618	43,064	38,525	84,127	111,994	135,888	152,348	344,488	141,234	139,881	198,948	241,188	285,698	
Mozambique	100	2,247	2,546	446	7,022	8,207	8,404	35,980	9,423	9,670	15,981	7,601	13,795	
Myanmar	52	0	0	27	162	46	1	348	607	1,594	2,179	1,233	4,172	
Namibia	256	53	59	92	46	68	77	93	266	1,092	3,155	889	1,526	
Nauru	568	0	349	0	0	0	0	67	0	0	0	0	0	
Nepal	0	4,121	0	4,439	205	136	383	70	625	958	840	340	1,146	
Netherland Antilles	0	0	1,564	24,515	387	979	2,445	5,487	5,029	2,683	9,266	1,908	1,920	
Netherlands	1,682,499	1,817,780	2,381,828	3,166,208	3,721,394	4,209,015	5,302,071	6,910,877	5,751,639	6,878,551	8,192,512	7,969,920	7,861,890	
New Caledonia	222	0	0	341	445	729	1,417	1,524	918	2,931	5,061	4,395	3,223	
New Zealand	1,433	1,300	1,966	12,122	16,770	11,323	16,335	22,773	20,944	34,722	64,281	49,409	67,772	
Nicaragua	217	561	113	183	21	115	589	256	254	207	1,379	310	289	
Niger	433	256	279	422	1,064	607	1,582	860	1,435	2,624	1,676	2,324	1,609	
Nigeria	23,264	35,931	37,546	35,105	44,339	35,028	81,256	67,199	102,348	72,507	88,688	95,904	91,669	
Niue	0	0	88	594	0	0	0	15	0	0	0	0	0	
Norfolk Island	0	0	0	0	3	54	0	0	0	0	0	0	0	
Northern Mariana Islands	0	0	0	0	0	0	0	0	0	0	79	1	18	
Norway	396,676	716,684	1,116,232	1,319,244	1,888,923	2,122,365	2,493,372	2,863,963	2,556,779	2,340,267	3,818,975	3,139,389	4,085,044	
Oman	2,825	6,988	915	4,249	17,284	45,878	51,912	120,223	17,100	18,957	20,673	75,651	95,486	
Pakistan	9,028	10,428	9,521	34,157	63,745	32,202	24,287	62,536	64,082	57,445	65,648	78,097	136,107	
Palau	0	0	0	0	0	0	0	0	0	0	0	0	0	
Palestine, State of	5,146	4,610	4,601	15	81	356	283	698	350	1,065	1,629	1,041	4,290	
Panama	26,408	53,178	85,239	73,640	27,894	65,051	70,307	196,445	37,826	23,479	97,380	24,802	183,331	
Papua New Guinea	0	0	72	1	172	31	32	154	70	1,310	1,846	483	3,120	
Paraguay	265	238	63	83	230	604	785	1,308	894	2,257	2,882	3,071	6,141	
Peru	2,018	3,232	4,365	9,445	10,100	6,779	12,566	17,309	12,194	32,583	36,597	51,368	53,395	
Philippines	4,505	1,997	5,427	20,660	8,654	6,264	12,772	9,637	19,162	18,295	40,286	51,981	54,478	
Pitcairn	0	0	0	0	0	3	0	0	0	0	0	0	0	
Portugal	256,773	360,186	413,524	468,200	431,565	524,890	461,297	570,175	532,828	608,293	660,395	581,298	648,194	
Qatar	489	293	5,006	2,796	10,534	11,019	15,824	114,779	25,439	15,998	21,203	32,846	30,633	
Republic of Moldova	34,616	39,875	68,589	92,402	111,090	138,759	173,602	184,227	121,967	154,810	189,337	212,162	356,528	
Romania	213,116	265,567	445,981	730,672	1,018,920	1,292,857	2,153,866	2,680,298	1,833,209	2,135,381	2,899,405	2,714,895	2,978,869	
Russian Federation	1,026,885	1,300,340	1,480,216	2,842,669	3,960,510	4,711,118	6,432,276	8,917,328	5,015,150	6,617,946	8,531,532	9,898,268	10,801,918	
Rwanda	0	0	0	94	73	73	451	515	922	23,924	7	135	200	
Saint Helena	106	0	0	11	0	0	0	0	0	0	0	140	42	
Saint Kitts and Nevis	0	0	0	29	127	31	54	775	852	19,700	5,160	3,444	10,844	
Saint Lucia	0	0	0	22	10	28	186	760	37	33	57	443	105	
Saint Vincent and the Grenadines	258	85	3,034	43,896	830	34	6,763	10,536	6,481	1,846	3,069	7,464	3,679	
Samoa	0	90	52	22	151	27	7	0	3	1	1	0	7	
Sao Tome and Principe	162	175	647	334	0	0	0	31	24	40	63	110	87	
Saudi Arabia	33,981	64,983	64,209	119,721	97,905	145,345	200,002	410,716	161,342	189,804	276,449	349,330	506,923	
Senegal	2,508	1,695	1,349	3,481	6,221	5,730	11,559	5,791	7,841	14,273	26,877	41,957	50,029	
Serbia	0	0	0	0	0	227,557	230,378	338,588	231,587	395,386	412,672	493,910	882,187	
Serbia and Montenegro	31,827	48,591	93,820	141,751	164,400	0	0	0	0	0	0	0	0	
Seychelles	0	0	238	541	401	2,456	3,740	1,599	544	1,085	2,345	2,333	3,603	
Ship stores and bunkers	52,505	49,785	55,863	26,216	6,115	0	0	0	0	88,461	174,071	165,321	230,236	
Sierra Leone	769	334	340	1,431	861	1,048	954	4,794	2,951	2,562	4,547	4,471	5,929	
Singapore	50,282	52,054	92,177	56,048	95,030	188,859	90,897	138,780	154,652	417,437	574,156	488,004	734,113	
Slovakia	491,745	547,724	846,740	1,317,769	1,709,089	2,292,906	3,026,313	4,201,267	3,131,917	4,073,254	4,549,098	4,527,987	5,162,302	
Slovenia	120,650	129,664	170,947	243,957	292,218	354,310	465,519	663,500	517,805	551,590	640,575	588,050	621,377	
Solomon Islands	0	0	68	0	0	0	0	0	0	0	0	0	0	
Somalia	0	94	0	14	48	2	10	25	0	32	0	18	117	
South Africa	18,016	32,591	33,077	102,026	169,218	219,657	250,722	324,588	343,380	448,293	528,362	505,816	613,765	
Spain	569,821	712,564	1,122,652	1,805,015	2,221,357	2,721,655	4,006,507	4,335,642	3,584,574	4,230,999	4,534,587	3,615,928	4,488,017	
Special categories	0	0	0	0	0	0	0	0	0	17	23	25	24,691	
Sri Lanka	2,951	3,733	3,423	9,202	33,543	19,141	20,991	21,232	11,341	15,571	18,425	13,379	14,185	
St. Pierre and Miquelon	80	0	0	0	0	0	0	0	16	0	20	38	20	
Sudan (North + South)	4,893	6,546	3,797	6,528	10,800	15,496	10,019	9,728	11,770	18,466	7,837	6,140	11,263	
Suriname	520	345	1,599	1,478	2,225	763	1,178	3,047	3,876	4,128	6,913	7,707	6,834	
Swaziland	0	108	138	24	1	0	3	45	4	27	4	23	29	
Sweden	964,745	1,308,330	1,913,448	2,577,302	2,749,766	3,512,761	4,464,589	5,465,388	3,667,111	4,658,321	5,363,985	4,716,876	5,411,777	
Switzerland	275,600	317,456	387,153	513,354	680,355	827,685	991,280	1,251,260	1,159,637	1,340,499	1,669,735	1,644,510	1,712,649	
Syrian Arab Republic	19,011	11,210	12,586	24,205	22,148	18,237	37,536	35,452	60,223	48,511	40,205	42,026	11,516	
Taipei, Chinese	62,607	62,204	50,051	70,002	75,979	109,090	117,711	81,880	147,072	146,625	193,706	172,130	157,627	
Tajikistan	523	3,581	5,676	7,131	8,785	18,095	16,982	15,612	6,012	28,968	8,011	21,254	15,633	
Tanzania, United Republic of	1,249	216	598	705	1,449	6,712	2,705	4,628	30,364	9,407	21,322	32,296	18,400	
Thailand	44,408	20,628	26,783	97,749	113,859	67,545	70,891	108,711	93,784	155,949	173,183	167,281	182,082	
Timor-Leste	0	123	0	9	0	0	0	0	0	126	2,011	1,872	0	
Togo	2,127	976	568	1,392	2,019	6,978	8,409	10,335	2,549	3,573	13,429	18,159	10,581	
Tokelau	0	0	0	0	5	46	44	0	0	34	2	0	4	
Tonga	134	0	0	11	1	0	26	4	1	0	2	0	1	
Trinidad and Tobago	4,313	2,017	3,158	4,752	4,637	3,456	2,067	1,323	2,138	2,982	1,429	3,293	1,367	
Tunisia	3,101	2,809	5,147	29,116	19,352	41,228	47,179	68,127	89,157	49,051	67,146	66,726	108,781	
Turkey	133,437	249,769	351,455	901,353	1,197,210	1,304,478	1,508,193	1,772,063	1,755,061	2,483,137	3,291,202	3,099,789	3,042,723	
Turkmenistan	3,508	1,579	3,380	7,324	20,422	20,792	16,564	22,106	26,119	20,178	24,631	36,862	44,327	
Turks and Caicos Islands	0	0	0	13	92	0	15	0	35	0	0	0	0	
Tuvalu	0	0	2,320	0	0	0	0	0	0	0	0	0	0	
Uganda	0	204	565	1,223	2,154	2,249	2,203	3,809	6,671	18,847	8,481	16,329	20,039	
Ukraine	966,679	1,144,393	1,523,452	2,023,387	2,588,213	3,967,792	5,511,254	6,436,719	3,433,197	3,917,347	4,688,049	5,279,565	5,718,451	
United Arab Emirates	39,575	47,553	75,577	93,607	142,813	218,003	302,203	763,535	476,133	244,758	342,730	440,273	752,486	
United Kingdom	1,778,869	2,104,523	2,676,128	3,986,450	4,995,603	6,254,012	8,238,019	9,900,623	8,771,563	9,956,000	12,169,159	12,159,680	13,001,851	
United States Minor Outlying Islands	89	374	204	128	1	30	1	13	17	194	165	151	17	
United States of America	835,150	1,080,028	1,176,775	1,775,571	1,849,690	2,103,671	2,057,467	2,470,818	2,482,480	2,873,359	3,693,648	3,603,529	4,477,554	
Uruguay	2,996	704	4,547	3,038	4,025	4,442	4,963	11,606	6,424	11,433	31,426	13,510	11,891	
Uzbekistan	17,954	8,997	21,578	23,613	45,473	62,317	63,192	95,068	69,208	75,348	114,293	119,828	148,086	
Vanuatu	58	135	119	1,759	20,849	14	0	0	28,321	110,891	56,334	37,996	119,018	
Venezuela	41,891	17,218	10,999	39,285	53,156	60,808	81,902	118,897	25,404	23,274	57,022	100,967	83,882	
Viet Nam	19,347	17,708	42,084	42,432	53,446	69,452	68,263	126,392	108,196	106,289	130,323	157,862	147,583	
Wallis and Futuna Islands	0	0	0	0	7	0	0	9	0	11	10	0	12	
Western Sahara	0	0	0	0	0	0	0	0	0	0	0	0	0	
Yemen	32,047	34,056	9,862	12,186	13,374	9,930	9,792	6,179	15,077	15,905	8,448	19,835	16,643	
Zambia	0	0	0	206	99	136	2,471	833	220	2,559	3,138	5,880	8,293	
Zimbabwe	0	0	0	172	208	138	311	388	353	1,923	570	1,185	5,170	
