List of importing markets for a product exported by Area Nes (Mirror) Product: TOTAL All products
"Importers"	"Exported value in 2001"	"Exported value in 2002"	"Exported value in 2003"	"Exported value in 2004"	"Exported value in 2005"	"Exported value in 2006"	"Exported value in 2007"	"Exported value in 2008"	"Exported value in 2009"	"Exported value in 2010"	"Exported value in 2011"	"Exported value in 2012"	"Exported value in 2013"	
Total	38,444,524	42,339,377	59,926,118	77,465,719	96,344,820	109,900,516	83,889,058	110,197,776	34,286,535	52,183,752	94,042,098	80,405,355	78,784,084	
Afghanistan								462,171	0	0	0	3,102,250		
Albania	2	4	10,884	0	0	0	0	2,034	2,817	0	0	6,789	16,103	
Algeria	22,351	0	0	0	0	0	0	389	19	1	0	0	0	
Andorra	0	0	0	0										
Antigua and Barbuda					293		0		267,187	140,391	166,316	384	5,121	
Argentina	451,910	250,894	420,634	1,000,582	318,871	1,455,515	2,247,613	3,226,831	1,720,922	2,339,215	4,395,775	797,525	670,649	
Armenia	168	19,354	7,538	50,887	2,740	99,967	3,248	1,404	1,413	141,429	135,002	189,604	8,548	
Aruba					8,685				32,850	21,268	76,973	107,402		
Australia	12,769	12,864	20,728	33,580	16,522	1,640	11,220	24,085	0	0	8,838,390	7,700,333	11,047,653	
Austria	0	128,923	152,379	71,179	88,457	86,018	77,997	16,911	0	0	0	0	0	
Azerbaijan	0	0	0	0	0	0	0	4,816	6	0	0	25		
Bahamas	17,763	3,952	17,092	12,567	2,482	4,885	10,553	2,507	9,379	23,345	55,816	96,585		
Bahrain	1,538,327	1,672,343	2,066,755	2,765,155	4,169,674	4,901,632	5,864,119	7,851,756	5,147,574	5,862,559	8,626			
Bangladesh	5,082	309,470	443,270	3,187	75,367	95,660	58,254							
Barbados	55	38	52	73	68	74	51	61	10	6	70	23	20	
Belarus	143,878	229,835	285,655	294,787	511,192	536,698	632,509	645,253	450,339	1,205,334	2,387,751	1,106,456	1,103,257	
Belgium	0	0	0	0	0	0	0	0	0	0	0	0	0	
Belize	343	145,929	155,600	135,181	0	0	0	0	7	0	1,035	641	246	
Benin	2,566	0	231	1	250	568	44,695	5,561	6,532	3,146	0	2,617	3,874	
Bermuda												1,937	0	
Bolivia	2,311	45,330	19,765	5,021	1,835	325	76	0	0	58	1,405	1,759		
Bosnia and Herzegovina			1,766,172	1,055,566	1,204	3,620	6,268	2,810	6,887	17,056	5,311	5,850	13,528	
Botswana	1,777	1,143	0	0	0	0	0	0	0	0	0	0	0	
Brazil	7	21	484	765	79	35	19	70	1,258	21	4	28	247	
Brunei Darussalam	2,737	2,825	3,435	2,598		3,742				8,402	11,224	18,568	145,374	
Bulgaria	2,129	301,805	102,095	140,820	33,126	356,191	1,428	0	0	0	0	0	0	
Burkina Faso	1,037	838	396	11,666	32,670		0	0	0	0	0	0		
Burundi	174	375	665	744	163	60,253	34	0	0	0	0	1,424	5	
Cabo Verde	4,959	5,867	6,636	6,974	19	6,162	6,099		7,377	7,279	8,781	8,125	8,730	
Cambodia	2,845	1,070	207	383	621	3,196	3,080	84	0	0	0	3,909		
Cameroon	17,476	12,167	143,984	56,294	10,825	4,654	4,591	684	77	0	0	16,424		
Canada	3,531	0	0	0	0	0	0	0	0	0	0	0	0	
Central African Republic	8,715	12,915	20,821			4,763	0	0	0	0	2	0	0	
Chile	126,922	194,421	719,436	1,070,171	1,402,564	1,737,883	1,972,952	2,373,159	1,745,286	2,948,346	4,167,783	2,824,467	2,840,819	
China	148	884	12,014	37,501	19,156	43,944	59,425	58,494	37,007	1,389,056	6,041,988	6,266,514	4,873,112	
Colombia	275,332	588,981	370,990	898,980	223,974	30	179	2,969	0	0	17	0	490,223	
Comoros	0	20	1	7	214	473	31,098	269	187					
Cook Islands					32									
Costa Rica	6,797	12,290	28,770	32,908	1,455	35,098	53,341	63,754	0	312,845	235,412	0	428,539	
Côte d'Ivoire	1	6,196	5,940	14,944	17,117	15,557	53,946	100,129	423,291	558,798	160,723	25,081		
Croatia	23	3	0	0	13	1	0	0	0	3,731	3,837	2,824	35,184	
Cuba	105,736	4,245	4,629	9,244	2,975	3,729,165								
Cyprus	151,742	219,980	178,530	24,709	469	7,596	2,040	2,288	8,577	158	76,098	11,934	1,686	
Czech Republic	56,237	42,654	59,121	13,161	32,872	47,507	67,875	137,909	150,036	117,719	102,480	197,916	337,948	
Denmark	51,313	51,299	42,269	0	0	0	0	0	0	0	0	0	0	
Djibouti									3,154					
Dominica	1,035	1,446	1,516	1,316	1,340	1,232	2,432	1,842	1,924	1,696	1,342	18,244		
Dominican Republic	85,663	23,121	4,078	3,948	10,693	8,999	15,579	18,431	2,524	3,782	10,479	243,940	386,835	
Ecuador	24,162	25,957	20,135	17,883	672	1,153	17,592	0	0	121,368	144,924	85,968	74,397	
Egypt	339	61	1,529,999	290	61	66,317	831	205,728	44,796	71,496	1,451	2,566	101,654	
El Salvador	1,167,025	1,283,769	1,379,833	1,459,434	128	0	395	158	2,296	11,860	25,503	21,109	12,888	
Eritrea			865											
Estonia	0	15	7	4	847	2,296	0	0	0	0	0	0	0	
Ethiopia	1,877	6,086	1,319	1,617	33	0	0	77	0	0	14,638	0		
Faroe Islands	1,675	7,409	3,053	2,795	2,661	3,248	3,445	5,025	2,799					
Fiji		10,150	27,172	29,939	22,950	18,034	14,581	25,498	11,485	21,381	87,515	103,376		
Finland	149,753	210,233	323,691	343,747	307,799	338,133	538,206	0	0	0	0	0	0	
France	533,088	528,059	648,591	717,289	541,315	632,812	648,111	1,480,824	1,890,349	2,249,477	2,431,462	4,245,113	5,664,517	
French Polynesia	1,549	1,740	1,612	0	23	0	0	0	0	0	0	0	12	
Gabon	775	320	714	925	0	0	0	0	0					
Gambia	391	360	387	0	0	0	0	0	0	0	0			
Georgia	2,346	3,368	4,082	33,999	43,071	90,791	274,425	34,631	303,881	17,643	0	0	0	
Germany	575,688	590,167	793,559	767,752	791,547	854,713	915,621	1,073,776	886,339	32,480	0	0	24	
Ghana	61,411		2,483		0	4,542	7	1,604	26,666	1	0	820		
Greece	448	14,859	7,011	61,778	90,365	677,493	515,466	1,227,346	430,170	173,068	109,969	310,126	22,404	
Greenland	60,908	92,510	43,441	7,294	67,802	25,624	24,329	25,560	33,114	41,453	50,512	0	1,231	
Grenada	834	839	1,389	0	0	0	0	0						
Guatemala	4,917	1,725	14,658	12,884	18,941	7,491	170,305	165,410	20,889	138,558	166,840	150,198	161,947	
Guinea	350	9,788		0	560,260	1	0	0		0	0	0		
Guyana	712	652	641	583	0	0	0	0	0	0	0	0	0	
Honduras	50,828	6,905	3,531	14,815	21,449	7,979	31,873	6,227	2,321	12,955	27,749	15,455	12,702	
Hong Kong, China	6,524	5,021	4,779	5,907	9,532	6,310	7,803	8,440	7,809	8,458	11,743	13,362		
Hungary	0	0	0	0	28,250	34,356	0	0	32,531	29,088	87,982	0	0	
India	13,989,595	16,190,084	19,794,664	27,525,690	40,486,995	12,860,300	664,922	2,030,438	1,337,532	1,920,195	3,319,706	1,044,446	1,991,271	
Indonesia	0	0	0	1,800	40	0	0	0	0	0	0	1	0	
Iran (Islamic Republic of)	1,771	1,061	747,472	0	3,624	30,090,528				1,600	10,065,568			
Ireland	649,607	638,201	626,946	659,623	687,731	921,233	1,082,458	973,000	823,249	1,064,947	1,857,334	839,293	866,965	
Israel	3,233,823	3,103,805	3,863,622	4,634,473	6,421,955	7,221,369	7,891,177	11,055,905	6,850,492	10,702,627	13,527,792	14,234,843	14,869,198	
Italy	8,432,896	8,167,305	10,587,609	12,199,898	16,432,938	24,550,922	23,998,042	35,168,275	0	0	0	0	0	
Jamaica	89,203	56,158	70,762	77,337	71,459	80,022	92,671	62,296	103,196	93,945	66,751	115,793		
Japan	1,838	9,142	2,785	1,469	23,350	28,594	36,721	22,600	11,218	3,471	6,472	5,347	2,197	
Jordan	29,298	46,784	20,940	467		0	0	0	0	0	0	0	0	
Kenya	6,537	10,453	6,072	25,334	16,342	4,715	5,768	2,227	1,975	14,582	57,252			
Korea, Republic of	32,610	31,962	30,489	47,193	77,843	106,438	62,883	54,977	43,729	74,277	73,323	71,387	93,240	
Kuwait	3,426	3,827	1,422	1,133		6,460	5,656	6,326						
Kyrgyzstan	642	636	610	615	0	0	0	0	0	0	0	0		
Latvia	30,971	32,965	24,674	3,228	167	0	0	0	0	0	0	0	0	
Lebanon	11,185	17,390	69,218	107,231	79,452	89,433	175,771	162,623	141,559	106,489	104,784	69,067	43,700	
Lesotho	100	150	0					0	0	0				
Lithuania	95,943	125,387	128,155	48	0	0	0	0	1	2	767,435	1	0	
Luxembourg	16,938	16,790	17,722	4,221	0	4,740	3,055	135,658	107,825	73,996	54,251	38,178	20,426	
Macao, China	0	0	0	0	0	0	0	0	0	14,644		3,767		
Macedonia, The Former Yugoslav Republic of	0	0	1	0	65	0	0		0	0	0	0	0	
Madagascar	94,260	19,867	67,017	80,618	43,055	73,474	31,077	65,421	18,882	20,549	45,169	27,975	4,787	
Malawi	0	0	0	0	0	3	0	4	0	0	0	0	0	
Malaysia	601,324	278,946	265,474	206,579	126,592	1,385,765	62,096	1,463,200	758,637	792,056	710,731	822,731	1,431,218	
Maldives	1,153	0	0	0	0	0	0	0	0	0	0	0	0	
Mali	33	48	5,607	139	21,774	2,522	13,002	0		1,740	8	6		
Malta	1,417	1,371	1,336	0	0	0	537	1,326	0	0	0	0	0	
Mauritania	80,895	71,004	64,706	129,032	449,903		282,619	189,695	79,535	62,368	0	0		
Mauritius	1,633	1,718	1,678	0	50	3	14	0	0	4	0	0	0	
Mayotte	0	1	35	2	0	17	0	99	0					
Mexico	15,586	24,885	29,387	33,997	26,920	22,719	17,862	30,581	50,444	30,559	24,863	11,185	12,051	
Mongolia	767		1,069	0	0	14	0						0	
Montenegro						0	5,222	92,345	103,029	109,632	142,917	5,859	5,351	
Montserrat	217	250	228	0	0	0	0	0	0			0	0	
Morocco	285,849	1,206	1,265	1,329	0	1,263	175,808	35,762	7,948	7,219	14,731	18	0	
Mozambique	290,521	502,164	544,601	616,860	94,930	180,794	383,853	102,805	1,427	24,240	0	1,453	1,169	
Myanmar										133				
Namibia	15,062	10,947	15,223	2,021	4,006	3,238	7,222	14,078	18,485	25,681	20,931	191,687	261,543	
Nepal			444						0	0	0			
Netherland Antilles					19,516	30,845	46,145	55,631						
Netherlands	62,495	23,957	19,616	54,324	12,568	47,611	96,792	23,492	0	0	0	0	0	
New Caledonia	10,404	9,537	20,401	18,661	2,091	3,148	6,340	7,638	3,747	2,530	4,899	1,476	0	
New Zealand	66,730	81,880	76,956	77,012	109,518	91,831	82,971	86,430	109,579	93,929	0	0	0	
Nicaragua	3,296	1,417	102	0	2,117	0	2,524	835,530	17	0	0	0	0	
Niger	3,200	0	0	681	7,193	14,682	12,615	16,344	25,713	12,110	7,235	8,742	12,396	
Nigeria	617	2,227	2,232,130			382	1,409	153	38,524	0	0	12		
Norway	0	0	1,925	1,950	1,280	0	0	0	12,485	3,620	0	0	0	
Oman	713	639	2,361,705	177,073	142,542	140,563	41,022	0	0	0	0	6,475,922	5,951,073	
Pakistan			0	961	0	0	0	0	0	0	0	0	0	
Palestine, State of							712	0	0	3,615	0	0		
Panama	256	1,330	1,087		0	0	0	0	0	0	0			
Papua New Guinea	3,106	1,042	1,052	26							0	12		
Paraguay	0	0	4,304	21,611	28,323	9,795	13,954	8,448	10,122	223	1,857	0	85	
Peru	2,441	358	266	1,245	324	572	261	143	35	65	5,631	42		
Philippines	0	13	0	0	0	0	0	0	0	0	0	0	0	
Poland	7,097	484	2,068	40,992	93,518	642,523	1,761,609	1,472,893	510,622	596,421	623,983	844,212	1,018,194	
Portugal	1,101	1,340	393	11,212,026	868	579	5,440	8,793	16,003	44,478	17,527	798	52,286	
Qatar	726	772	694	1,415	99	0	0	0	117,633	280	0	0	34,706	
Republic of Moldova	0	0	0	0	2,497	16,533	6,250	10,029	4,211	3,663	5,203	3,842	5,119	
Romania	347,817	79,572	101,301	98,491	100,655	91,497	37,424	1,803	2,332	646	1,537	4,082	29,576	
Russian Federation	2,161	5,802	31,539	133,291	143,418	194,142	335,212	43,713	0	4,263,206	6,866,137	226,185	174	
Rwanda	0	0	0	100	8	8	0	41	0	0	46	2	8	
Saint Kitts and Nevis	0	0	0	0	0	0	0	0	35	70	0			
Saint Lucia	1,193	476	1,104	1,380	1,070	2,345	0	416						
Saint Vincent and the Grenadines	0	0	16,524	0	0	170	231	348	756	7	173	259		
Samoa	435	0	0	0	0	0	0	0	0	0	0	3	0	
Sao Tome and Principe	130	64	46	322	128	703	201	1,243	1,693	865	0	0	48	
Saudi Arabia	55,832	272,920	520,152	648,214	179,246	71,708	3,516	624,692	481,621	2,935,848	3,911,110	4,747,495		
Senegal	374	1,414	798	1,294	787	1,612	505	8,268	13,688	15,294	5,749	647	1,193	
Serbia					0	0	0	0	0	0	0	0	32,074	
Serbia and Montenegro	4,098	20,830		345,151										
Seychelles	40,738	0	0		2,112	0		2						
Sierra Leone		2,304												
Singapore	0	0	0	0	0	0	0	0	0	0	0	0	3	
Slovakia	128,744	9,525	12,044	31,292	28,922	147,958	175,201	203,395	185,176	203,959	249,774	210,348	225,990	
Slovenia	583	43	46	143	0	3,065	21,466	419,685	250,768	424,222	284,659	373,539	458,563	
South Africa	215,254	6,962	182,972	209,981	458,052	157,593	771,439	160,535	491,092	163,292	161,900	521,681	331,837	
Spain	24	2,613	2,663	56,833	19,315	9,194	434	0	48	21,286	143	532	4,563	
Sri Lanka	13,220	3,190	0	2,307	3,167	11,585	8,040	1,512	1,425	6,549	53,455	55,113		
Sudan (North + South)	71	22,024	0	1	0	0		3,759,493	8,207	8,130	5,086			
Suriname	55			44	122,158	110,758	139		2,783	537	211			
Swaziland	416	207	0	0	0	0	0							
Sweden	0	0	0	31	7	0	90	32	0	275,737	340,310	272,175	448,266	
Switzerland	0	17,170	752	0	0	0	0	0	0	0	0	0	0	
Syrian Arab Republic	3	5	620,018	0	0	768,600	0	0	33,625	83,338				
Taipei, Chinese	1,756,949	2,338,114	1,870,531	2,401,710	2,748,530	3,443,700	3,759,524	4,114,008	4,043,297	4,687,536	5,048,012	4,887,588	5,631,850	
Tanzania, United Republic of	1,806	0	0	3	33	138	2	58	0	0	0	0	0	
Thailand	562,757	543,102	324,489	374,816	403,844	370,635	576,933	204,462	19,934	24,336	22,790	26,847	15,145	
Togo	234	21	1,465	957	710		12,890	0	0	0	0	26,939	34,885	
Tonga	0	0	0					645	3	272	20	33		
Trinidad and Tobago	1,372	1,207	1,218	60	18	29	1	5	4	7				
Tunisia	156,657	148,109	186,283	64,580	113,385	137,089	191,532	325,174	233,467	285,123	410,517	453,421	539,845	
Turkey	0	0	0	0	0	98,821	61,726	43,670	128,648	890,682	8,788,338	12,589,128	13,413,450	
Turks and Caicos Islands	44	32	39	39							12,660	24,378		
Uganda	0	0	1	0	0	0	0	0	0	0	0	9	0	
Ukraine	1,976	2,468	509	762,196	452	72,797	782	1,501	3,171	2,250	2,593	16,608	58,248	
United Arab Emirates					13,946,797		22,597,075	22,972,825						
United Kingdom	868,253	2,086,264	2,333,241	2,769,534	2,830,433	2,971,180	3,476,336	3,419,602	2,866,332	3,248,214	5,385,783	2,475,334	2,389,870	
United States of America	0	0	0	0	0	0	0	0	0	0	0	0	0	
Uruguay	114	133	31	37	160	324	397	20	63	16	0	112,778	21,765	
Vanuatu						146	1,098		29	18	167			
Venezuela	19,598	13,837	9,088	21,514	10	6,158,648		0	90	0	0	0	0	
Viet Nam	128,523	132,404	109,608	5,623	11,843	186,190	89,097	93,694	222,239	374,028	607,144	584,457		
Yemen				123,289	241,708	226,947	295,739	334,791	266,070	327,467	304,503	265,306		
Zambia	0	0	0	0	0	0	0	0	0	0	0	0	0	
Zimbabwe	208,350	35,567		210,338	484	4,928	1,837	3	0	0	0	4,702	279	
