List of importing markets for a product exported by Romania (Mirror) Product: TOTAL All products
"Importers"	"Exported value in 2001"	"Exported value in 2002"	"Exported value in 2003"	"Exported value in 2004"	"Exported value in 2005"	"Exported value in 2006"	"Exported value in 2007"	"Exported value in 2008"	"Exported value in 2009"	"Exported value in 2010"	"Exported value in 2011"	"Exported value in 2012"	"Exported value in 2013"	
Total	12,241,955	14,602,802	18,600,270	24,385,098	28,059,579	32,486,939	36,201,023	44,267,718	37,403,519	47,518,577	59,879,503	56,171,613	63,034,526	
Afghanistan								0	0	0	224	0		
Albania	11,916	15,800	15,253	9,936	18,981	52,712	18,003	28,435	36,700	57,344	55,592	55,114	46,040	
Algeria	21,321	39,908	60,195	52,242	60,234	71,627	107,271	173,733	227,057	294,590	354,261	603,603	623,119	
Andorra	849	1,386	1,938	1,242										
Anguilla	1	1	0											
Antigua and Barbuda					0		61		49	58	45	43	33	
Argentina	15,297	5,989	9,424	23,820	24,968	25,776	41,766	46,971	18,934	22,561	41,844	57,968	57,336	
Armenia	196	7,228	317	644	3,795	83,776	68,375	96,902	72,791	85,713	105,033	87,980	118,026	
Aruba					33				0	0	0	0		
Australia	6,554	7,633	13,730	22,871	25,996	20,153	33,031	66,336	41,971	44,046	67,632	70,008	77,090	
Austria	377,998	477,580	671,188	897,641	914,820	995,337	901,391	1,087,201	714,513	1,057,862	1,406,670	1,268,038	1,359,237	
Azerbaijan	3,738	3,926	6,184	8,034	5,549	39,258	3,025	40,373	10,084	22,940	14,896	23,989		
Bahamas	0	0	0	0	7	0	0	0	0	0	0	0		
Bahrain	4,269	8,839	12,937	5,330	9,423	3,553	7,550	11,027	5,250	9,605	10,915			
Bangladesh	163	1,894	1,657	1,520	21,331	35,637	31,494							
Barbados	34	52	24	11	39	116	27	99	20	41	60	10	32	
Belarus	3,674	4,325	4,250	9,124	9,907	18,110	23,138	36,490	30,901	45,677	42,017	38,964	53,314	
Belgium	280,120	277,748	426,822	682,868	657,937	580,617	467,784	607,834	585,996	719,876	930,476	786,375	1,083,460	
Belize	24	2	27	24	7	31	15	5	2	18	1	19	0	
Benin	85	53	936	103	0	25	26	26	37	38	98	109	114	
Bermuda												219	144	
Bolivia	19	49	62	113	149	184	272	340	357	707	2,238	1,483		
Bosnia and Herzegovina			22,595	41,480	153,165	232,627	83,314	104,866	73,449	90,297	133,768	113,419	125,095	
Botswana	0	2	0	5	5	8	40	105	68	113	397	256	55	
Brazil	11,326	7,206	6,991	9,822	16,274	30,625	49,199	126,757	75,979	116,909	210,249	301,589	411,706	
Brunei Darussalam	37	404	0	6		7				101	280	307	264	
Bulgaria	172,728	163,698	262,148	421,625	677,738	878,957	1,161,549	1,752,893	1,322,825	1,777,351	2,250,494	2,143,361	2,285,904	
Burkina Faso	16	211	296	2,469	32		305	257	1,603	2,785	1,020	2,230		
Burundi	632	38	12	10	128	41	23	116	18	51	78	52	52	
Cabo Verde	765	1,516	1,257	1,111	29	514	0		79	0	140	14	16	
Cambodia	0	2	0	1	0	0	0	15	17	0	329	12,359		
Cameroon	5,842	6,569	7,650	16,516	28,493	34,147	17,250	18,808	3,462	2,879	6,942	16,068		
Canada	59,640	81,071	101,074	130,370	172,761	183,145	151,076	147,185	106,354	211,913	332,400	273,803	265,028	
Central African Republic	6	3	73			14	0	2	6	5	0	23	92	
Chile	15,620	11,745	5,432	5,458	20,392	12,950	5,318	61,145	4,337	19,939	35,114	26,758	44,321	
China	103,760	390,941	470,103	326,779	292,306	230,911	281,472	359,896	433,095	755,267	947,048	979,776	1,209,936	
Colombia	6,277	5,529	6,344	0	2,743	9,226	4,440	24,192	20,120	8,278	17,955	33,741	25,193	
Comoros	35	0	0	15	0	0	0	3	0					
Congo							64	1	109	118	1,476	417	991	
Cook Islands					1									
Costa Rica	963	4,461	180	381	532	320	485	1,319	1,522	1,093	5,646	939	1,433	
Côte d'Ivoire	2,955	5,851	5,412	11,530	3,931	4,350	6,392	5,472	5,438	7,925	8,234	12,703		
Croatia	21,834	44,708	132,144	190,124	275,570	173,791	201,851	184,069	165,159	158,418	185,989	179,713	145,681	
Cuba	3,215	3,902	615	1,029	3,421	616								
Cyprus	6,851	8,275	22,200	48,232	13,786	33,311	19,395	34,300	50,361	90,720	52,317	37,288	47,193	
Czech Republic	56,700	80,736	137,869	220,754	350,537	474,435	534,495	675,068	532,675	708,162	1,114,959	1,067,667	1,406,152	
Denmark	36,949	28,849	32,761	42,457	53,636	69,025	59,272	93,378	103,264	121,615	191,659	223,116	261,380	
Dominica	0	0	8	27	0	0	0	0	0	0	0	0		
Dominican Republic	161	83	110	78	1,948	123	983	14,238	1,703	4,834	4,015	3,435	3,240	
Ecuador	595	406	1,629	806	2,548	1,451	867	1,132	10,371	20,250	11,824	27,642	35,551	
Egypt	131,187	108,238	102,927	144,163	184,866	159,897	155,903	244,885	183,344	176,551	316,574	386,083	719,245	
El Salvador	14	0	510	584	0	0	40	12	31	46	23	157	73	
Estonia	2,653	3,724	6,278	8,943	9,863	12,661	20,568	23,081	17,753	24,065	38,758	41,677	64,762	
Ethiopia	1,163	2,022	2,324	1,265	844	1,904	756	84,838	55,035	17,353	1,312	1,742		
Faroe Islands	116	267	289	290	292	399	805	454	303					
Fiji		29	2	1	42	24	6	0	29	15	83	184		
Finland	18,788	24,737	46,630	58,273	58,489	74,615	93,893	129,476	67,211	97,757	104,508	84,302	98,240	
France	995,204	1,220,054	1,551,116	1,934,774	2,077,979	2,326,795	2,695,414	3,280,228	3,155,593	3,972,780	4,426,064	4,166,761	5,640,751	
French Polynesia	283	212	23,985	2,791	1,555	1,646	1,540	2,271	2,150	4,316	5,691	3,514	4,214	
Gabon	218	0	459	161	122	314	330	20	147					
Gambia	0	120	421	73	1	15	6	0	1	58	0			
Georgia	16,988	4,796	10,534	14,020	40,694	40,769	90,199	92,430	113,502	136,608	188,308	258,977	323,271	
Germany	2,098,567	2,304,850	2,998,556	3,860,803	4,324,116	5,498,553	5,530,549	7,023,808	7,388,584	8,859,556	11,689,700	11,283,427	12,212,944	
Ghana	814		764		4,613	1,599	2,237	1,658	1,667	9,405	11,008	8,477		
Greece	339,761	323,346	444,385	626,218	540,740	634,783	734,605	773,017	622,171	607,357	660,438	613,678	684,834	
Greenland	0	0	47	0	0	63	20	68	45	43	91	89	105	
Grenada	14	56	39	47	57	24	24	13						
Guatemala	314	4,662	77	208	1,115	4,236	7,556	16,087	639	10,481	27,045	36,135	36,679	
Guinea	733	124		4,258	2,952	845	47	200		80	17,269	279		
Guinea-Bissau			233	0	0									
Guyana	0	9	6	14	3	16	26	20	12	26	57	38	192	
Honduras	9,250	80	168	213	130	10	39	65	159	633	339	502	718	
Hong Kong, China	16,074	31,793	23,868	11,329	8,024	9,705	8,343	21,863	38,142	41,875	72,403	75,733		
Hungary	362,043	432,083	600,568	901,910	1,111,431	1,720,824	2,063,719	2,341,246	1,809,345	2,281,440	3,242,282	2,657,128	2,769,251	
Iceland	2,261	3,128	3,821	5,345	21,001	9,692	11,065	9,554	4,069	5,102	5,503	5,211	6,653	
India	42,961	45,291	62,251	140,364	262,518	240,725	407,445	357,854	253,182	202,148	349,113	379,493	390,541	
Indonesia	7,278	10,635	5,846	22,156	12,022	6,900	11,205	9,181	17,309	13,015	39,030	66,256	41,222	
Iran (Islamic Republic of)	42,727	32,517	63,175	92,415	96,762	0				179,537	367,909			
Ireland	63,768	35,932	56,952	67,483	58,640	75,279	87,954	83,312	62,291	141,310	172,491	145,773	150,579	
Israel	87,662	79,026	76,661	97,903	100,334	102,629	119,176	106,111	112,294	146,107	145,127	161,996	269,645	
Italy	3,015,630	3,590,546	4,394,155	5,008,814	5,058,779	5,406,554	6,053,200	6,426,978	5,218,866	6,188,596	7,379,681	6,462,349	6,729,994	
Jamaica	245	2,360	35	26	40	64	25	22	43	19	36	27		
Japan	45,761	51,062	62,966	105,026	155,248	183,546	224,660	217,692	219,545	297,190	437,745	431,005	509,665	
Jordan	31,377	41,148	31,847	71,051		37,002	50,404	61,244	63,938	76,901	181,183	167,515	274,384	
Kazakhstan	16,147	41,547	22,876	37,334	74,563	82,174	70,845	96,661	37,870	122,366	218,473	63,526	89,004	
Kenya	2,607	519	16,285	21,686	686	22,407	9,873	28,986	24,256	25,952	48,581			
Korea, Republic of	33,973	56,516	64,860	146,405	86,955	50,846	79,349	207,091	154,941	240,201	371,327	660,322	745,103	
Kuwait	15,664	26,357	33,275	32,551		47,782	79,743	66,959						
Kyrgyzstan	123	311	293	135	184	408	385	320	28,226	4,467	8,158	6,795		
Latvia	809	1,175	1,934	3,661	2,377	5,063	10,812	12,131	19,095	8,222	25,640	18,935	33,117	
Lebanon	36,589	56,676	76,983	103,134	175,037	160,900	128,802	268,486	188,139	232,595	208,900	194,926	238,944	
Lesotho	0	0	0					0	0	6				
Libya							4,507	25,464	23,231	39,672				
Lithuania	2,895	5,295	7,578	7,232	10,784	17,259	27,041	35,772	37,354	41,997	47,811	62,502	60,326	
Luxembourg	1,369	2,312	3,535	3,752	7,919	4,926	3,322	14,063	13,099	17,330	24,835	23,058	37,975	
Macao, China	194	420	553	779	870	1,643	1,290	1,897	1,942	3,476		6,858		
Macedonia, The Former Yugoslav Republic of	13,193	9,749	14,373	113,037	64,908	91,866	96,489		107,816	126,816	94,330	120,101	125,776	
Madagascar	96	677	63	520	291	964	1,100	1,053	506	149	906	1,604	1,584	
Malawi	493	14	888	40	62	1	0	244	23	112	130	167	274	
Malaysia	7,850	3,586	11,366	6,989	10,661	21,820	20,335	23,268	12,414	23,666	28,837	23,268	36,123	
Maldives	0	0	0	1	0	0	0	0	8	0	5	3	13	
Mali	346	572	4,054	2,013	503	797	1,805	1,831		1,020	699	3,543		
Malta	1,726	1,485	2,072	1,593	6,693	3,038	10,860	22,017	26,880	17,809	18,829	31,757	25,838	
Mauritania	941	876	1,042	245	10		227	14	0	2,786	256	22		
Mauritius	55	45	130	121	280	287	420	484	790	1,341	2,831	1,795	1,885	
Mayotte	19	11	57	14	35	53	59	172	117					
Mexico	24,043	40,968	20,163	28,986	47,782	92,815	88,636	86,403	70,149	89,069	137,311	173,205	310,043	
Mongolia	7		248	144	69	124	331						7,942	
Montenegro						33,203	16,777	31,237	26,653	28,110	38,200	33,815	26,072	
Montserrat	0	3	0	1	6	0	0	0	0			0	0	
Morocco	38,243	54,536	41,960	41,703	69,161	98,864	126,587	181,052	161,392	154,552	367,482	390,728	468,699	
Mozambique	0	7	40	93	64	69	7	6,559	551	2,793	2,622	603	3,673	
Myanmar										88				
Namibia	0	0	20	26	0	1	0	138	63	183	491	150	8	
Nepal			3						0	35	143			
Netherland Antilles					241	93	134	165						
Netherlands	328,874	328,788	505,731	573,409	553,242	584,240	689,027	1,344,538	1,339,245	1,253,867	1,629,565	1,365,515	1,643,961	
New Caledonia	180	350	738	722	5,691	3,303	4,087	6,232	7,177	9,224	12,844	10,844	10,291	
New Zealand	1,071	2,249	3,617	5,747	4,205	3,353	3,260	4,130	3,127	4,179	6,845	8,750	9,406	
Nicaragua	232	31	63	136	362	208	123	122	188	532	461	5,671	1,204	
Niger	2,246	2,022	2,008	468	168	113	1	23	800	1,869	441	543	169	
Nigeria	37,168	22,078	16,204			18,999	22,699	16,325	37,069	9,385	17,664	24,159		
Norway	86,099	114,490	156,362	124,483	187,084	301,640	345,814	494,045	505,902	476,953	435,440	405,735	507,005	
Oman	580	935	16	3,539	2,773	11,577	4,976	7,694	12,475	15,023	28,404	47,805	63,511	
Pakistan			12,091	16,426	62,976	53,282	44,876	168,612	71,748	104,191	170,335	88,052	76,903	
Palestine, State of							4,339	1,008	0	1,927	3,744	2,148		
Panama	31	9	1		2,095	103	262	479	93	145	114			
Papua New Guinea	1	0	0	0							41	43		
Paraguay	400	741	196	10	436	105	77	371	245	175	286	447	1,962	
Peru	12,905	7,054	11,340	10,461	9,890	9,758	6,207	21,022	3,476	8,734	11,772	12,351		
Philippines	6,715	10,685	2,046	510	870	988	790	781	1,220	47,299	2,825	4,754	12,258	
Poland	122,675	135,106	213,748	405,670	475,554	635,137	816,486	981,299	814,728	1,225,173	1,432,006	1,239,818	1,462,850	
Portugal	19,599	33,878	41,616	51,099	52,571	34,281	33,628	132,657	197,155	159,404	165,423	220,347	178,989	
Qatar	1,848	3,570	7,482	4,955	14,094	16,041	23,762	35,152	15,313	16,321	37,024	49,793	59,489	
Republic of Moldova	93,464	90,358	97,994	164,143	257,330	345,952	449,082	590,781	311,739	386,720	574,273	620,571	722,191	
Romania	0	0	0	0	81,164	88,642	0	0	0	0	0	0	0	
Russian Federation	90,955	61,848	68,708	130,988	255,347	540,415	730,806	1,018,553	876,252	1,345,406	1,724,186	1,735,739	2,046,067	
Rwanda	52	51	1,123	469	0	241	5	0	8	0	20	39	37	
Saint Kitts and Nevis	3	1	4	103	0	0	0	1	0	5	0			
Saint Lucia	14	17	2	5	21	2	0	0						
Saint Vincent and the Grenadines	25	20	0	31	4	12	0	3	1	4	0	4		
Samoa	0	0	0	0	0	0	0	0	0	0	0	0	0	
Saudi Arabia	69,984	84,992	70,771	115,411	153,555	135,286	145,506	212,188	172,051	289,482	495,942	434,336		
Senegal	151	448	557	1,040	1,499	1,496	3,310	2,742	3,178	4,579	6,688	13,612	7,005	
Serbia					274,283	436,524	427,049	630,967	525,137	596,615	883,004	825,437	581,061	
Serbia and Montenegro	175,464	149,843		214,928										
Seychelles	0	0	0		2	0		3						
Sierra Leone		295												
Singapore	20,961	20,152	47,323	51,875	75,482	66,560	61,488	59,957	108,934	62,145	122,411	109,774	84,129	
Slovakia	31,839	44,182	96,615	145,671	172,625	296,719	284,619	525,959	317,666	461,853	672,583	686,338	919,124	
Slovenia	85,356	98,339	93,731	125,854	172,711	144,156	222,903	247,383	250,313	252,068	308,097	209,937	264,400	
South Africa	6,882	7,687	8,199	11,701	17,113	20,426	26,551	95,232	85,284	132,730	266,442	135,289	138,885	
Spain	220,350	301,604	378,822	552,898	732,190	791,519	802,374	1,113,059	1,125,660	1,381,687	1,209,000	1,121,824	1,441,833	
Sri Lanka	776	775	1,030	783	2,642	2,805	4,994	5,368	3,246	5,318	4,908	1,727		
Sudan (North + South)	9,578	4,276	7,409	4,549	4,418	8,079		6,996	2,716	4,056	3,985			
Suriname	0			0	0	0	0		0	0	29			
Sweden	68,364	71,992	102,408	153,720	145,903	180,620	210,689	232,398	179,935	307,133	395,026	441,278	561,430	
Switzerland	57,719	68,822	106,088	144,335	197,180	166,524	209,530	205,859	214,303	295,272	392,212	541,409	603,113	
Syrian Arab Republic	74,333	84,982	95,834	111,310	90,947	81,479	76,723	121,959	206,204	173,371				
Taipei, Chinese	38,425	56,810	70,565	65,936	61,753	38,506	42,821	67,485	47,334	38,275	57,640	58,004	67,241	
Tanzania, United Republic of	962	1,250	5,898	167	12,093	342	722	12,158	783	909	1,164	1,162	362	
Thailand	26,654	28,772	19,740	23,316	29,025	16,893	14,185	16,458	18,789	34,666	37,931	51,759	66,885	
Timor-Leste				0	0									
Togo	316	193	1,391	6,488	12		35	23	333	13	126	393	1,370	
Trinidad and Tobago	3,047	2,241	19,441	12,955	12,128	1,552	12,977	42,714	2,696	350				
Tunisia	36,073	20,645	30,424	30,815	50,879	51,133	52,871	89,625	61,529	88,826	85,847	116,131	120,718	
Turkey	481,140	656,561	955,971	1,699,553	2,285,592	2,668,987	3,112,752	3,547,820	2,257,898	3,449,179	3,801,245	3,236,426	3,592,567	
Uganda	408	233	70	108	70	1,913	1,313	179	845	1,768	12,946	676	588	
Ukraine	28,060	28,962	46,014	85,254	211,849	446,086	778,881	1,171,009	488,120	682,195	1,125,719	929,748	897,202	
United Arab Emirates					122,366		153,586	172,507						
United Kingdom	652,584	936,110	1,152,408	1,460,258	1,395,560	1,474,250	1,804,364	1,442,798	1,334,432	1,948,460	2,124,734	1,950,362	2,258,735	
United States of America	555,093	744,568	785,211	918,990	1,310,297	1,194,013	1,124,730	1,172,750	772,235	1,059,800	1,502,466	1,689,323	1,780,175	
Uruguay	6,730	274	454	363	265	634	1,137	277	406	898	1,511	3,851	7,777	
Venezuela	15,598	16,447	1,712	17,600	25,750	6,234		9,200	5,033	3,269	1,995	25,609	15,602	
Viet Nam	3,138	1,759	22,698	12,109	10,372	7,302	8,997	12,718	17,962	32,106	29,023	21,920		
Yemen				4,004	8,558	11,448	3,058	4,792	1,913	6,753	7,255	10,892		
Zambia	4	2	3	9	16	12	30	163	22	698	507	463	235	
Zimbabwe	2,428	182		0	2	52	7	0	1,010	2,285	4,451	4,016	207	
