List of importing markets for a product exported by United Kingdom Product: TOTAL All products
"Importers"	"Exported value in 2001"	"Exported value in 2002"	"Exported value in 2003"	"Exported value in 2004"	"Exported value in 2005"	"Exported value in 2006"	"Exported value in 2007"	"Exported value in 2008"	"Exported value in 2009"	"Exported value in 2010"	"Exported value in 2011"	"Exported value in 2012"	"Exported value in 2013"	
World	272,578,258	285,996,254	312,059,900	355,027,954	392,744,019	458,598,557	454,005,490	482,020,962	359,615,540	422,014,118	517,288,693	481,225,754	548,967,453	
Afghanistan	5,488	4,478	16,130	26,003	26,266	41,210	83,011	159,428	208,270	302,466	554,274	164,811	103,659	
Africa not elsewhere specified	0	0	0	0	0	0	0	0	0	0	0	1,108	75,017	
Albania	31,293	28,365	16,150	20,999	26,503	31,475	36,803	27,267	27,679	31,607	30,191	33,673	30,161	
Algeria	170,591	198,129	310,827	306,979	263,900	307,312	343,419	497,974	512,673	534,325	920,513	575,425	828,939	
Andorra	24,745	11,035	15,342	16,782	18,864	13,514	13,284	59,780	27,380	9,694	17,752	14,394	13,816	
Angola	133,538	101,431	169,494	219,374	288,709	392,849	548,083	534,847	522,325	826,899	602,520	636,489	857,460	
Anguilla	1,691	2,887	1,136	5,256	2,168	2,268	3,954	1,774	898	871	962	796	2,509	
Antigua and Barbuda	24,885	25,723	28,923	20,914	22,623	56,610	51,583	22,821	37,629	16,582	22,095	13,767	21,425	
Area Nes	688,808	725,252	519,399	424,888	461,710	515,706	603,654	1,142,147	1,216,960	1,409,673	2,562,970	3,579,451	3,999,434	
Argentina	383,478	192,056	222,174	586,532	306,925	396,990	454,332	550,678	368,259	509,497	614,122	562,049	537,066	
Armenia	11,056	9,035	9,122	10,268	9,274	20,463	23,580	18,082	13,322	18,564	31,693	24,561	30,421	
Aruba	45,905	41,551	22,982	20,187	41,635	57,294	48,694	42,480	58,256	46,610	60,335	112,996	64,990	
Australia	3,343,451	3,193,856	3,761,205	4,418,936	4,955,626	5,187,245	6,822,024	7,936,373	4,756,151	5,147,792	6,919,094	7,017,649	6,337,133	
Austria	1,743,843	1,934,990	2,093,083	2,018,563	2,426,271	3,151,550	2,826,539	2,707,403	1,962,572	2,245,935	2,669,195	2,336,836	2,520,690	
Azerbaijan	53,070	84,465	269,100	483,587	386,956	874,708	481,236	564,545	425,011	713,467	752,269	806,358	1,448,315	
Bahamas	21,838	54,470	45,035	71,147	66,910	113,307	37,037	81,118	29,448	50,827	27,662	60,945	24,875	
Bahrain	224,514	198,879	254,003	289,140	328,743	484,484	434,629	517,111	378,191	354,106	378,927	456,253	423,381	
Bangladesh	97,846	99,384	91,565	125,074	145,295	139,611	121,628	119,338	106,649	176,728	217,655	164,499	220,251	
Barbados	80,253	59,517	85,583	77,429	100,966	86,315	98,717	70,874	63,939	62,554	67,867	60,363	66,823	
Belarus	46,860	51,662	64,128	97,820	103,691	115,286	133,767	161,338	119,636	174,224	199,973	195,005	145,214	
Belgium	13,582,207	15,284,465	17,728,951	18,924,168	20,213,295	24,776,058	24,157,966	24,459,915	16,539,591	20,189,625	24,819,571	21,702,278	21,314,320	
Belize	19,856	20,578	30,314	16,507	16,869	15,139	23,394	25,024	11,873	11,595	14,919	18,088	13,480	
Benin	47,951	65,099	76,085	65,871	60,468	69,168	85,556	84,342	120,245	317,964	702,726	101,844	109,766	
Bermuda	48,889	46,399	68,608	59,591	36,953	35,951	89,521	355,041	32,777	37,326	27,989	156,893	108,869	
Bhutan	2,368	1,920	3,367	6,851	1,442	937	2,010	1,149	1,264	959	1,977	968	2,106	
Bolivia	14,716	19,772	10,435	9,039	20,261	11,167	14,722	26,413	22,835	23,982	28,563	35,101	36,350	
Bosnia and Herzegovina	21,186	24,692	20,611	27,887	44,442	34,732	39,625	38,142	30,987	33,867	33,899	35,835	33,254	
Botswana	34,916	25,263	21,559	28,845	28,415	25,606	40,899	28,503	18,132	17,041	26,684	39,396	1,045,473	
Brazil	1,171,466	1,332,742	1,354,762	1,451,327	1,526,680	1,691,650	2,161,698	3,005,541	2,707,191	3,311,072	3,725,439	4,093,084	4,041,061	
British Indian Ocean Territories	712	2,609	557	109	2	371	301	88	49	39	5	0	247	
British Virgin Islands	10,471	38,769	22,785	9,566	30,085	27,575	26,929	17,596	30,147	46,826	49,709	25,360	93,369	
Brunei Darussalam	85,864	91,920	209,483	123,265	80,116	145,730	1,737,230	116,403	95,599	234,061	213,658	1,281,382	1,492,407	
Bulgaria	174,420	207,948	251,165	284,791	399,639	412,232	404,555	460,857	311,451	372,336	528,871	458,493	608,413	
Burkina Faso	10,988	3,830	6,095	5,994	7,867	5,016	7,729	16,741	10,020	23,598	25,124	20,119	20,477	
Burundi	3,176	2,569	3,291	2,819	3,311	1,993	2,278	1,954	3,467	5,211	3,686	5,915	4,135	
Cabo Verde	5,874	8,783	9,807	5,917	7,895	7,571	5,998	59,449	7,755	7,936	5,988	5,282	20,751	
Cambodia	4,765	5,809	5,837	8,124	6,408	4,859	5,140	6,302	6,311	10,982	29,489	17,130	27,813	
Cameroon	51,695	53,623	54,130	49,464	47,367	41,940	48,546	55,618	46,484	62,556	80,349	90,227	102,773	
Canada	4,680,170	4,821,286	5,435,393	6,179,371	6,044,410	7,159,481	6,737,318	7,054,970	6,202,126	7,545,285	8,914,779	7,692,771	7,080,532	
Cayman Islands	14,016	13,462	14,221	19,182	20,970	29,596	74,713	18,297	15,925	36,561	15,692	33,474	47,945	
Central African Republic	3,017	2,855	1,475	999	924	1,150	1,174	1,540	1,248	1,103	1,107	478	1,032	
Chad	5,276	6,659	5,528	8,599	9,426	5,629	13,087	23,392	22,721	20,627	9,053	11,934	17,447	
Chile	188,887	176,318	199,764	247,945	276,158	342,889	365,419	507,223	796,992	903,749	1,185,882	1,028,585	1,684,216	
China	2,479,902	2,277,914	3,181,390	4,360,575	5,139,824	6,034,544	7,580,755	9,065,641	8,053,613	11,293,784	14,088,514	15,688,191	18,119,205	
Christmas Islands	40	18	13	175	8,672	15,836	1,869	36	17	17	2	0	0	
Cocos (Keeling) Islands	494	327	141	1,247	1,082	386	50	86	121	65	167	142	56	
Colombia	151,091	126,203	176,035	213,779	214,203	244,444	281,516	290,394	259,699	336,743	470,525	480,143	528,739	
Comoros	1,468	1,115	657	2,292	554	160	637	149	278	818	1,008	889	596	
Congo	23,702	25,163	20,623	32,023	37,240	49,413	97,828	97,181	119,907	112,794	89,942	82,860	101,443	
Cook Islands	147	638	114	501	314	495	70	515	3,256	66	38	14	732	
Costa Rica	61,865	76,557	66,122	70,662	72,767	61,815	92,334	88,537	38,851	54,700	76,064	77,704	83,701	
Côte d'Ivoire	87,899	60,740	71,481	124,831	106,222	73,240	82,734	126,379	86,925	81,506	75,717	133,289	158,221	
Croatia	126,862	141,824	228,662	231,186	214,508	269,677	318,676	381,793	322,648	256,548	235,544	229,342	215,090	
Cuba	18,668	17,004	28,386	21,035	28,505	37,725	33,119	25,794	13,922	23,113	24,258	41,790	37,681	
Cyprus	419,733	409,786	519,940	583,240	643,602	1,927,992	886,750	981,738	938,697	862,287	1,112,864	710,763	726,462	
Czech Republic	1,553,080	1,546,977	1,633,150	1,769,635	1,839,983	3,045,077	2,869,597	2,822,666	2,227,573	2,781,222	3,066,398	2,765,019	2,924,307	
Democratic Republic of the Congo	13,814	8,389	13,248	12,011	21,067	31,075	23,555	26,260	20,249	23,056	37,927	39,399	52,001	
Denmark	3,289,736	4,162,812	3,650,052	3,771,660	4,235,272	7,178,647	4,493,225	4,826,640	3,823,662	4,187,859	4,782,178	4,027,377	4,577,500	
Djibouti	16,716	19,498	36,197	19,050	10,206	9,523	12,335	13,713	9,824	9,611	9,031	44,653	10,555	
Dominica	14,507	14,051	10,288	14,626	10,532	10,458	10,606	9,517	12,343	8,949	9,101	8,542	8,713	
Dominican Republic	65,026	76,389	66,998	56,215	94,176	94,532	109,666	114,223	125,646	167,682	117,959	117,527	115,956	
Ecuador	49,261	66,486	52,084	57,010	55,903	75,421	70,623	74,428	85,773	84,173	115,149	463,111	388,000	
Egypt	654,967	699,990	756,324	1,227,844	993,698	1,065,004	1,418,042	1,728,901	1,490,265	1,756,612	1,665,590	1,459,320	1,475,655	
El Salvador	24,733	19,573	28,424	37,058	62,724	47,429	19,736	17,635	12,878	19,513	24,331	23,319	22,262	
Equatorial Guinea	35,785	57,164	177,850	62,841	71,085	83,481	77,758	79,764	68,318	175,318	99,030	93,863	75,756	
Eritrea	7,048	5,400	12,290	7,987	10,319	3,691	5,319	3,122	4,609	4,015	3,763	8,338	11,157	
Estonia	118,419	148,423	150,814	192,975	212,309	859,037	464,856	403,318	239,805	289,134	437,840	432,183	502,654	
Ethiopia	42,260	61,208	73,105	64,930	57,489	70,316	110,331	99,205	121,009	124,430	227,876	163,949	154,394	
Europe Othr. Nes	0	0	0	0	0	0	0	0	0	0	0	0	0	
Falkland Islands (Malvinas)	28,461	25,872	44,691	51,838	44,106	48,787	50,995	47,027	46,096	100,692	109,600	97,611	81,432	
Faroe Islands	40,225	10,075	21,192	12,435	12,185	21,234	44,144	38,138	21,645	31,113	20,107	19,981	17,178	
Fiji	4,935	4,666	8,196	11,625	8,529	9,441	9,741	11,918	9,664	7,913	7,600	7,249	12,449	
Finland	2,321,608	2,194,711	2,452,593	2,510,270	2,723,900	3,449,038	3,934,397	3,480,592	2,103,812	2,273,917	2,619,548	2,311,078	2,354,484	
France	27,242,620	28,342,976	30,905,215	34,662,510	36,467,378	54,587,603	37,085,677	35,571,702	29,003,201	31,649,503	37,636,122	34,477,025	35,180,517	
French Polynesia	8,536	11,306	18,555	14,905	16,456	11,239	13,151	15,106	7,346	9,513	9,516	7,002	8,280	
French South Antarctic Territories	792	1,582	975	826	1,479	850	1,520	1,172	1,023	543	447	802	732	
Gabon	50,287	48,984	54,395	86,828	53,307	52,212	63,511	86,569	68,165	69,101	87,446	83,676	93,256	
Gambia	26,644	24,769	31,236	28,736	29,925	25,806	27,776	30,054	24,439	24,741	29,321	59,744	46,110	
Georgia	27,852	25,754	41,616	86,123	48,532	69,524	68,764	70,842	40,040	59,297	77,480	88,730	73,946	
Germany	33,428,269	32,876,552	33,577,571	40,234,413	41,794,206	51,279,137	50,684,444	53,919,201	39,446,095	44,671,052	54,137,865	52,046,679	48,271,998	
Ghana	207,940	209,184	264,296	314,077	281,768	350,681	433,888	493,260	406,163	546,726	685,423	818,601	616,215	
Gibraltar	183,785	192,600	252,349	290,616	315,958	467,875	425,411	780,868	562,997	652,910	848,546	880,531	808,374	
Greece	1,595,982	1,825,710	2,068,627	2,596,770	2,504,494	2,787,398	2,794,228	3,042,889	2,513,961	2,120,494	1,922,731	1,360,894	1,456,290	
Greenland	4,311	514	1,075	2,420	843	1,573	2,701	40,058	1,562	82,516	114,884	2,891	9,275	
Grenada	10,014	8,319	12,231	12,018	18,233	13,313	12,204	12,713	8,281	8,673	8,682	8,367	8,896	
Guatemala	50,964	50,661	42,057	61,282	46,624	53,027	49,107	56,093	38,420	41,512	47,224	49,275	48,845	
Guinea	31,570	40,461	43,251	24,752	40,317	61,098	48,388	41,412	133,816	54,874	79,686	153,598	251,298	
Guinea-Bissau	2,206	1,657	1,314	1,355	707	1,234	449	1,120	800	1,015	1,204	574	961	
Guyana	32,727	27,871	37,900	30,024	33,052	37,338	49,222	39,818	39,018	80,249	50,314	44,387	41,222	
Haiti	15,133	17,979	25,879	12,753	8,422	13,049	10,098	12,773	9,931	25,479	23,442	18,322	15,199	
Honduras	16,437	14,639	23,964	19,691	17,778	14,238	19,417	15,910	12,238	16,749	14,076	16,160	18,475	
Hong Kong, China	3,886,933	3,892,420	4,097,530	4,888,904	5,667,712	5,310,002	5,335,899	7,593,468	5,588,874	6,905,476	9,191,298	9,129,304	14,142,255	
Hungary	884,847	1,123,456	1,398,842	1,699,406	1,499,918	1,622,807	1,754,221	1,837,882	1,312,542	1,634,766	1,867,361	1,649,339	1,887,094	
Iceland	227,096	212,867	239,071	315,623	334,262	349,276	404,506	336,528	195,302	196,762	374,735	318,717	303,008	
India	2,564,046	2,860,224	3,895,043	4,305,705	5,369,975	5,013,552	5,942,941	7,781,273	4,611,893	6,212,142	8,800,370	7,239,687	8,005,564	
Indonesia	448,858	491,058	739,623	731,544	680,216	584,612	580,852	725,944	548,599	678,792	1,011,724	1,003,692	1,083,085	
Iran (Islamic Republic of)	620,384	1,127,216	780,618	813,560	847,878	792,664	801,775	765,755	586,001	443,136	288,346	159,050	124,642	
Iraq	87,254	70,636	211,757	158,919	230,575	142,308	309,230	289,488	256,041	300,562	326,884	451,800	636,709	
Ireland	20,491,358	23,927,785	21,114,490	26,185,609	29,981,708	32,227,165	35,877,224	34,916,424	24,448,034	25,675,543	27,988,006	25,520,953	28,410,054	
Israel	1,966,928	2,211,863	2,254,088	2,557,520	2,466,817	2,417,205	2,492,987	2,383,476	1,721,544	2,065,903	2,512,226	2,361,456	2,160,595	
Italy	11,927,971	12,926,098	14,189,653	15,627,001	15,848,403	18,110,453	18,761,809	17,568,887	13,129,086	13,676,415	16,174,425	12,390,982	13,215,853	
Jamaica	101,766	122,747	98,838	98,141	107,415	131,793	125,868	99,770	72,357	105,772	119,928	75,178	69,110	
Japan	5,345,533	5,499,477	6,237,954	7,110,905	7,103,262	7,515,739	7,698,685	7,096,363	5,285,602	6,664,162	7,164,625	7,265,956	7,039,558	
Jordan	243,220	270,299	286,213	294,480	339,186	296,136	328,865	390,674	384,455	344,485	408,226	370,914	428,324	
Kazakhstan	132,716	137,403	169,009	252,298	281,057	389,429	604,873	389,067	409,151	366,857	850,145	813,991	804,737	
Kenya	248,417	246,599	282,248	342,621	350,572	398,934	437,571	360,231	409,724	398,377	571,596	611,654	704,041	
Kiribati	107	255	52	110	77	324	125	1,873	1,928	230	273	113	208	
Korea, Democratic People's Republic of	40,626	25,031	14,240	4,948	502	631	577	358	182	87	190	529	872	
Korea, Republic of	1,850,476	2,379,302	2,412,538	2,744,468	3,073,937	3,128,115	3,632,213	4,473,026	3,175,452	3,408,226	4,035,176	7,249,722	7,550,109	
Kuwait	514,621	466,431	629,114	652,009	793,649	821,040	915,477	999,660	709,385	820,077	812,921	920,164	831,814	
Kyrgyzstan	3,685	2,782	3,072	5,985	4,794	5,805	6,817	6,366	7,487	7,252	21,337	19,588	4,734	
Lao People's Democratic Republic	3,335	2,362	5,541	2,227	2,842	1,673	6,720	1,429	1,829	5,252	13,164	5,493	7,074	
Latvia	124,040	115,234	185,395	165,873	179,331	646,679	776,666	316,808	172,915	252,271	370,552	378,956	578,594	
Lebanon	261,254	237,860	343,678	385,678	385,519	381,709	448,787	564,820	536,670	616,451	656,763	668,001	783,261	
Lesotho	2,794	1,573	330	348	929	2,394	948	2,380	3,044	2,061	4,162	1,733	1,765	
Liberia	14,987	9,500	8,114	15,765	20,633	21,914	28,466	32,691	23,856	15,659	30,555	30,315	26,679	
Libya	265,930	323,648	393,891	397,592	388,499	375,960	465,362	519,635	669,446	588,537	138,523	298,124	421,043	
Lithuania	197,642	227,379	307,921	256,150	303,404	433,994	623,658	514,370	266,023	344,937	427,554	547,325	507,266	
Luxembourg	400,001	555,723	461,163	497,075	405,421	3,046,076	550,053	376,497	299,666	317,479	506,855	335,776	364,308	
Macao, China	28,291	18,936	23,708	27,961	31,449	38,569	35,296	40,027	40,037	48,718	59,101	81,127	102,054	
Macedonia, The Former Yugoslav Republic of	35,409	30,818	30,376	36,201	36,664	32,362	36,353	49,685	47,346	358,116	444,814	529,304	659,931	
Madagascar	9,578	4,551	9,866	16,984	11,961	7,760	14,371	26,778	20,521	19,466	31,889	19,520	19,015	
Malawi	11,782	20,419	16,772	22,134	21,201	19,776	27,218	31,391	44,078	27,005	29,395	30,542	23,975	
Malaysia	1,487,868	1,324,499	1,718,752	1,826,531	1,985,582	1,623,441	1,893,321	2,111,636	1,630,315	1,905,389	2,341,478	2,348,963	2,453,724	
Maldives	7,238	4,571	9,690	14,180	16,097	11,365	14,241	15,715	9,888	9,942	13,960	13,196	13,672	
Mali	24,534	30,461	24,317	21,603	9,931	7,908	8,417	12,927	9,807	9,959	12,960	15,523	15,832	
Malta	313,068	349,083	424,163	465,493	433,388	593,244	716,827	903,668	609,767	627,541	731,376	593,155	682,207	
Marshall Islands	1,343	7,616	8,565	612	4,903	5,021	8,966	84,568	40,575	273	426	564	1,428	
Mauritania	11,528	21,441	36,402	46,722	87,403	41,709	19,560	47,413	15,900	67,473	26,410	69,280	87,427	
Mauritius	75,299	84,729	78,703	80,223	87,298	83,437	104,758	96,782	83,252	90,961	115,094	110,892	98,691	
Mayotte	1,394	326	1,286	528	929	3,490	4,685	2,661	1,036	1,261	2,729	327	1,628	
Mexico	988,836	1,063,195	1,133,285	1,147,712	1,159,367	1,365,817	1,533,015	1,578,318	1,128,982	1,430,795	1,526,214	1,697,337	1,735,506	
Micronesia (Federated States of)	9	15	12	50	38	31	48	40	61	171	50	142	50	
Mongolia	3,464	3,655	4,316	3,151	8,820	6,602	7,117	10,558	6,528	17,153	31,069	17,569	32,458	
Montenegro	0	0	0	0	0	2,909	17,977	32,947	7,554	8,409	12,221	20,758	24,558	
Montserrat	1,638	2,006	4,217	2,133	1,440	1,219	2,500	1,696	999	806	914	667	11,062	
Morocco	533,643	529,267	583,629	624,886	480,459	564,382	627,681	903,068	468,270	814,756	876,672	959,977	700,861	
Mozambique	18,179	20,512	26,138	19,306	20,481	20,878	17,859	20,726	24,208	50,024	60,206	113,052	70,774	
Myanmar	13,610	11,020	8,172	3,965	18,106	6,709	7,292	6,522	5,696	8,169	9,684	20,389	69,183	
Namibia	18,227	12,552	16,454	31,922	31,468	24,238	25,623	31,205	35,579	28,679	59,692	121,388	86,295	
Nauru	1,150	691	657	816	208	343	137	4,920	58	341	31	129	207	
Nepal	8,542	10,345	11,347	12,058	10,506	8,428	11,044	12,329	9,913	14,165	16,652	13,824	12,688	
Netherland Antilles	51,428	28,401	32,335	44,448	42,224	192,955	199,230	136,377	80,534	73,192	121,624	413,386	43,451	
Netherlands	20,598,779	20,824,549	21,963,360	22,256,551	22,950,372	31,092,025	30,618,442	36,450,546	27,739,961	32,130,549	36,815,186	37,848,605	37,632,474	
New Caledonia	13,292	13,053	13,545	20,491	18,376	17,638	29,840	31,355	20,282	40,301	31,967	29,497	18,692	
New Zealand	448,596	468,974	575,943	750,298	742,293	668,544	694,741	670,418	513,083	604,097	813,735	903,581	941,366	
Nicaragua	4,042	7,074	6,014	6,708	4,162	5,739	5,329	6,984	3,685	6,947	5,955	8,847	9,529	
Niger	8,334	9,278	10,049	10,520	11,443	8,548	7,838	4,671	6,012	4,376	12,238	2,812	10,329	
Nigeria	984,405	1,088,455	1,232,640	1,438,540	1,487,693	1,540,903	2,051,144	2,665,074	1,935,913	2,115,763	2,524,425	2,523,470	2,424,319	
Niue	432	490	15	0	11	0	0	29	131	10	209	68	2	
Norfolk Island	12	12	26	22	35	95	14	25	10	55	34	133	46	
Northern Mariana Islands	1,708	1,323	1,316	1,020	2,414	677	768	52	78	63	21	118	57	
Norway	2,733,002	2,746,135	3,200,959	3,697,327	4,146,967	3,996,539	5,948,217	5,124,685	4,218,747	4,654,812	5,285,978	5,769,582	5,496,805	
Oman	434,937	382,925	433,220	615,654	684,094	387,725	537,981	803,989	550,633	640,255	623,884	714,673	868,720	
Pakistan	330,629	368,802	483,147	639,241	844,617	903,024	873,143	866,429	724,309	683,878	823,405	845,933	742,615	
Palau	56	77	26	141	495	108	417	21	9	168	170	101	70	
Palestine, State of	345	166	1,129	2,952	3,871	2,013	1,755	5,518	2,617	2,507	5,527	8,599	5,638	
Panama	92,909	110,956	141,385	131,938	143,414	198,988	340,074	276,592	183,698	262,390	270,962	306,890	289,219	
Papua New Guinea	6,219	18,230	13,037	10,498	8,476	8,965	15,608	12,897	22,071	38,685	31,061	71,563	76,538	
Paraguay	31,746	19,760	24,186	28,947	23,049	25,080	21,447	30,212	27,852	43,732	61,514	50,590	55,533	
Peru	59,339	65,853	73,791	77,016	84,393	97,064	135,516	163,064	121,713	184,664	234,984	260,095	262,318	
Philippines	566,339	532,210	628,952	579,636	508,132	447,504	497,954	432,292	404,089	441,588	457,531	527,180	585,363	
Pitcairn	1,284	913	176	5	106	373	1,236	769	88	385	433	370	550	
Poland	1,870,938	1,975,703	2,375,411	2,570,175	2,836,222	5,296,092	4,889,806	5,488,506	4,286,871	5,716,192	6,838,811	5,119,920	5,680,535	
Portugal	2,252,028	2,316,811	2,458,656	2,912,104	3,067,673	4,391,997	3,005,360	2,994,653	2,372,146	2,778,535	2,788,999	2,058,162	2,078,142	
Qatar	251,783	304,876	517,735	614,889	658,927	898,975	1,251,699	1,283,595	1,218,847	1,534,961	1,805,415	2,074,853	2,294,899	
Republic of Moldova	14,276	7,668	9,888	9,334	17,869	33,450	25,808	39,238	46,589	65,964	73,795	64,437	70,007	
Romania	492,038	646,111	830,195	1,112,373	1,169,894	1,114,287	1,305,450	1,379,740	1,059,107	1,183,469	1,494,890	1,401,524	1,449,247	
Russian Federation	1,293,893	1,485,757	2,318,575	2,699,755	3,415,748	3,802,561	5,677,296	7,755,205	3,595,040	5,334,285	7,667,131	8,744,455	8,104,342	
Rwanda	7,239	5,092	5,227	8,046	8,300	6,673	13,051	15,095	14,561	11,270	12,201	20,726	15,291	
Saint Helena	13,930	18,684	10,196	14,450	30,605	16,778	20,176	18,986	16,001	26,912	25,921	22,604	24,225	
Saint Kitts and Nevis	10,756	8,573	13,541	17,679	12,327	13,253	19,861	16,208	12,052	8,114	9,443	11,907	6,653	
Saint Lucia	24,485	17,638	24,760	29,613	31,170	49,901	29,572	27,978	23,466	23,451	24,902	22,932	22,323	
Saint Vincent and the Grenadines	13,281	9,930	14,938	15,596	13,440	16,272	16,391	14,448	15,562	14,837	14,281	13,905	21,973	
Samoa	6,865	1,956	705	322	971	118	1,296	2,053	618	2,451	1,171	2,024	276	
Sao Tome and Principe	4,828	4,160	749	692	1,266	586	319	127	230	355	643	482	595	
Saudi Arabia	2,183,490	2,182,368	3,018,998	2,975,470	2,907,494	3,080,003	3,755,720	4,240,751	4,150,995	4,757,624	4,930,243	5,165,375	6,590,855	
Senegal	59,279	56,004	86,324	123,585	187,308	371,332	277,642	882,140	426,959	787,000	985,393	1,486,461	500,484	
Serbia	0	0	0	0	0	159,921	193,423	216,822	154,435	140,588	180,256	198,984	219,321	
Serbia and Montenegro	73,649	92,468	107,274	121,126	105,077	0	0	0	0	0	0	0	0	
Seychelles	19,260	19,912	21,615	23,360	24,325	30,466	32,507	30,464	29,538	32,833	36,401	32,605	30,671	
Sierra Leone	89,145	48,337	52,865	44,076	47,503	34,116	36,098	50,042	32,478	61,189	105,180	107,299	113,386	
Singapore	2,308,954	2,199,286	2,617,230	3,147,284	3,796,675	4,350,411	5,033,684	5,358,414	4,465,284	5,136,098	5,937,257	6,905,516	6,665,452	
Slovakia	277,243	300,867	386,381	402,299	465,513	506,614	767,160	835,321	579,747	704,980	866,271	791,580	727,641	
Slovenia	226,936	276,404	259,822	291,938	303,372	364,844	408,113	408,934	273,485	332,595	381,990	323,310	316,920	
Solomon Islands	392	590	153	997	1,785	2,646	2,928	7,425	5,217	506	1,155	762	7,064	
Somalia	8,583	13,682	5,828	13,018	3,439	1,418	1,747	2,553	1,797	2,889	7,078	12,495	16,801	
South Africa	2,228,103	2,418,982	2,914,657	3,453,978	3,791,481	4,027,371	4,341,747	5,721,059	3,375,178	4,689,858	6,847,663	5,500,088	4,056,095	
Spain	11,780,314	12,884,267	14,376,439	17,133,877	18,928,619	24,190,054	20,646,167	18,894,844	14,258,902	15,039,555	15,454,985	12,924,131	13,260,575	
Special categories	0	0	0	0	0	903	0	0	0	0	0	0	0	
Sri Lanka	205,007	189,584	199,641	255,768	205,193	192,637	190,831	227,079	187,662	200,219	249,687	237,914	260,692	
St. Pierre and Miquelon	3,712	681	104	293	106	207	750	4	3	7	57	484	62	
Sudan (North + South)	115,221	106,239	145,909	167,895	255,389	285,075	231,340	264,390	192,575	213,701	194,335	219,602	159,071	
Suriname	11,548	13,736	16,528	18,008	16,658	17,760	16,014	14,799	17,585	15,296	24,234	21,045	25,736	
Swaziland	6,213	4,263	3,188	7,226	11,836	10,886	10,025	8,831	9,529	8,109	6,206	3,785	3,847	
Sweden	5,651,996	5,770,254	6,285,730	8,049,617	8,153,998	9,862,684	9,973,591	9,550,354	6,593,582	8,456,390	10,046,493	8,715,212	8,798,359	
Switzerland	5,432,616	5,155,847	4,763,865	6,151,575	15,230,094	9,315,065	9,837,281	15,386,704	7,938,211	17,217,429	38,653,409	16,207,201	71,151,757	
Syrian Arab Republic	99,396	125,954	133,930	162,656	197,850	149,922	145,036	171,793	230,521	205,796	136,799	41,849	26,376	
Taipei, Chinese	1,272,098	1,283,631	1,485,697	1,748,811	1,719,443	1,677,365	1,880,951	1,564,143	1,182,123	1,623,162	2,082,579	1,708,014	1,865,817	
Tajikistan	891	1,061	3,791	5,632	8,698	10,281	2,586	12,656	7,904	1,995	1,843	3,512	3,718	
Tanzania, United Republic of	94,973	92,058	92,358	123,322	129,922	163,449	171,953	177,774	151,782	183,654	352,068	282,192	267,377	
Thailand	857,773	800,827	950,721	1,206,056	1,171,215	1,091,479	1,209,480	2,244,558	1,386,477	2,340,661	3,286,374	3,230,802	3,695,540	
Timor-Leste	4,590	2,380	308	365	251	924	1,930	225	268	203	2,483	386	311	
Togo	48,772	38,778	62,184	50,196	177,220	268,998	68,314	82,570	30,217	30,232	164,348	448,206	142,285	
Tokelau	14,469	15,496	34,992	16,020	54,706	63,499	90,854	38,896	20,021	12,543	0	0	0	
Tonga	1,844	1,215	1,730	853	4,232	5,931	1,724	1,342	1,041	651	682	1,232	226	
Trinidad and Tobago	131,914	122,119	170,053	177,288	187,934	187,691	237,376	216,579	165,964	156,094	190,997	182,358	205,363	
Tunisia	203,654	202,900	246,879	277,872	242,685	236,807	215,293	404,216	239,192	312,406	233,696	252,125	250,757	
Turkey	1,730,834	2,082,763	2,870,321	3,623,917	4,046,540	4,572,659	4,798,042	4,646,511	3,540,375	4,876,302	6,305,503	5,571,480	6,793,630	
Turkmenistan	9,617	10,449	12,131	20,877	25,301	28,648	33,474	35,346	44,670	74,222	95,891	447,351	229,590	
Turks and Caicos Islands	1,121	1,750	2,475	3,404	5,731	4,115	5,120	4,304	5,104	4,016	3,043	2,881	2,799	
Tuvalu	205	51	34	5	142	320	10	44	1	47	0	0	0	
Uganda	50,131	50,513	60,191	66,692	67,743	71,712	95,383	92,463	77,796	87,483	100,594	100,636	76,805	
Ukraine	294,409	285,147	401,463	409,077	511,073	621,356	890,441	1,068,307	914,418	684,178	873,698	921,285	865,127	
United Arab Emirates	2,317,743	2,723,733	3,475,656	5,164,717	10,567,140	6,849,740	5,578,544	8,998,121	6,294,734	6,462,629	8,340,520	8,247,371	15,565,611	
United Kingdom	0	0	0	0	0	0	0	0	0	0	0	0	0	
United States Minor Outlying Islands	4,899	6,026	10,214	6,677	14,837	13,877	7,725	6,231	4,012	1,956	5,238	5,552	3,018	
United States of America	42,901,597	43,917,974	49,326,462	52,721,236	56,706,302	59,470,792	65,259,143	65,168,292	52,754,317	58,649,953	62,900,789	64,195,617	62,855,416	
Uruguay	71,303	46,548	51,837	56,448	68,155	73,719	70,370	116,669	86,217	118,078	184,846	169,534	246,738	
Uzbekistan	29,375	21,939	29,780	37,518	38,974	52,237	73,213	50,123	68,619	85,117	61,328	69,911	65,956	
Vanuatu	666	584	198	390	2,760	1,473	1,550	1,454	7,858	2,487	1,060	1,083	532	
Venezuela	451,623	350,764	235,236	349,727	429,167	433,543	501,389	487,057	434,513	396,846	3,895,821	5,902,796	453,680	
Viet Nam	130,201	119,988	164,450	193,156	148,476	175,819	268,154	325,027	328,485	427,087	521,616	463,137	475,754	
Wallis and Futuna Islands	68	2	87	31	0	0	0	0	0	104	10	33	14	
Western Sahara	0	0	0	0	0	0	0	0	0	0	0	0	2	
Yemen	105,812	114,398	131,367	122,613	113,010	113,692	135,656	129,418	116,883	116,411	90,085	128,602	158,977	
Zambia	34,348	28,620	35,083	42,640	54,322	64,886	71,865	82,221	65,242	70,558	112,328	141,350	137,911	
Zimbabwe	52,085	51,263	47,876	47,992	40,183	35,986	45,883	38,381	30,525	46,611	89,455	95,483	81,519	
