List of importing markets for a product exported by Ethiopia Product: TOTAL All products
"Importers"	"Exported value in 2001"	"Exported value in 2002"	"Exported value in 2003"	"Exported value in 2004"	"Exported value in 2005"	"Exported value in 2006"	"Exported value in 2007"	"Exported value in 2008"	"Exported value in 2009"	"Exported value in 2010"	"Exported value in 2011"	"Exported value in 2012"	
World	402,608	414,860	512,689	614,701	926,204	1,042,963	1,277,145	1,601,835	1,618,166	2,329,793	2,614,892	2,891,347	
Afghanistan	0	0	0	0	0	0	0	38	12	3	8	0	
Albania	59	137	87	124	17	1	0	64	240	188	82	82	
Algeria	831	874	389	898	300	1,100	1,749	672	175	646	1,131	1,403	
Andorra	0	0	32	0	0	0	82	0	0	24	110	10	
Angola	0	0	0	56	133	39	137	459	79	1,108	4,084	3,298	
Anguilla	0	0	0	38	0	0	0	0	0	0	0	0	
Antigua and Barbuda	0	0	0	0	81	0	28	0	0	0	0	25	
Area Nes	47	204	98	6,382	4,692	5,112	0	0	0	0	0	0	
Argentina	8	0	43	0	0	2	15	41	0	0	198	8	
Armenia	0	0	0	0	4	5	0	65	281	67	0	0	
Aruba	0	0	0	0	0	0	0	0	0	0	0	0	
Australia	838	895	1,280	1,401	2,175	3,555	4,057	6,557	6,068	10,974	11,911	22,748	
Austria	42	18	5	27	145	2	47	111	249	305	67	92	
Azerbaijan	0	0	0	0	0	0	6	0	0	27	0	0	
Bahamas	0	0	0	0	0	0	0	0	3	11	0	0	
Bahrain	0	0	1	5	8	313	66	273	373	1,160	1,821	3,393	
Bangladesh	362	339	278	461	0	42	11,212	2,182	888	844	4,711	131	
Barbados	74	0	0	0	0	0	0	0	0	0	0	12	
Belarus	0	0	0	7	0	0	0	5	0	0	28	187	
Belgium	7,299	12,389	14,525	20,156	24,052	33,647	46,736	54,986	35,605	56,643	69,458	76,275	
Belize	0	0	0	0	0	0	0	0	0	0	0	0	
Benin	0	0	0	0	0	0	6	0	55	67	27	164	
Bermuda	0	0	0	0	0	0	0	0	0	0	0	8	
Bhutan	0	0	0	67	89	0	0	108	0	0	0	0	
Bolivia	0	0	0	0	0	0	0	0	0	0	0	10	
Bosnia and Herzegovina	0	0	0	0	1	0	103	14	82	54	60	64	
Botswana	0	0	0	0	0	0	9	11	31	53	65	136	
Brazil	219	0	98	538	448	70	245	14	126	0	226	32	
British Indian Ocean Territories	0	0	19	0	0	0	0	0	0	0	0	0	
British Virgin Islands	0	44	0	0	0	0	0	0	0	0	0	0	
Brunei Darussalam	31	0	0	0	0	0	0	0	0	0	0	0	
Bulgaria	61	183	1,847	550	341	136	4,256	1,112	1,126	709	1,181	5,218	
Burkina Faso	0	0	0	0	0	0	2	21	132	192	588	368	
Burundi	0	37	0	0	14	0	136	38	49	31	174	14	
Cabo Verde	0	0	0	0	0	0	0	0	27	0	0	0	
Cambodia	0	0	0	0	0	0	6	0	12	17	8	43	
Cameroon	0	0	0	4	0	2	6	54	230	1,057	70	3,159	
Canada	2,281	1,627	1,699	2,625	7,677	5,167	6,768	8,599	9,015	8,580	12,139	10,249	
Cayman Islands	0	1	91	0	0	1	10	0	0	0	0	0	
Central African Republic	0	0	0	0	0	0	0	35	0	0	44	8	
Chad	0	0	0	25	0	0	108	10	92	114	78	105	
Chile	0	0	0	0	280	0	1	10	10	74	123	178	
China	4,511	7,411	5,029	15,047	90,444	101,353	69,582	85,080	243,129	241,763	283,443	320,919	
Christmas Islands	0	0	0	0	0	0	0	0	0	0	0	0	
Colombia	0	0	5	9	0	4	10	0	115	89	101	26	
Comoros	0	0	0	0	0	0	0	0	0	822	323	190	
Congo	0	0	622	404	140	252	110	650	104	381	375	258	
Cook Islands	0	0	0	0	0	0	0	0	0	0	0	0	
Costa Rica	0	0	0	0	6	7	46	108	21	0	0	0	
Côte d'Ivoire	0	0	37	0	0	0	3	55	72	47	79	60	
Croatia	0	0	39	0	0	45	56	187	521	462	3	7	
Cuba	0	0	85	0	234	56	0	7	68	0	1	1	
Cyprus	0	29	28	127	49	117	126	822	172	87	19	215	
Czech Republic	39	186	163	199	490	221	1,251	723	479	324	170	325	
Democratic Republic of the Congo	0	0	0	0	196	0	0	0	0	0	4	0	
Denmark	541	259	438	1,267	2,359	1,856	439	1,549	550	1,503	1,044	2,359	
Djibouti	71,357	54,340	99,415	26,777	53,513	53,696	59,904	57,280	51,576	67,059	75,644	107,166	
Dominica	0	0	0	0	0	0	0	0	0	0	0	0	
Dominican Republic	0	0	0	0	0	0	0	0	0	0	179	0	
Ecuador	0	0	0	0	17	0	1	0	116	0	3	24	
Egypt	2,581	4,887	2,223	2,385	14,355	8,967	7,866	13,074	15,656	46,324	46,128	44,322	
El Salvador	0	0	0	0	0	2	2	0	0	630	5,850	924	
Equatorial Guinea	0	0	0	0	0	0	24	0	38	2	93	5	
Eritrea	0	0	0	0	3	0	0	0	0	0	0	0	
Estonia	0	0	0	0	0	0	0	3	71	507	351	1	
Ethiopia	0	0	0	0	0	0	0	0	0	0	0	0	
Europe Othr. Nes	0	0	0	189	44	0	0	0	0	0	0	0	
European Union Nes	0	0	0	0	0	0	0	0	0	0	0	0	
Falkland Islands (Malvinas)	0	0	0	0	0	0	0	0	0	0	0	0	
Faroe Islands	0	0	0	0	0	0	0	0	0	0	0	0	
Fiji	0	0	0	0	233	0	0	0	0	0	0	0	
Finland	435	876	401	288	452	682	2,180	5,328	2,559	2,832	9,859	6,866	
France	11,552	11,128	8,518	11,390	16,580	26,576	19,911	24,118	18,024	37,808	50,199	52,625	
French Polynesia	0	0	0	0	0	0	0	0	0	0	0	0	
Gabon	0	0	0	0	0	48	0	0	26	25	236	108	
Gambia	0	0	6	4	42	0	5	0	0	0	31	45	
Georgia	0	0	13	1	329	6	174	202	119	5	124	23	
Germany	23,062	49,514	57,556	76,522	121,528	130,864	123,479	168,649	128,854	265,293	318,808	312,661	
Ghana	14	0	0	9	119	0	296	59	166	214	147	627	
Gibraltar	0	0	0	0	0	141	0	0	0	0	0	0	
Greece	2,938	4,784	3,659	4,342	5,836	5,519	8,349	20,641	7,129	7,351	10,024	7,747	
Greenland	0	0	0	0	0	0	0	0	0	0	0	0	
Grenada	0	0	0	0	0	0	0	1	0	0	0	0	
Guatemala	0	0	282	199	249	298	207	126	599	194	419	126	
Guinea	0	0	0	0	0	6	76	14	6	2	15	5	
Guinea-Bissau	0	0	0	0	0	0	0	3	0	0	8	150	
Guyana	0	0	1	0	9	0	0	0	0	0	0	0	
Haiti	0	0	0	0	0	3	0	314	44	0	0	0	
Honduras	0	0	51	0	0	0	51	0	11	0	869	0	
Hong Kong, China	1,227	1,287	2,414	2,564	2,854	3,309	4,644	5,909	2,968	6,676	21,546	33,073	
Hungary	175	283	503	459	360	114	936	638	414	392	319	1,795	
Iceland	11,775	2,326	301	0	843	3	222	0	0	0	182	491	
India	17,419	10,968	7,425	8,897	9,138	9,638	15,953	15,371	19,414	29,921	33,792	44,465	
Indonesia	3,378	2,420	1,392	3,688	1,325	971	1,171	4,030	1,402	8,723	13,706	15,067	
Iran (Islamic Republic of)	0	0	0	506	1,324	76	521	285	371	842	167	289	
Iraq	0	0	0	193	0	0	3	3	105	461	615	240	
Ireland	98	25	0	139	0	0	252	572	25	35	378	206	
Israel	14,040	15,131	14,352	20,128	23,991	21,480	31,240	50,413	46,471	51,859	67,204	70,934	
Italy	42,566	40,971	31,725	37,837	47,403	63,266	83,003	82,994	67,604	69,155	111,214	79,995	
Jamaica	0	0	20	0	0	0	0	48	1	5	756	212	
Japan	37,208	37,335	43,723	62,596	66,608	87,421	77,319	61,942	9,949	38,695	35,936	75,418	
Jordan	1,554	1,356	4,551	4,573	6,884	9,454	9,455	19,654	19,001	16,837	26,581	36,805	
Kazakhstan	0	0	0	0	1	0	0	1	0	22	1	2	
Kenya	650	23	829	1,024	2,458	2,591	5,237	4,444	4,335	4,732	16,577	13,312	
Kiribati	0	0	0	0	0	0	0	0	0	0	0	0	
Korea, Democratic People's Republic of	0	0	33	30	666	1,007	1,034	238	860	1,252	465	59	
Korea, Republic of	323	351	808	1,022	1,571	1,554	1,716	10,937	8,099	9,281	18,346	23,661	
Kuwait	0	1	53	35	112	46	167	707	567	693	3,113	1,804	
Kyrgyzstan	0	0	0	0	0	0	0	0	0	3	0	0	
Lao People's Democratic Republic	0	0	0	0	0	0	0	0	1,021	0	26	9	
Latvia	0	0	0	0	0	0	0	17	0	1,131	618	123	
Lebanon	132	159	2	334	22	78	581	1,985	2,715	751	4,454	2,690	
Lesotho	0	0	0	0	0	0	1	3	9	44	19	13	
Liberia	0	0	0	0	241	0	1	24	0	7	4	2	
Libya	0	0	0	191	279	0	334	14	223	131	144	11,698	
Lithuania	0	0	0	0	24	19	247	151	23	78	151	293	
Luxembourg	0	0	0	19,375	0	0	23	0	0	0	6	0	
Macao, China	29	0	28	109	0	0	56	0	0	0	0	0	
Macedonia, The Former Yugoslav Republic of	0	0	0	0	0	0	0	0	0	0	0	1	
Madagascar	0	0	0	555	22	0	50	281	43	236	0	166	
Malawi	0	0	0	0	0	59	117	22	7	162	35	90	
Malaysia	1,852	4,271	2,069	3,412	5,925	3,110	4,878	3,146	1,381	898	504	322	
Maldives	0	0	0	0	4	0	0	0	0	0	0	0	
Mali	0	0	122	0	70	0	39	227	52	83	43	3	
Malta	0	0	0	1	0	0	0	0	16	0	0	0	
Mauritania	0	0	0	0	22	0	80	27	0	0	0	2,149	
Mauritius	0	0	7	0	0	12	222	199	90	22	10	97	
Mexico	92	0	137	546	486	302	292	2,084	1,872	1,372	2,478	1,868	
Mongolia	0	0	0	0	0	0	0	0	0	3	0	18	
Montserrat	0	0	0	0	0	0	0	0	0	0	0	0	
Morocco	1,655	1,584	1,064	788	303	944	1,142	874	1,294	824	1,729	1,098	
Mozambique	0	0	1	70	5	0	74	31	42	40	310	143	
Myanmar	70	67	1	82	575	0	0	0	0	0	10	6	
Namibia	0	28	0	5	0	93	38	39	287	67	41	53	
Nauru	13	137	57	3	0	1	0	0	0	0	0	0	
Nepal	60	33	0	288	0	42	134	17	38	5	259	27	
Netherland Antilles	0	0	0	116	0	5	0	0	0	0	0	0	
Netherlands	4,646	4,159	5,664	17,730	33,198	40,600	79,521	119,173	143,280	173,416	181,207	173,747	
Neutral Zone	0	0	0	93	0	0	0	0	0	0	0	0	
New Caledonia	0	0	0	0	0	0	0	0	0	0	0	0	
New Zealand	92	267	175	88	62	177	1,100	1,483	1,518	1,641	3,358	3,957	
Nicaragua	0	0	0	0	0	0	0	334	0	1,066	0	0	
Niger	16	4	1	135	88	30	50	91	136	153	19	151	
Nigeria	309	90	16	26	0	0	282	426	117	407	259	374	
Niue	0	0	0	16	0	0	0	0	0	0	0	0	
Norfolk Island	0	0	0	0	0	0	0	0	0	0	0	0	
Northern Mariana Islands	0	0	0	0	0	0	0	0	0	0	0	0	
Norway	330	482	1,536	1,022	1,220	1,583	1,604	2,124	1,239	6,058	7,261	8,582	
Oman	0	685	2,067	0	0	0	52	114	432	1,477	936	2,559	
Pakistan	2,118	13,777	1,252	3,415	2,882	7,591	12,733	14,364	9,832	24,421	13,384	45,868	
Palau	0	0	0	0	0	0	0	0	0	0	0	0	
Palestine, State of	0	0	0	0	0	0	0	0	153	204	106	0	
Panama	839	1,004	0	0	0	0	1	74	227	0	0	110	
Papua New Guinea	0	0	0	0	0	0	0	0	0	0	72	0	
Paraguay	0	0	20	0	0	0	0	0	0	0	0	0	
Peru	0	0	641	78	0	30	41	0	22	100	196	48	
Philippines	1	0	53	220	0	86	233	482	131	213	104	910	
Poland	427	241	1,519	519	451	783	2,297	677	330	1,499	603	135	
Portugal	223	7,789	10,049	893	8,934	1,192	16,321	14,119	1,268	965	624	3,746	
Qatar	0	0	0	42	0	7	50	83	49	312	260	2,343	
Republic of Moldova	0	0	0	0	117	0	0	22	0	0	0	0	
Romania	1,574	1,080	1,295	1,639	1,171	1,643	1,538	2,810	1,970	1,907	3,871	5,190	
Russian Federation	227	329	413	1,291	2,052	2,510	4,915	5,247	6,095	6,621	10,274	14,556	
Rwanda	0	0	0	0	2	79	23	83	125	119	297	78	
Saint Helena	0	0	0	0	0	0	0	0	0	0	0	0	
Saint Kitts and Nevis	0	0	0	0	0	0	0	0	0	0	0	0	
Saint Vincent and the Grenadines	0	0	0	0	0	0	0	0	0	0	0	2	
Samoa	0	0	0	0	0	0	0	0	0	0	0	0	
Sao Tome and Principe	0	0	0	0	0	0	0	104	41	81	0	343	
Saudi Arabia	37,750	28,070	35,419	39,215	57,934	66,185	89,075	123,223	114,135	146,486	167,355	191,432	
Senegal	47	20	31	0	879	94	159	601	78	378	165	77	
Serbia	0	0	0	0	0	42	25	121	0	4	0	143	
Serbia and Montenegro	0	32	0	317	0	0	0	0	0	0	0	0	
Seychelles	0	0	0	0	0	0	0	4	0	0	0	0	
Sierra Leone	0	20	0	492	0	72	34	194	5	89	444	357	
Singapore	1,421	1,425	1,084	2,237	7,869	10,389	5,306	10,898	8,787	6,745	2,725	1,862	
Slovakia	0	0	0	0	1	4	325	297	213	175	353	245	
Slovenia	0	26	40	169	3	30	83	558	125	147	751	606	
Solomon Islands	0	0	0	0	0	0	0	0	0	0	0	0	
Somalia	13,412	9,635	28,853	17,992	58,808	59,850	73,401	76,916	134,713	224,122	243,311	259,831	
South Africa	166	1,234	2,765	2,207	1,717	2,968	4,391	5,866	4,211	73,696	6,509	13,673	
Spain	3,239	3,471	1,594	2,085	2,350	2,405	5,701	7,995	6,346	7,209	13,582	16,176	
Sri Lanka	0	64	20	31	47	278	25	12	652	533	297	841	
St. Pierre and Miquelon	0	0	0	0	0	0	0	0	0	0	0	0	
Sudan (North + South)	382	2,257	7,500	12,243	21,583	34,556	49,485	74,095	76,914	151,313	178,370	162,735	
Suriname	0	2	0	0	0	0	0	2	0	0	3	0	
Swaziland	1,597	978	1,205	137	2,280	899	923	2,076	732	360	1,801	1,034	
Sweden	1,475	889	1,968	4,089	3,155	2,615	12,602	5,632	10,826	23,703	38,979	27,175	
Switzerland	8,349	10,152	16,108	57,431	53,729	66,697	58,499	98,939	105,313	126,903	129,404	176,954	
Syrian Arab Republic	0	0	175	344	165	0	937	1,876	3,675	2,768	952	2,200	
Taipei, Chinese	443	368	1,580	660	560	2,142	943	1,314	970	1,783	2,064	3,041	
Tajikistan	0	0	0	0	0	0	0	0	0	0	0	0	
Tanzania, United Republic of	0	9	0	987	1,261	13	289	337	343	729	125	807	
Thailand	9,824	1,073	1,538	1,851	1,315	1,464	2,176	1,963	2,772	2,543	9,255	8,870	
Timor-Leste	0	0	0	0	0	0	104	236	0	225	135	0	
Togo	0	0	0	0	0	0	102	5	361	318	55	255	
Tokelau	0	121	0	74	31	0	0	0	0	0	0	0	
Tonga	0	0	0	0	0	0	0	1	0	0	0	1	
Trinidad and Tobago	0	0	0	0	0	0	0	0	2	0	4	23	
Tunisia	214	631	723	894	944	939	965	1,894	1,810	7,899	1,219	1,235	
Turkey	189	5,574	10,935	15,657	13,496	15,230	28,227	39,236	30,061	33,297	45,215	50,572	
Turkmenistan	0	0	0	0	0	0	0	178	0	0	0	0	
Turks and Caicos Islands	0	153	345	188	281	159	369	0	334	477	0	0	
Tuvalu	0	0	0	0	0	0	0	0	0	0	0	0	
Uganda	0	0	0	174	10	27	83	601	1,408	1,932	1,079	639	
Ukraine	0	41	14	288	176	30	179	603	616	132	189	273	
United Arab Emirates	6,440	8,134	10,770	11,949	33,849	28,433	42,315	69,523	72,686	111,322	82,549	79,922	
United Kingdom	15,772	17,341	15,635	22,041	25,184	29,541	31,977	47,650	58,177	57,807	67,510	48,321	
United States Minor Outlying Islands	0	0	134	35	109	0	0	0	0	0	0	0	
United States of America	19,554	16,666	22,721	35,623	43,585	50,940	107,202	114,683	73,477	102,287	97,954	116,088	
Uruguay	0	0	0	0	0	0	0	21	0	2	0	0	
Uzbekistan	0	0	0	0	0	0	0	0	0	7	0	0	
Venezuela	0	0	0	0	0	0	13	27	27	0	0	0	
Viet Nam	0	0	8	0	0	56	913	1,541	4,701	2,576	3,417	34,862	
Wallis and Futuna Islands	0	0	0	0	0	0	0	0	0	0	0	0	
Western Sahara	0	0	0	0	0	0	0	0	0	0	0	0	
Yemen	8,034	7,646	16,131	15,145	23,137	24,752	28,312	28,837	20,663	18,588	20,710	23,789	
Zambia	0	4	12	153	306	229	51	211	108	217	222	238	
Zimbabwe	0	0	0	701	57	98	71	65	74	248	680	470	
