List of importing markets for a product exported by Japan (Mirror) Product: TOTAL All products
"Importers"	"Exported value in 2001"	"Exported value in 2002"	"Exported value in 2003"	"Exported value in 2004"	"Exported value in 2005"	"Exported value in 2006"	"Exported value in 2007"	"Exported value in 2008"	"Exported value in 2009"	"Exported value in 2010"	"Exported value in 2011"	"Exported value in 2012"	"Exported value in 2013"	
Total	441,658,045	457,923,994	517,258,424	619,942,801	663,309,037	709,424,117	781,196,370	852,859,486	632,356,990	814,913,695	887,333,345	868,303,640	724,812,964	
Afghanistan								367,900	336,767	494,369	411,827	600,504		
Albania	6,099	8,580	8,251	11,235	11,310	13,071	20,393	29,839	24,596	22,793	28,061	23,836	19,605	
Algeria	206,763	372,649	380,355	656,421	780,971	709,698	1,064,596	1,416,735	1,193,754	1,570,193	1,072,895	929,708	1,002,267	
Andorra	43,577	50,018	71,213	83,340										
Anguilla	2,103	2,050	2,647											
Antigua and Barbuda					14,771		24,588		23,970	13,322	7,431	8,493	10,320	
Argentina	767,256	314,049	395,846	612,216	556,515	932,834	1,200,113	1,378,128	909,013	1,191,268	1,414,641	1,508,532	1,515,734	
Armenia	2,876	420	8,681	993	2,620	19,599	51,433	84,648	44,311	55,561	40,936	63,490	45,863	
Aruba					20,096				16,124	14,982	13,645	12,897		
Australia	7,891,818	8,573,451	10,582,929	12,258,777	13,058,613	13,019,354	14,940,696	17,155,350	13,223,281	16,327,493	18,577,829	19,712,941	17,946,305	
Austria	1,574,705	1,553,851	2,051,300	2,457,271	2,343,226	2,439,622	2,560,961	2,769,715	1,043,714	1,281,779	1,461,611	1,161,349	984,940	
Azerbaijan	66,656	48,444	101,489	127,123	70,611	188,294	295,091	240,465	146,209	146,305	174,884	243,113		
Bahamas	22,634	18,797	22,495	23,927	30,288	35,081	33,214	26,322	10,357	13,261	19,482	31,296		
Bahrain	225,600	315,891	445,640	404,997	571,343	482,288	602,234	1,015,769	580,269	753,906	589,226			
Bangladesh	585,579	567,472	580,499	1,095,967	746,787	888,380	894,248							
Barbados	44,551	45,036	53,454	60,425	127,693	59,863	58,803	63,203	41,396	42,905	41,289	35,818	34,645	
Belarus	22,848	27,211	39,267	44,426	58,208	139,967	208,839	315,297	205,558	184,763	245,486	179,688	213,126	
Belgium	5,118,235	6,274,636	7,585,775	9,082,498	9,062,256	9,463,376	10,524,614	12,569,907	9,611,556	9,220,756	9,105,866	8,774,430	9,584,608	
Belize	12,801	8,631	9,998	7,928	8,311	9,753	10,868	9,135	4,841	3,029	7,535	13,926	10,299	
Benin	18,519	20,431	30,305	13,824	20,379	28,164	25,687	29,626	21,156	14,791	31,619	17,711	19,325	
Bermuda												4,504	4,300	
Bhutan					14,726	8,724	9,243	25,461	11,529	18,507	33,193			
Bolivia	58,346	98,163	83,405	105,236	142,896	222,460	330,503	498,058	307,040	328,310	598,947	369,196		
Bosnia and Herzegovina			31,380	33,892	50,168	54,506	73,385	89,430	56,952	55,839	62,454	58,166	51,713	
Botswana	5,344	7,846	12,643	21,054	20,607	17,515	26,623	35,481	30,151	40,541	61,581	71,778	53,809	
Brazil	3,063,629	2,347,528	2,520,542	2,868,677	3,405,021	3,839,523	4,609,583	6,806,892	5,367,570	6,970,198	7,871,809	7,734,742	7,081,665	
Brunei Darussalam	71,574	205,756	124,296	140,208		214,648				255,715	211,421	268,017	212,027	
Bulgaria	76,683	89,003	137,566	188,469	218,862	312,030	389,404	508,315	106,243	92,759	95,380	81,544	86,548	
Burkina Faso	28,999	26,686	16,029	15,475	16,766		34,930	45,405	55,310	53,933	58,072	77,509		
Burundi	6,157	6,288	14,785	24,209	22,727	46,821	29,440	15,239	17,330	37,855	28,616	22,212	16,935	
Cabo Verde	0	14,978	19,692	16,623	13,871	21,296	26,823		21,083	17,129	25,252	17,215	11,980	
Cambodia	61,020	63,936	78,442	83,669	100,361	129,774	140,940	114,123	118,943	156,657	248,423	222,987		
Cameroon	84,091	84,660	122,641	111,403	90,254	86,278	112,864	159,557	138,109	154,969	170,257	157,743		
Canada	9,456,955	9,834,672	9,882,956	10,400,000	12,220,229	13,521,424	14,447,453	14,404,327	10,860,575	13,054,187	13,193,768	15,042,352	13,335,004	
Central African Republic	6,827	7,263	2,859			434	5,154	5,350	8,271	7,603	29,307	16,302	3,672	
Chile	548,457	533,725	707,139	991,195	1,270,004	1,464,610	1,982,839	3,210,059	1,594,364	3,392,398	2,956,569	2,596,367	2,494,867	
China	42,787,308	53,465,999	74,148,125	94,326,727	100,407,681	115,672,581	133,950,504	150,600,041	130,937,525	176,736,084	194,567,856	177,832,336	162,378,677	
Colombia	558,975	619,438	642,870	695,164	705,315	944,573	1,230,829	1,152,717	825,386	1,156,643	1,437,709	1,654,100	1,478,804	
Comoros	265	103	129	83	128	97	341	223	435					
Congo							3,744	5,132	3,648	3,630	6,827	7,555	6,676	
Cook Islands					2,760									
Costa Rica	229,967	296,204	307,727	483,552	531,622	586,999	731,575	822,695	657,811	499,451	688,732	560,595	529,061	
Côte d'Ivoire	54,271	71,028	58,101	108,679	79,905	106,228	163,893	204,565	146,655	176,098	138,642	189,331		
Croatia	142,837	163,926	245,605	280,454	273,652	323,720	416,727	439,566	287,207	244,526	235,221	182,259	24,213	
Cuba	85,933	68,884	107,390	158,750	265,199	162,477								
Cyprus	238,550	275,732	251,915	272,419	195,667	170,541	231,675	279,408	153,926	91,208	73,909	48,033	35,118	
Czech Republic	675,662	942,460	1,167,910	2,275,920	2,400,265	2,827,818	3,850,855	4,718,409	3,290,740	3,070,799	3,109,600	2,852,355	2,650,146	
Denmark	607,153	656,960	474,263	627,750	748,044	768,844	712,991	653,148	403,934	371,752	513,761	400,520	357,129	
Djibouti									35,408					
Dominica	8,302	4,729	4,994	6,828	7,656	6,649	8,116	9,998	8,408	9,114	5,838	5,024		
Dominican Republic	216,143	358,714	146,529	145,673	353,048	283,928	385,111	330,990	172,085	321,978	214,103	347,923	359,643	
Ecuador	376,340	391,538	310,970	352,990	347,130	456,976	494,700	768,583	560,127	692,676	900,948	727,654	867,842	
Egypt	365,673	333,276	270,663	343,388	464,589	547,437	515,324	1,841,767	1,435,990	1,440,186	1,375,716	1,591,824	1,449,861	
El Salvador	124,653	136,291	132,271	134,057	127,797	155,194	185,248	191,853	102,671	150,558	210,031	172,921	177,964	
Eritrea			4,966											
Estonia	223,275	224,725	325,648	366,530	485,844	593,295	618,415	539,133	279,369	278,106	380,701	417,646	399,248	
Ethiopia	78,485	112,959	195,788	232,318	145,882	230,984	427,825	381,966	358,518	473,480	443,385	497,354		
Faroe Islands	12,053	11,265	12,506	13,355	13,597	19,560	18,217	14,761	7,394					
Fiji		39,266	58,270	59,530	68,030	64,497	52,154	51,460	37,760	44,921	41,963	50,196		
Finland	1,426,246	1,461,214	1,703,512	1,881,013	1,916,468	1,998,036	2,205,640	1,846,087	581,486	501,379	521,379	392,602	372,248	
France	9,858,755	9,864,149	11,636,201	13,272,246	12,889,946	12,909,259	13,987,373	13,998,663	10,767,919	11,719,338	12,995,887	11,757,355	10,658,204	
French Polynesia	41,012	38,499	48,085	55,311	48,915	40,975	45,599	55,717	46,351	46,568	32,578	31,555	28,081	
Gabon	56,597	0	40,378	29,142	48,918	52,217	56,322	52,525	52,623					
Gambia	2,800	4,039	2,389	3,702	5,552	8,797	8,845	6,132	4,493	2,486	3,764			
Georgia	3,177	3,952	2,436	5,933	8,336	39,539	55,744	94,624	60,077	80,890	174,108	312,629	319,940	
Germany	20,370,217	18,686,397	21,654,140	26,232,760	27,025,351	30,161,029	32,996,181	33,933,942	25,233,986	29,232,371	34,802,781	29,856,553	27,472,641	
Ghana	52,681		99,489		119,469	121,235	163,773	188,815	116,533	148,912	181,494	269,264		
Greece	862,756	944,936	1,918,540	1,537,292	1,154,477	1,617,272	1,709,984	1,354,106	965,944	737,517	447,049	166,544	158,897	
Greenland	184	114	10,168	191	294	9,447	5,090	10,647	7,475	5,899	8,178	5,701	3,972	
Grenada	8,745	6,418	11,038	12,181	13,401	11,823	17,942	12,953						
Guatemala	289,676	339,997	248,581	282,152	398,450	299,876	396,071	366,771	285,773	276,586	303,879	276,278	255,135	
Guinea	23,165	36,242		23,455	17,734	34,410	58,434	47,428		30,014	10,903	30,894		
Guinea-Bissau			1,142	309	52									
Guyana	21,718	22,405	20,640	39,298	23,626	31,432	40,474	40,203	42,152	52,430	53,829	77,868	61,461	
Honduras	18,564	99,996	120,756	84,947	90,584	144,586	167,339	142,947	94,358	144,283	170,667	174,136	147,056	
Hong Kong, China	22,701,838	23,444,075	27,606,461	32,963,134	33,035,535	34,722,405	37,352,123	39,178,395	31,063,949	40,903,170	43,309,980	42,350,208		
Hungary	1,555,362	1,571,047	2,016,988	1,818,631	2,249,290	2,208,737	2,640,383	2,808,759	1,949,696	1,895,901	1,588,346	1,270,904	1,226,753	
Iceland	75,360	71,338	107,913	142,835	262,151	254,414	315,583	229,164	123,738	90,454	75,685	70,555	69,614	
India	1,788,176	2,139,663	2,333,143	2,962,042	3,678,528	4,743,469	5,832,826	7,784,411	6,688,836	8,265,086	11,218,263	12,362,967	10,489,824	
Indonesia	4,689,470	4,409,307	4,228,257	6,081,608	6,906,255	5,515,773	6,526,674	15,129,173	9,843,729	16,965,801	19,436,612	22,767,831	19,284,588	
Iran (Islamic Republic of)	718,705	719,417	959,947	964,362	1,174,414	1,045,269				1,554,814	1,415,344			
Ireland	1,796,168	1,890,179	2,591,567	2,700,725	2,612,223	2,179,403	2,236,026	1,688,952	908,778	1,056,537	1,106,266	1,339,280	1,383,437	
Israel	1,011,841	781,884	843,643	1,196,972	1,237,923	1,292,190	1,882,074	2,226,555	1,523,604	1,779,634	2,402,225	1,727,483	1,397,761	
Italy	5,618,329	5,021,527	5,969,064	6,865,006	6,191,121	6,830,412	7,330,457	7,367,389	5,413,444	5,680,507	5,871,369	4,109,560	3,408,040	
Jamaica	187,485	214,886	175,588	172,427	212,523	211,548	227,859	194,265	117,864	120,952	148,724	208,387		
Jordan	175,041	158,597	199,607	266,200		356,515	411,821	491,115	525,138	482,021	363,304	387,221	476,799	
Kazakhstan	141,958	164,612	212,042	398,179	598,586	914,143	1,369,664	979,333	635,111	554,782	645,050	904,849	1,059,409	
Kenya	197,219	190,862	209,323	278,870	305,371	408,086	611,196	649,334	632,703	734,576	669,220			
Kiribati					12,645		4,421	3,604	2,736	5,395	3,467	22,890		
Korea, Republic of	26,633,084	29,855,162	36,313,002	46,144,462	48,403,127	51,926,275	56,250,095	60,956,291	49,427,291	64,295,813	68,319,877	64,362,822	60,029,173	
Kuwait	752,214	962,780	1,083,956	808,858		1,377,955	1,822,674	2,384,439						
Kyrgyzstan	5,834	6,413	11,820	11,587	11,703	13,302	17,921	130,428	66,047	86,420	164,530	215,799		
Latvia	4,034	6,441	11,296	7,836	23,229	32,062	55,101	40,315	12,076	9,888	23,850	18,053	16,006	
Lebanon	235,366	217,296	269,008	349,212	306,925	285,022	394,530	619,756	670,636	622,297	404,064	352,355	373,921	
Lesotho	1,052	3,805	1,488					19,363	33,726	10,652				
Libya							476,789	533,253	478,894	707,138				
Lithuania	120,605	164,244	218,081	45,342	62,582	62,135	87,684	72,793	25,202	32,845	56,142	31,661	33,917	
Luxembourg	112,781	110,197	147,403	207,001	163,318	142,923	114,645	334,766	257,061	340,888	408,154	356,333	300,831	
Macao, China	130,505	171,387	248,964	335,060	426,558	381,656	482,809	454,816	381,855	477,832		533,843		
Macedonia, The Former Yugoslav Republic of	16,703	22,635	19,208	24,270	22,756	26,964	40,673		54,357	45,377	51,972	48,360	55,508	
Madagascar	37,084	14,122	31,012	51,823	40,630	42,616	66,457	122,055	22,883	18,222	41,017	45,754	48,043	
Malawi	19,005	20,591	32,839	35,954	14,729	10,747	16,241	32,728	18,049	62,515	49,904	60,917	82,886	
Malaysia	14,211,127	14,184,657	14,220,769	16,944,509	16,578,957	17,341,034	18,866,751	19,453,713	15,430,301	20,704,520	21,346,068	20,181,275	17,913,423	
Maldives	8,778	7,130	10,354	12,071	13,380	32,779	20,671	25,861	12,669	10,244	32,891	11,229	14,081	
Mali	40,450	37,520	44,835	35,731	35,338	48,155	41,100	91,922		121,584	60,132	41,027		
Malta	58,204	64,581	77,621	77,503	70,874	88,893	93,141	87,684	59,432	70,280	51,929	49,214	62,377	
Mauritania	11,948	13,763	22,371	21,907	23,864		48,336	53,346	41,934	45,743	46,863	64,795		
Mauritius	73,199	75,840	83,339	112,298	113,057	102,565	139,238	189,590	120,195	147,048	129,065	149,151	127,483	
Mayotte	3,211	2,804	4,042	4,697	5,150	4,852	4,845	5,557	3,645					
Mexico	8,085,237	9,347,720	7,594,572	10,582,958	13,077,785	15,295,164	16,342,984	16,282,454	11,397,111	15,014,691	16,493,499	17,655,206	17,076,115	
Mongolia	55,751		63,357	74,963	75,501	97,629	107,386						444,202	
Montenegro						23,034	57,497	59,886	27,527	26,160	27,429	19,934	21,856	
Montserrat	1,326	1,360	1,265	1,586	1,421	1,450	1,338	1,507	1,520			640	785	
Morocco	166,749	207,744	296,373	358,286	363,177	405,073	524,408	743,334	504,395	447,221	416,113	653,171	324,596	
Mozambique	11,770	89,224	29,787	16,969	62,594	67,345	93,954	127,830	141,572	126,267	185,393	147,199	240,271	
Myanmar										218,810				
Namibia	2,828	3,850	8,607	8,728	4,830	6,476	6,068	19,849	16,379	9,008	8,863	12,740	20,402	
Nepal			29,168						78,915	76,312	51,016			
Netherland Antilles					26,779	33,397	33,360	38,951						
Netherlands	7,789,724	6,044,333	7,310,034	8,403,693	7,594,491	8,138,938	9,859,575	13,986,401	12,049,360	14,211,094	16,423,581	14,119,096	12,947,478	
New Caledonia	30,293	35,104	39,880	50,274	61,758	63,590	72,198	108,006	79,757	75,259	72,744	62,357	67,596	
New Zealand	1,467,437	1,803,119	2,171,113	2,587,673	2,872,262	2,407,554	2,911,166	2,802,550	1,895,097	2,211,980	2,193,786	2,473,652	2,506,198	
Nicaragua	70,990	92,478	81,869	95,333	117,894	111,048	121,413	107,905	80,173	118,879	144,968	173,683	146,852	
Niger	15,856	20,585	25,415	33,151	22,772	32,610	45,967	44,615	70,392	75,382	65,284	100,158	69,721	
Nigeria	360,234	432,387	364,163			757,229	748,290	759,555	967,744	1,143,352	2,891,367	981,134		
Norway	1,225,165	1,067,969	1,434,350	1,642,291	1,757,141	1,728,349	1,771,760	1,971,613	1,707,783	1,693,984	1,974,496	2,047,957	1,935,243	
Oman	892,112	968,752	621,709	1,206,829	1,388,756	1,883,028	2,520,307	3,568,492	2,681,339	3,307,077	2,985,578	564,228	688,145	
Pakistan			861,934	1,154,984	1,632,767	1,872,407	1,654,965	1,724,286	1,289,444	1,594,711	1,860,297	1,875,373	1,963,191	
Palau												13,705		
Palestine, State of							103,109	17,012	18,712	20,328	17,013	14,837		
Panama	128,975	164,584	193,195		188,157	476,949	570,111	646,549	475,937	496,368	499,397			
Papua New Guinea	110,951	62,215	65,346	82,473							412,165	532,634		
Paraguay	96,341	55,403	50,032	92,401	98,848	203,317	258,457	447,921	342,168	356,210	394,863	311,216	278,368	
Peru	429,102	411,106	368,754	358,751	445,565	563,739	787,009	1,277,048	926,596	1,376,829	1,309,336	1,503,230		
Philippines	6,995,947	7,926,492	8,295,476	8,050,849	8,464,166	7,676,911	7,219,107	7,121,851	5,764,923	7,301,840	7,016,762	6,960,940	5,586,534	
Poland	967,031	1,019,261	1,247,605	1,711,185	1,992,199	2,076,783	3,171,156	4,381,193	2,957,052	3,567,150	3,676,762	2,809,345	2,806,688	
Portugal	728,842	679,910	756,713	809,622	723,459	687,111	774,752	858,622	382,455	472,374	467,276	616,051	316,551	
Qatar	357,858	426,533	512,739	313,543	1,171,167	1,973,325	2,361,761	2,688,208	1,816,660	1,753,998	1,253,255	2,138,072	1,917,516	
Republic of Moldova	7,966	5,520	11,708	15,869	21,340	22,545	43,935	83,605	31,563	34,390	43,729	30,942	37,318	
Romania	153,519	217,166	297,680	438,973	583,923	659,883	425,259	442,726	260,087	293,241	361,189	335,123	289,241	
Russian Federation	870,782	980,279	1,882,939	3,940,936	5,833,521	7,788,760	12,715,798	18,589,772	7,255,706	10,259,743	15,012,611	15,676,090	13,563,338	
Rwanda	15,343	17,682	23,675	18,358	20,021	20,087	25,986	39,124	35,020	13,402	54,518	56,352	179,059	
Saint Kitts and Nevis	4,746	7,349	6,521	5,813	8,051	10,666	10,118	9,835	7,434	7,131	5,244			
Saint Lucia	11,622	10,641	12,370	14,520	21,911	37,373	38,968	28,192						
Saint Vincent and the Grenadines	6,530	6,331	6,594	8,331	10,044	10,501	9,856	10,329	8,953	8,601	5,914	5,185		
Samoa	15,642	7,549	7,785	13,493	16,600	26,585	12,928	13,186	10,687	26,002	32,605	16,133	13,472	
Sao Tome and Principe	1,848	2,168	2,582	2,522	3,555	492	207	911	4,522	2,620	3,522	2,774	2,155	
Saudi Arabia	3,482,332	3,579,376	3,818,325	4,366,182	5,362,480	5,646,377	7,888,545	9,400,239	7,238,491	7,962,231	8,238,943	10,352,632		
Senegal	46,413	36,569	57,961	68,662	62,806	102,741	87,381	135,159	87,297	116,414	101,620	135,446	119,930	
Serbia					106,205	150,032	205,201	244,356	185,767	136,872	165,575	186,185	124,313	
Serbia and Montenegro	54,488	81,874		152,386										
Seychelles	9,005	4,248	5,549		5,474	10,173		21,825						
Sierra Leone		14,886												
Singapore	16,082,402	14,577,958	15,393,002	19,093,622	19,233,286	19,932,136	21,547,450	25,942,796	18,727,159	24,425,410	26,230,745	23,635,881	20,396,488	
Slovakia	237,167	308,195	427,376	583,910	646,257	870,090	870,041	1,051,367	727,637	1,139,799	1,157,582	1,271,657	1,110,124	
Slovenia	145,986	146,826	204,604	243,780	297,613	259,373	342,108	405,768	269,946	265,578	274,282	225,815	277,045	
Solomon Islands								13,394	6,543	16,545	15,890			
South Africa	1,721,714	1,819,216	2,433,922	3,257,012	3,715,886	4,458,144	5,249,379	4,882,611	3,093,702	4,245,287	4,726,254	4,622,682	4,077,491	
Spain	3,888,041	4,031,386	5,453,539	7,152,915	7,363,023	7,433,389	8,348,636	7,566,559	4,423,596	4,601,203	4,449,849	3,767,704	3,197,555	
Sri Lanka	337,391	355,006	448,264	410,910	379,431	449,558	412,826	424,334	221,788	584,841	1,025,097	554,543		
Sudan (North + South)	126,226	135,245	143,787	240,797	539,247	712,663		632,067	817,066	714,559	591,872			
Suriname	27,231			96,619	47,536	36,676	43,185		49,654	45,060	42,032			
Swaziland	22,376	20,843	12,486	7,554	5,765	26,082	30,094							
Sweden	1,430,127	1,496,005	1,848,500	2,117,966	2,332,931	2,464,940	2,627,192	2,616,746	1,852,952	2,459,828	2,247,154	1,873,306	1,363,872	
Switzerland	2,009,851	1,760,256	2,115,600	2,453,624	2,344,455	2,478,274	2,924,926	3,874,511	3,235,761	3,537,323	4,675,767	4,474,863	3,807,304	
Syrian Arab Republic	159,353	165,334	163,301	164,603	249,839	343,104	270,392	206,387	190,602	230,397				
Taipei, Chinese	25,847,712	27,276,718	32,513,488	43,496,104	45,940,297	46,283,563	46,016,715	46,622,156	36,312,868	51,940,359	52,167,510	47,650,045	43,265,896	
Tanzania, United Republic of	150,447	140,234	170,178	182,654	208,520	260,110	262,777	366,792	422,148	568,110	493,208	518,326	515,988	
Thailand	13,811,060	14,889,174	18,260,388	22,381,170	26,049,684	25,842,606	30,032,903	33,420,401	25,023,287	37,856,129	42,162,112	49,579,946	41,082,107	
Timor-Leste				1,269	10,535									
Togo	8,138	7,770	8,242	9,081	10,820		13,666	19,351	20,764	20,892	22,867	50,611	70,789	
Tonga	2,663	4,344	2,267					4,349	5,218	3,767	9,566	11,554		
Trinidad and Tobago	136,225	160,254	161,837	187,200	224,632	224,387	260,799	322,399	140,577	161,642				
Tunisia	170,863	158,692	198,849	255,102	212,956	250,063	289,615	325,931	237,908	312,599	293,491	341,780	293,384	
Turkey	1,307,372	1,462,786	1,927,096	2,684,287	3,109,218	3,216,725	3,703,442	4,026,764	2,781,735	3,297,783	4,263,728	3,601,411	3,453,194	
Turks and Caicos Islands	0	4	0	30							7	5		
Tuvalu		1,121												
Uganda	75,018	87,312	90,361	121,984	146,552	174,470	233,048	268,728	269,967	305,533	323,335	323,698	331,694	
Ukraine	161,786	184,397	377,670	423,379	548,163	848,617	1,406,621	2,795,406	519,505	801,830	1,014,034	1,197,792	984,972	
United Arab Emirates					4,677,114		8,073,723	11,610,284						
United Kingdom	13,342,577	17,276,385	19,072,526	21,604,010	22,433,951	20,932,711	21,995,254	20,709,058	14,379,757	16,463,606	19,936,132	13,828,517	10,966,684	
United States of America	129,708,154	124,633,011	121,232,306	133,339,174	141,950,220	152,244,040	149,423,010	143,351,759	98,401,031	123,555,965	132,442,051	150,401,123	142,148,497	
Uruguay	49,698	26,693	28,087	42,821	42,885	50,389	60,878	88,681	73,241	94,648	96,012	101,674	93,840	
Vanuatu						3,482	9,088		16,188	10,281	7,290			
Venezuela	749,115	435,875	194,536	534,831	712,137	843,894		764,529	624,460	449,550	506,552	343,286	456,232	
Viet Nam	2,183,080	2,504,652	2,982,059	3,552,593	4,074,117	4,702,120	6,188,907	8,240,307	7,468,092	9,016,086	10,400,666	11,602,055		
Yemen				241,630	284,863	573,482	464,446	507,050	518,673	492,381	319,632	410,177		
Zambia	31,082	31,367	23,403	28,916	41,586	47,356	51,920	86,686	66,367	84,839	150,550	246,520	307,873	
Zimbabwe	29,459	72,430		23,978	27,482	18,985	31,624	20,582	20,172	29,039	40,302	93,155	139,353	
