List of importing markets for a product exported by Pakistan (Mirror) Product: TOTAL All products
"Importers"	"Exported value in 2001"	"Exported value in 2002"	"Exported value in 2003"	"Exported value in 2004"	"Exported value in 2005"	"Exported value in 2006"	"Exported value in 2007"	"Exported value in 2008"	"Exported value in 2009"	"Exported value in 2010"	"Exported value in 2011"	"Exported value in 2012"	"Exported value in 2013"	
Total	8,899,427	9,065,731	10,169,127	11,751,799	13,035,373	14,599,884	16,641,395	19,838,136	16,136,682	19,423,795	23,935,981	22,042,344	20,077,546	
Afghanistan								482,427	307,469	597,503	877,754	883,021		
Albania	0	30	27	15	40	207	591	594	456	1,257	1,600	2,562	2,502	
Algeria	1,839	1,932	2,737	4,105	4,972	8,429	13,710	17,397	12,000	17,283	25,487	31,061	32,025	
Andorra	122	295	536	490										
Anguilla	0	12	0											
Antigua and Barbuda					0		30		11	28	28	26	45	
Argentina	30,770	5,017	17,426	27,291	29,542	40,190	45,478	53,421	37,954	48,762	64,408	52,463	61,111	
Armenia	753	122	59	648	274	3,468	5,620	3,820	2,787	4,137	5,000	3,403	3,792	
Aruba					20				0	0	0	0		
Australia	96,345	110,696	113,626	114,245	106,374	114,086	126,242	142,955	129,105	146,036	178,131	189,654	186,979	
Austria	50,218	47,003	55,914	65,037	70,006	77,969	86,644	91,178	43,402	48,615	61,418	48,715	56,613	
Azerbaijan	763	1,051	1,111	1,586	2,265	1,459	2,485	6,318	5,948	2,543	3,015	1,348		
Bahamas	0	0	7	0	0	0	0	0	0	0	0	11		
Bahrain	48,519	44,900	40,910	40,890	42,151	33,868	50,616	91,807	74,723	85,450	88,524			
Bangladesh	94,380	114,363	124,406	142,379	156,659	155,962	189,115							
Barbados	270	256	254	315	238	315	486	518	459	478	565	418	693	
Belarus	143	1,153	1,739	3,093	4,676	7,753	10,780	20,250	8,549	15,656	13,398	11,907	15,808	
Belgium	169,037	194,027	227,890	277,836	292,514	314,566	362,592	401,926	340,940	390,778	498,865	383,469	454,256	
Belize	0	10	1	8	3	6	56	84	83	38	24	93	146	
Benin	1,951	773	103	223	894	1,305	4,459	2,278	3,218	7,449	11,142	5,686	6,371	
Bermuda												124	103	
Bhutan					0	0	0	0	0	161	27			
Bolivia	553	335	201	228	206	345	359	1,127	664	565	585	618		
Bosnia and Herzegovina			852	1,337	3,148	3,676	4,687	6,598	6,338	5,483	6,825	6,035	7,258	
Botswana	174	302	379	104	554	394	315	343	814	853	1,721	2,255	3,001	
Brazil	6,952	5,650	4,480	6,525	10,876	29,747	50,022	72,499	44,634	62,061	79,790	92,332	85,400	
Brunei Darussalam	321	1,166	366	403		542				482	1,089	674	506	
Bulgaria	466	453	1,034	2,424	2,848	3,061	9,031	18,746	10,963	10,879	18,860	14,765	13,723	
Burkina Faso	6,443	1,477	11	215	13,393		17,749	5,401	13,291	16,418	17,432	1,987		
Burundi	97	19	31	51	38	12,173	4,910	233	1,833	89	1,532	3,302	429	
Cabo Verde	1	0	12	6	91	167	4		48	523	163	63	95	
Cambodia	4,507	6,569	6,020	9,201	10,959	13,185	15,282	16,540	20,528	17,307	15,696	34,677		
Cameroon	11,412	1,818	1,751	4,884	20,052	32,726	18,481	31,495	22,479	22,475	44,236	14,790		
Canada	177,779	184,413	196,679	188,527	204,475	248,331	226,867	231,260	213,317	263,292	263,481	277,929	286,055	
Central African Republic	463	0	0			0	2	71	296	302	2	246	291	
Chile	36,741	36,603	36,910	40,695	46,304	60,578	64,848	68,548	49,430	70,209	75,901	81,792	82,793	
China	581,874	557,497	574,936	594,749	833,169	1,007,214	1,104,226	1,006,800	1,260,256	1,730,949	2,118,460	3,140,394	3,207,103	
Colombia	12,606	9,575	7,477	5,954	20,586	34,121	43,801	36,950	34,395	44,244	61,990	68,325	58,239	
Comoros	1,697	22	0	23	2,732	3,796	4,830	9,021	26,604					
Congo							1,298	1,091	912	850	1,051	1,489	515	
Cook Islands					20									
Costa Rica	1,243	1,942	1,028	1,569	5,368	10,076	17,446	13,461	2,515	2,318	3,060	4,693	4,334	
Côte d'Ivoire	16,916	1,476	960	4,326	21,027	57,064	34,579	60,651	38,370	50,477	93,130	28,421		
Croatia	1,787	5,877	6,164	8,711	9,458	13,978	19,667	24,124	19,152	17,513	21,483	20,772	7,047	
Cuba	2,098	1,301	2,721	3,325	4,216	3,169								
Cyprus	5,890	5,334	6,761	6,672	6,608	6,243	7,191	9,111	5,434	5,195	5,984	4,300	3,319	
Czech Republic	17,247	24,045	23,573	28,826	31,806	42,170	61,311	86,350	56,481	81,705	105,617	93,859	103,249	
Denmark	46,333	37,793	50,006	57,330	51,228	61,724	74,559	104,032	75,889	74,542	93,909	86,987	95,383	
Djibouti									16,707					
Dominica	15	1	2	14	2	8	10	8	19	10	8	0		
Dominican Republic	2,882	2,096	1,228	2,017	3,003	8,154	10,534	19,397	15,849	17,123	13,722	15,163	8,053	
Ecuador	2,365	3,955	1,465	2,546	3,574	2,892	3,249	5,990	6,699	6,377	26,670	6,962	9,596	
Egypt	10,220	10,703	11,686	9,636	11,831	10,951	30,944	76,646	98,898	94,857	153,469	220,455	139,198	
El Salvador	872	1,156	1,462	1,247	16,924	19,914	22,472	25,232	12,615	11,563	4,244	3,200	1,730	
Eritrea			1,547											
Estonia	7,817	13,140	15,469	15,946	13,906	17,132	15,983	26,587	18,404	16,786	17,906	16,458	20,244	
Ethiopia	1,211	3,266	4,898	4,209	5,146	9,181	74,036	177,444	253,041	53,891	108,930	40,000		
Faroe Islands	200	180	245	218	267	258	393	310	292					
Fiji		1,119	1,546	1,804	1,084	749	1,083	2,799	1,419	2,404	2,660	2,601		
Finland	19,697	20,230	25,430	30,361	27,779	33,774	42,195	55,211	27,494	29,956	37,138	28,750	29,604	
France	338,988	355,218	445,476	520,271	509,002	523,887	619,283	705,379	622,392	682,517	868,718	708,667	800,083	
French Polynesia	616	695	654	849	578	669	792	822	753	670	698	925	569	
Gabon	522	0	166	280	236	283	167	415	405					
Gambia	60	81	151	176	3,923	1,612	1,611	2,572	5,147	4,091	2,478			
Georgia	0	0	16	605	93	446	288	156	270	1,960	4,943	5,791	5,409	
Germany	522,474	543,766	671,784	782,498	723,829	773,835	880,047	1,010,963	921,980	1,133,176	1,563,516	1,260,953	1,401,095	
Ghana	1,531		2,287		3,918	6,262	3,944	8,720	3,965	10,557	9,584	6,280		
Greece	47,550	58,972	77,642	99,090	82,097	74,265	89,145	91,123	72,656	58,875	55,783	44,302	52,645	
Greenland	0	0	164	0	0	158	31	236	445	454	388	275	292	
Grenada	62	32	7	11	62	84	155	615						
Guatemala	1,459	2,385	2,779	5,865	17,001	15,475	11,969	14,494	25,150	13,507	17,985	10,353	9,303	
Guinea	1,396	162		565	28,522	52,915	17,645	17,307		64,222	60,112	19,350		
Guinea-Bissau			0	0	0									
Guyana	62	77	61	126	22	251	456	1,283	348	614	819	763	647	
Honduras	128	806	2,384	1,921	1,048	872	656	2,038	309	1,029	1,159	3,513	3,929	
Hong Kong, China	539,234	496,750	499,367	601,666	583,776	653,127	633,493	456,451	366,576	500,461	446,545	427,065		
Hungary	17,412	20,908	25,052	21,364	17,539	19,578	17,279	21,053	13,779	14,746	14,991	12,394	11,193	
Iceland	1,065	1,108	1,495	2,287	2,283	2,967	3,161	2,723	2,154	2,320	2,670	2,837	2,902	
India	69,886	33,893	68,054	79,132	165,945	286,472	286,690	372,014	272,120	320,726	352,111	500,328	379,160	
Indonesia	192,713	84,671	47,005	50,643	46,138	35,663	47,450	64,642	76,408	99,230	206,214	273,225	168,742	
Iran (Islamic Republic of)	58,467	70,296	95,356	87,929	128,291	157,647				402,670	307,929			
Ireland	30,998	40,546	41,397	44,863	43,854	51,145	48,922	52,657	62,877	55,319	65,464	69,558	71,852	
Israel	3,700	6,342	8,287	6,291	4,952	3,919	4,007	1,644	2,308	1,806	828	847	12,326	
Italy	261,972	289,083	419,497	525,633	508,957	536,297	625,101	726,522	587,126	650,915	813,416	551,157	630,971	
Jamaica	661	934	867	859	698	4,374	1,210	5,298	1,470	1,529	1,427	2,037		
Japan	220,931	151,681	134,729	170,530	142,180	208,705	246,588	436,677	236,203	353,054	459,179	427,146	475,284	
Jordan	22,150	18,954	22,075	24,685		22,382	21,074	25,002	29,005	31,756	35,782	54,781	69,123	
Kazakhstan	1,034	1,228	2,016	2,181	7,233	12,120	11,828	8,954	15,377	16,459	29,587	21,022	39,834	
Kenya	26,945	53,922	57,262	38,073	43,892	61,561	74,371	81,403	100,405	103,614	198,198			
Kiribati					9		0	20	0	0	5	0		
Korea, Republic of	320,301	266,902	231,381	280,547	315,591	340,925	490,835	631,013	382,133	399,661	736,984	776,018	522,060	
Kuwait	59,723	59,601	71,433	78,029		87,087	109,022	156,096						
Kyrgyzstan	208	346	524	382	1,253	870	2,970	1,892	1,916	4,475	3,503	2,454		
Latvia	144	540	707	839	1,180	2,828	4,175	4,098	1,907	3,969	3,838	3,753	4,412	
Lebanon	14,695	11,075	11,746	15,484	17,616	14,004	15,708	20,951	20,261	20,630	21,158	22,757	28,582	
Lesotho	36	1,784	114					0	0	4,338				
Libya							3,038	1,861	3,227	3,814				
Lithuania	3,946	3,874	7,139	13,353	11,105	12,336	16,589	17,998	12,148	13,046	19,046	18,862	24,492	
Luxembourg	285	205	186	625	528	583	357	2,461	3,397	3,013	5,038	5,933	5,540	
Macao, China	2,359	1,293	1,730	1,376	1,132	735	854	656	156	485		512		
Macedonia, The Former Yugoslav Republic of	761	332	1,387	5,501	5,017	4,563	5,664		3,952	4,901	4,934	5,832	6,567	
Madagascar	24,656	4,005	24,844	19,474	24,964	27,404	47,930	54,663	42,584	65,062	103,690	65,426	119,034	
Malawi	2,377	1,949	1,322	596	1,407	775	1,694	2,518	11,144	5,643	6,546	6,974	9,572	
Malaysia	43,868	54,298	44,841	54,005	57,151	59,300	80,535	125,817	149,626	148,156	253,272	252,378	219,263	
Maldives	1,478	1,519	1,739	2,201	2,875	2,730	3,933	5,871	3,943	3,804	5,466	5,293	9,171	
Mali	856	322	234	533	4,013	16,642	7,979	7,860		6,132	2,045	14,797		
Malta	2,057	1,962	3,616	2,497	3,413	3,639	2,103	1,571	1,639	1,464	2,587	2,507	2,517	
Mauritania	167	11	74	153	279		215	668	643	2,214	2,681	13,597		
Mauritius	31,649	27,169	36,629	42,881	34,648	39,059	38,929	52,733	30,376	43,663	37,181	29,111	28,687	
Mayotte	142	67	59	114	95	104	143	145	492					
Mexico	53,728	66,635	71,451	103,118	114,418	114,374	110,247	134,853	118,958	140,889	185,744	178,622	184,347	
Mongolia	20		0	8	40	91	14						557	
Montenegro						157	436	795	415	669	480	714	964	
Montserrat	0	0	0	3	0	4	0	0	0			0	1	
Morocco	7,134	7,462	12,138	13,068	14,615	12,016	15,296	17,520	16,726	19,852	35,578	33,684	31,166	
Mozambique	30,352	11,440	13,934	11,225	26,736	41,923	41,609	38,063	55,118	49,220	61,465	25,125	77,558	
Myanmar										9,011				
Namibia	78	217	508	208	216	39	253	261	1,722	490	2,130	446	299	
Nepal			3,302						3,214	4,090	4,100			
Netherland Antilles					57	7	111	102						
Netherlands	200,408	187,208	223,265	248,637	208,744	250,093	288,449	394,112	356,655	366,591	483,650	405,438	499,961	
New Caledonia	499	571	666	569	835	829	923	1,170	1,137	1,575	1,573	1,464	1,474	
New Zealand	31,853	35,198	36,922	43,205	42,680	39,166	42,358	42,443	38,741	40,260	47,518	47,607	47,859	
Nicaragua	149	183	178	252	299	429	378	269	408	484	715	746	861	
Niger	20,246	4,534	406	939	29,249	16,411	18,642	39,123	22,089	13,019	27,096	52,327	60,609	
Nigeria	1,668	1,241	2,581			6,438	10,677	31,901	38,332	89,063	163,777	23,965		
Norway	34,231	38,575	45,024	46,305	56,069	67,172	71,742	85,225	78,641	83,933	98,193	73,883	86,589	
Oman	52,687	55,223	41,515	60,703	59,344	62,669	104,915	415,713	187,629	130,021	173,072	185,931	256,468	
Pakistan			0	0	0	18	0	0	0	0	0	0	0	
Palestine, State of							0	51	313	56	98	106		
Panama	480	530	621		852	11,799	12,879	11,284	10,546	9,753	12,607			
Papua New Guinea	246	158	143	93							406	2,346		
Paraguay	1,235	914	694	2,370	2,066	1,319	2,383	3,512	4,571	4,270	12,590	9,462	10,681	
Peru	3,678	6,735	11,901	4,171	6,360	9,045	13,936	18,759	15,510	17,754	33,514	33,273		
Philippines	15,823	18,971	13,082	14,995	26,698	45,809	45,853	116,913	51,247	182,562	86,715	73,831	60,071	
Poland	22,802	32,953	40,716	65,251	65,602	78,820	104,073	143,286	119,196	140,037	194,564	153,280	174,600	
Portugal	84,425	61,453	74,436	98,600	90,487	125,370	144,785	130,884	113,303	105,733	113,299	122,395	119,964	
Qatar	32,531	28,695	31,954	26,136	44,717	51,990	117,116	200,391	191,412	142,131	170,406	114,038	104,777	
Republic of Moldova	643	188	137	163	255	355	457	674	1,353	2,948	2,989	3,813	2,697	
Romania	6,901	5,396	8,262	13,290	18,650	21,626	16,679	26,113	24,433	26,407	30,651	28,804	24,671	
Russian Federation	26,038	17,890	18,680	24,633	47,209	111,902	104,242	154,342	148,000	240,221	349,313	332,200	349,974	
Rwanda	1,693	2,705	2,599	2,328	2,161	3,258	5,417	1,685	5,010	5,428	11,255	14,431	25,071	
Saint Kitts and Nevis	5	7	15	4	5	0	7	20	11	20	10			
Saint Lucia	385	432	377	370	639	492	419	344						
Saint Vincent and the Grenadines	8	20	26	36	45	36	107	48	64	105	50	77		
Samoa	6	16	7	18	36	0	0	11	18	0	0	8	0	
Sao Tome and Principe	0	0	0	0	0	0	0	0	71	0	953	23	58	
Saudi Arabia	127,456	127,441	152,490	169,564	199,059	197,870	195,793	342,129	339,063	346,746	426,607	410,607		
Senegal	360	443	940	4,031	2,527	2,102	3,791	26,806	12,924	17,872	12,762	22,957	17,490	
Serbia					3,705	5,735	9,054	9,893	8,856	9,209	8,573	9,730	9,816	
Serbia and Montenegro	274	1,849		3,092										
Seychelles	299	441	293		376	439		7,134						
Sierra Leone		2,422												
Singapore	49,414	57,007	44,370	47,804	36,755	46,005	53,441	49,724	53,585	90,798	75,938	64,818	120,495	
Slovakia	5,866	9,230	10,967	13,226	9,309	17,148	19,373	26,358	29,530	30,758	51,860	34,551	45,587	
Slovenia	2,060	2,591	4,015	7,028	8,931	11,593	14,826	17,434	13,640	14,016	15,427	17,251	17,176	
Solomon Islands								3	2	3	62			
South Africa	37,038	37,844	54,095	85,848	104,525	132,099	136,499	128,377	124,929	202,692	264,436	253,121	273,002	
Spain	196,645	232,114	311,766	368,650	365,180	444,160	523,097	559,873	466,367	486,328	597,223	512,579	591,734	
Sri Lanka	73,929	65,836	70,999	107,707	115,558	146,571	179,210	191,839	196,231	282,114	335,196	350,919		
Sudan (North + South)	6,792	21,450	12,219	18,384	32,097	44,469		38,463	70,439	96,339	64,396			
Suriname	8			82	155	259	222		309	370	557			
Swaziland	613	0	561	0	4,826	106	0							
Sweden	52,995	59,647	65,126	78,733	81,183	95,240	100,223	111,109	87,069	109,777	135,537	111,903	124,425	
Switzerland	22,652	28,998	27,396	34,079	36,972	52,614	59,876	65,137	58,095	60,459	82,067	114,935	105,269	
Syrian Arab Republic	0	0	20,999	25,028	8,657	5,627	7,444	12,529	13,690	17,843				
Taipei, Chinese	70,381	75,932	63,208	62,960	81,843	113,815	169,790	126,333	98,997	218,788	403,319	200,100	296,038	
Tanzania, United Republic of	9,802	21,574	13,231	7,564	7,074	15,118	12,248	17,352	27,945	43,117	88,959	78,615	97,516	
Thailand	53,923	85,780	95,135	60,973	83,780	102,906	68,078	91,214	113,432	80,354	117,239	104,656	99,406	
Timor-Leste				0	1									
Togo	1,244	1,136	512	209	986		1,557	1,423	1,493	2,066	2,427	1,677	1,839	
Tonga	0	2	0					24	6	2	0	12		
Trinidad and Tobago	5,445	4,002	3,894	4,188	4,545	4,396	5,700	6,377	4,505	3,932				
Tunisia	20,352	20,161	19,028	20,258	15,493	11,008	13,325	26,478	22,548	28,735	37,065	29,717	34,510	
Turkey	101,280	116,417	192,028	240,720	315,463	379,642	531,618	586,235	618,949	749,931	873,131	555,044	436,651	
Tuvalu		1												
Uganda	5,699	9,983	18,294	11,973	10,115	9,862	20,043	18,649	20,998	26,500	68,360	55,741	67,515	
Ukraine	3,441	3,240	4,464	9,076	10,055	10,497	14,499	29,632	24,564	55,220	68,184	121,545	93,826	
United Arab Emirates					520,360		778,659	1,405,071						
United Kingdom	628,649	841,198	931,757	1,130,784	893,100	995,529	1,105,436	1,207,967	1,142,890	1,317,668	1,545,481	1,307,307	1,450,648	
United States of America	2,419,988	2,482,347	2,733,821	3,089,667	3,492,879	3,964,457	3,830,622	3,828,338	3,361,197	3,728,075	4,023,691	3,831,018	3,887,684	
Uruguay	2,821	1,335	1,091	2,799	3,090	3,764	6,617	9,440	7,110	8,450	12,536	9,623	7,493	
Vanuatu						1	0		0	0	0			
Venezuela	7,184	4,279	1,191	8,614	14,023	10,606		26,888	24,450	10,775	6,410	15,469	17,060	
Viet Nam	14,306	27,620	17,361	30,233	38,273	32,469	53,147	54,676	82,039	109,644	156,025	215,859		
Yemen				24,339	30,802	38,434	81,096	92,397	89,233	95,890	179,901	95,112		
Zambia	2,042	1,881	2,525	2,480	2,055	1,359	1,606	1,949	2,507	4,672	4,026	6,056	5,043	
Zimbabwe	804	5,063		1,781	886	2,696	8,798	1,914	1,891	9,441	19,447	35,355	53,181	
