List of importing markets for a product exported by Guyana (Mirror) Product: TOTAL All products
"Importers"	"Exported value in 2001"	"Exported value in 2002"	"Exported value in 2003"	"Exported value in 2004"	"Exported value in 2005"	"Exported value in 2006"	"Exported value in 2007"	"Exported value in 2008"	"Exported value in 2009"	"Exported value in 2010"	"Exported value in 2011"	"Exported value in 2012"	"Exported value in 2013"	
Total	601,620	546,161	578,818	658,708	642,609	669,532	797,479	979,854	931,187	1,055,602	1,315,229	1,548,823	1,472,249	
Albania	0	1	0	0	0	0	0	1	0	0	0	0	4	
Algeria	1	2	1	0	0	2	2	0	11	0	0	0	2	
Andorra	10	0	31	0										
Anguilla	188	790	1,804											
Antigua and Barbuda					1,989		3,792		3,802	3,185	3,615	3,521	3,108	
Argentina	274	59	0	4	0	4	0	0	0	0	1	16	15	
Armenia	0	0	0	0	0	0	0	252	0	0	0	0	0	
Aruba					823				0	0	0	0		
Australia	710	295	148	681	908	827	715	821	970	704	733	726	424	
Austria	160	7	17	42	54	678	149	497	3	16	154	0	317	
Azerbaijan	0	0	22	0	0	0	0	4,172	0	0	0	0		
Bahamas	11	0	16	0	76	50	50	182	24	28	44	24		
Bahrain	0	0	0	0	0	0	0	0	0	15	23			
Bangladesh	0	0	94	0	298	2,236	119							
Barbados	10,234	10,575	12,281	15,562	14,975	17,410	18,629	18,933	17,057	16,288	16,666	12,863	10,806	
Belarus	0	0	0	0	0	0	0	0	5	2	3	3	1	
Belgium	37,092	24,246	42,605	45,757	26,769	32,282	29,640	29,822	21,410	17,134	18,549	20,244	50,129	
Belize	730	610	615	979	1,008	753	623	653	426	12	188	914	1,109	
Benin	92	0	23	0	0	115	27	10	0	0	7	21	0	
Bermuda												15	1	
Bolivia	18	0	0	0	0	0	0	0	0	0	1	0		
Bosnia and Herzegovina			0	0	0	0	4	24	10	1	1	10	11	
Botswana	0	44	0	38	0	0	0	0	0	20	0	0	0	
Brazil	26	26	0	10	12	0	1,973	295	992	67	51	185	26	
Bulgaria	3	0	1	1	7	3	13	2	0	0	0	0	0	
Cambodia	0	0	0	0	0	0	0	0	0	0	0	0		
Cameroon	0	0	0	0	0	0	0	0	0	0	0	0		
Canada	135,302	143,662	143,822	152,146	121,538	125,357	150,975	212,014	264,058	282,426	398,815	454,420	472,424	
Chile	337	2	286	331	1,103	1,502	719	1,157	779	36	483	80	5	
China	2,371	3,997	300	1,175	7,569	17,682	18,105	17,359	10,747	17,280	14,528	26,057	21,118	
Colombia	865	236	95	1,276	1,159	1,041	984	1,202	889	2,015	2,613	8,076	4,931	
Congo							0	0	1	1	0	0	0	
Costa Rica	0	1	268	7	4	0	0	4	168	66	403	695	1,014	
Côte d'Ivoire	0	0	0	0	1	0	0	0	0	2	2	8		
Croatia	15	0	6	78	234	79	46	93	2	1	111	13	0	
Cuba	1,348	1,133	716	175	899	431								
Cyprus	0	0	0	0	0	18	0	0	0	0	0	0	0	
Czech Republic	117	142	174	267	44	177	1,860	1,955	1,333	140	66	79	139	
Denmark	81	0	28	150	192	183	270	75	6	24	105	237	63	
Dominica	1,679	1,406	1,533	1,897	1,733	2,140	2,884	3,493	2,534	3,284	3,383	2,233		
Dominican Republic	0	0	10	498	317	136	541	86	474	579	3,258	1,973	4,145	
Ecuador	600	1,179	626	359	1,172	1,104	1,345	1,803	833	1,953	477	1,367	1,484	
Egypt	0	265	0	0	0	0	0	0	3	0	0	0	0	
El Salvador	18	1,036	0	1	97	8	0	0	8	0	1	5	2	
Estonia	0	3	14	18	18	21	142	25	21	26	6	20	44	
Ethiopia	0	0	0	0	0	0	0	0	0	0	0	0		
Fiji		7	0	3	0	0	0	0	0	0	0	0		
Finland	7,805	1,093	4,381	174	190	196	125	168	21	0	20	4	111	
France	10,176	13,701	8,213	13,339	9,218	30,013	43,527	12,816	18,120	11,353	17,898	19,711	8,961	
French Polynesia	0	0	2	1	0	0	1	3	122	284	7	141	145	
Gabon	0	0	0	0	0	0	0	8	0					
Germany	4,774	4,516	6,020	3,841	6,035	8,413	10,984	13,354	9,299	13,582	11,612	16,611	13,543	
Ghana	3		0		0	155	398	5	5	1	0	18		
Greece	0	1	3	18	4	0	4	0	23	0	0	0	0	
Grenada	2,191	2,623	2,191	2,793	3,970	3,673	3,798	3,852						
Guatemala	0	0	0	0	7	203	312	599	78	25	5	11	90	
Guinea	0	0		169	1	0	0	0		0	0	1		
Honduras	328	17	141	54	123	8	31	0	1	0	0	2	0	
Hong Kong, China	2,094	3,555	3,483	5,500	5,572	4,576	7,027	6,773	4,583	7,672	9,251	12,816		
Hungary	8	13	43	12	9	0	2	525	3	0	1	1	0	
Iceland	0	0	0	0	0	0	19	496	19	0	0	0	0	
India	1,976	1,594	5,424	13,696	21,277	10,673	15,493	11,484	6,105	11,095	10,266	5,087	6,125	
Indonesia	0	0	52	329	331	69	59	417	6	437	301	1,312	437	
Iran (Islamic Republic of)	0	8	0	0	0	0				0	0			
Ireland	76	43	29	2	40	104	290	1	16	129	2,405	1	1	
Israel	56	0	9	0	11,157	8,178	5,959	2,037	1,091	398	1,197	80	1,678	
Italy	2,263	2,137	1,781	2,521	6,562	1,637	6,016	7,371	6,826	8,891	3,440	6,899	2,955	
Jamaica	30,870	30,510	28,666	32,180	37,444	30,839	35,859	49,781	45,298	42,210	51,294	40,395		
Japan	3,920	3,202	3,137	3,348	4,591	4,997	6,128	7,937	7,476	8,091	6,547	11,847	4,187	
Kazakhstan	19	8	25	0	0	5	3	2	2	9	14	39	48	
Kenya	11	16	0	182	0	0	0	0	72	0	0			
Korea, Republic of	1,471	2,836	37	1,391	2,017	1,407	120	2,169	1,158	1,574	1,228	1,958	1,210	
Kuwait	0	0	0	0		416	0	119						
Latvia	0	0	0	0	0	0	0	0	0	0	5	0	0	
Lebanon	0	35	42	27	38	152	99	316	102	392	273	71	80	
Lesotho	0	0	0					0	0	5				
Lithuania	0	5	1	69	15	0	0	0	0	0	0	0	0	
Luxembourg	0	0	0	0	0	0	0	0	29	0	3	1	0	
Macao, China	0	11	0	0	0	1	0	0	0	0		0		
Macedonia, The Former Yugoslav Republic of	0	0	0	0	0	0	0		0	0	1	0	1	
Madagascar	1	1	6	11	89	1	22	0	0	0	1	14	3	
Malawi	0	0	0	1	0	0	0	0	0	2	0	0	2	
Malaysia	263	68	16	261	61	383	505	594	617	2,762	2,868	2,110	2,950	
Mali	0	0	0	0	0	0	6	0		0	0	0		
Malta	0	13	11	0	0	0	0	0	0	0	0	10,564	0	
Mauritius	0	0	0	0	1	2	137	497	534	308	108	95	71	
Mayotte	0	0	16	0	0	0	4	0	33					
Mexico	685	58	589	2,248	4,591	1,375	3,384	7,055	1,563	2,719	9,462	9,902	8,913	
Mongolia	0		0	0	0	0	0						2	
Montenegro						3	17	0	0	0	1	0	0	
Montserrat	15	9	18	13	25	11	72	24	65			47	55	
Morocco	0	31	0	2	1	3	10	1	0	0	6	0	0	
Mozambique	0	0	0	0	0	0	0	1	8	0	28	0	0	
Namibia	0	0	0	0	0	2,350	0	0	0	0	0	0	0	
Netherland Antilles					456	108	534	680						
Netherlands	13,036	8,519	12,433	16,417	17,004	28,029	27,555	63,544	53,312	64,155	61,342	54,577	20,996	
New Caledonia	1	4	1	2	14	27	4	11	10	8	58	10	8	
New Zealand	512	124	156	421	943	263	922	2,589	1,204	1,543	1,235	1,788	1,593	
Nicaragua	110	0	0	0	0	0	0	2	0	9	0	0	0	
Niger	0	0	0	0	0	0	0	0	0	0	0	6	0	
Nigeria	394	51	769			53	5	10	0	0	0	0		
Norway	12	0	0	31	0	90	59	35	12	9	24	20	19	
Oman	11	173	66	5	0	0	0	0	0	0	0	0	0	
Pakistan			22	64	84	11	28	67	69	30	48	79	62	
Panama	60	74	10		542	260	81	110	521	656	99			
Papua New Guinea	22	6	40	0							0	0		
Paraguay	0	0	0	0	0	0	0	0	0	0	0	0	0	
Peru	324	36	316	466	271	204	440	0	370	690	7	592		
Philippines	0	0	0	0	0	0	0	0	0	0	0	114	19	
Poland	300	234	428	666	725	82	229	3,247	1,157	2,156	3,051	1,879	804	
Portugal	22,236	30,862	41,134	65,102	56,603	48,407	66,915	53,961	31,527	58,199	45,121	22,126	30,870	
Republic of Moldova	1	0	0	0	0	0	0	0	0	0	8	30	32	
Romania	5,767	34	0	0	1	13	0	0	1	0	0	0	0	
Russian Federation	56	1,932	10	32	21	67	368	376	249	277	682	668	1,573	
Rwanda	0	0	4	0	0	0	0	0	0	0	0	0	0	
Saint Kitts and Nevis	200	370	453	403	890	1,048	1,382	1,748	1,586	1,681	1,392			
Saint Lucia	4,120	3,008	3,556	4,481	4,208	5,872	5,102	4,324						
Saint Vincent and the Grenadines	2,156	2,098	1,649	2,550	1,949	2,868	3,233	3,984	3,129	5,292	3,821	4,309		
Samoa	0	0	0	0	0	0	0	0	0	0	0	0	0	
Sao Tome and Principe	0	0	0	0	0	1	0	0	0	0	0	0	0	
Saudi Arabia	297	3	92	184	53	209	39	0	432	122	335	0		
Senegal	0	0	0	0	0	0	1	252	0	0	0	0	2	
Serbia					2	0	10	0	3	10	7	0	126	
Serbia and Montenegro	18	10		10										
Seychelles	0	0	0		0	1		0						
Singapore	18	0	117	145	877	426	235	1,898	25	139	121	79	163	
Slovakia	8	21	9	8	9	162	0	0	9	4	8	68	14	
Slovenia	4	79	1	2	16	0	7	10	24	33	20	15	2,036	
Solomon Islands								0	0	1	1			
South Africa	12	60	96	13	43	155	18	148	73	355	81	51	22	
Spain	1,536	13,386	4,452	6,343	4,381	4,466	4,817	9,338	9,990	8,163	9,915	8,239	4,957	
Sri Lanka	2	0	0	0	10	0	0	0	1	0	1	0		
Sudan (North + South)	106	23	0	0	0	1		0	98	30	0			
Suriname	6,716			6,032	6,882	8,708	8,420		6,039	8,382	13,936			
Sweden	26	2	13	16	467	1,752	1,885	599	10	79	3	9	40	
Switzerland	263	129	147	586	1,340	221	203	228	289	139	75	41	127	
Taipei, Chinese	386	8	328	2,736	4,913	7,416	3,872	3,553	1,260	2,339	1,850	3,089	3,847	
Tanzania, United Republic of	6	101	1	0	0	300	0	0	0	1	0	14	0	
Thailand	0	5	83	98	1,995	764	794	3,373	1,306	1,815	162	8,985	1,952	
Togo	179	25	43	2	38		30	0	0	0	0	0	0	
Tonga	0	0	0					0	2	0	0	0		
Trinidad and Tobago	16,334	15,743	22,567	25,917	21,856	18,618	25,453	31,535	25,803	25,195				
Tunisia	112	0	1	58	86	0	2	0	60	1	0	0	0	
Turkey	0	0	23	410	62	132	244	320	601	2,413	4,320	2,575	4,397	
Uganda	6	0	25	0	0	0	0	0	0	0	0	0	0	
Ukraine	14,545	2,117	2,220	35	14	11,989	36,910	48,034	58,591	44,839	57,660	53,166	64,391	
United Arab Emirates					1,929		5,599	1,395						
United Kingdom	87,212	75,490	80,794	80,048	80,767	68,330	81,539	141,307	119,421	52,147	75,188	107,345	109,288	
United States of America	160,705	133,907	135,842	138,101	133,008	140,767	146,432	169,967	178,927	311,707	432,054	534,626	478,782	
Uruguay	0	0	0	0	48	61	94	25	17	0	90	0	46	
Venezuela	2,524	1,670	754	937	536	6		1,675	913	65	9,985	70,780	123,193	
Viet Nam	0	29	291	2,747	3,198	3,563	0	8,172	4,305	5,674	0	0		
Yemen				3	0	0	0	0	0	0	0	0		
Zambia	0	0	0	0	0	0	0	1	0	0	0	0	0	
Zimbabwe	0	0		0	0	0	0	1	0	0	0	0	0	
