List of importing markets for a product exported by Czech Republic Product: TOTAL All products
"Importers"	"Exported value in 2001"	"Exported value in 2002"	"Exported value in 2003"	"Exported value in 2004"	"Exported value in 2005"	"Exported value in 2006"	"Exported value in 2007"	"Exported value in 2008"	"Exported value in 2009"	"Exported value in 2010"	"Exported value in 2011"	"Exported value in 2012"	"Exported value in 2013"	
World	33,384,210	44,263,576	48,720,350	65,771,587	78,208,548	95,140,986	120,900,492	146,087,029	112,884,321	132,140,914	162,391,721	156,422,743	161,001,987	
Afghanistan	157	832	1,449	5,226	4,742	4,452	7,563	47,224	30,417	20,352	13,555	11,020	8,224	
Africa not elsewhere specified	0	0	12	66	0	0	225	194	578	466	450	252	487	
Albania	10,996	17,072	13,840	18,494	24,349	20,310	20,402	29,499	28,984	32,782	39,550	28,638	28,896	
Algeria	28,357	44,331	67,352	65,003	79,924	63,631	62,097	91,294	158,966	121,948	136,220	179,732	221,179	
Andorra	278	166	241	1,165	1,485	3,543	2,142	2,255	1,891	1,471	1,547	3,099	3,964	
Angola	1,312	230	270	2,400	3,623	7,871	7,886	35,238	11,782	27,604	39,162	32,033	24,569	
Anguilla	0	0	0	0	108	124	8	11	119	39	10	0	28	
Antigua and Barbuda	0	31	93	55	4	247	107	328	218	256	4	43	23	
Area Nes	95	90,420	132,713	38,186	17,543	201	962	187,647	5,021	8,097	26,894	39,586	28,293	
Argentina	9,997	22,250	16,327	23,300	32,270	35,807	42,002	43,590	273,762	59,552	85,724	69,718	98,357	
Armenia	5,123	4,464	4,288	7,346	7,564	12,441	17,053	32,376	22,580	27,996	85,265	38,768	25,260	
Aruba	135	41	24	32	45	287	1,178	84	57	3	125	270	149	
Australia	28,992	50,541	56,939	100,578	103,900	159,972	246,614	306,061	192,724	296,526	405,761	517,664	678,595	
Austria	1,921,348	2,652,784	3,042,768	3,852,483	4,302,665	4,856,498	5,566,282	6,921,695	5,314,517	6,211,637	7,396,031	7,232,771	7,319,828	
Azerbaijan	14,707	17,560	24,882	25,708	37,140	48,898	60,004	90,400	88,255	103,320	186,753	141,142	170,343	
Bahamas	628	2,295	876	2,593	4,990	6,813	1,491	377	21	111	235	339	1,489	
Bahrain	2,145	1,641	2,148	4,658	5,761	5,640	8,807	9,512	14,613	12,939	10,840	17,254	11,927	
Bangladesh	8,028	6,293	5,994	15,356	14,259	20,761	21,608	25,987	24,617	28,624	25,638	24,843	20,653	
Barbados	1,520	2,791	447	568	350	529	218	174	146	99	77	72	65	
Belarus	51,907	49,481	63,483	87,249	98,155	115,780	179,367	299,560	195,950	328,559	345,769	401,862	485,104	
Belgium	998,315	1,022,972	1,091,690	1,646,733	2,076,542	2,726,804	3,453,866	3,918,942	2,871,733	3,266,503	4,004,560	3,742,017	4,062,618	
Belize	1,469	1,075	1,595	111	290	1,385	1,497	1,053	1,410	1,697	1,008	3,997	6,360	
Benin	999	959	1,100	585	1,477	1,421	2,017	2,853	1,549	1,139	1,316	1,431	1,577	
Bermuda	41	354	34	829	26	54	77	43	66	380	277	86	114	
Bhutan	0	0	34	2	0	6	0	12	2	0	9	4	3	
Bolivia	1,234	631	574	1,347	1,127	1,705	2,277	2,346	1,661	3,265	3,718	3,278	4,195	
Bosnia and Herzegovina	69,890	82,648	86,718	106,045	132,784	145,488	161,923	198,524	156,272	162,987	199,872	145,762	139,385	
Botswana	1,581	1,693	3	20	2	18	428	60	140	749	805	1,364	860	
Brazil	39,041	49,524	52,217	95,182	184,056	185,772	225,413	318,955	278,360	387,181	439,081	409,144	422,657	
British Indian Ocean Territories	0	134	24	9	51	580	9	0	0	19	49	0	0	
British Virgin Islands	8,998	2,987	1,645	2,654	5,580	15,990	24,145	36,467	7,721	7,750	6,922	8,373	11,284	
Brunei Darussalam	16	25	15	0	21	2,909	242	507	92	253	527	813	748	
Bulgaria	99,902	127,090	144,068	235,003	286,434	376,216	533,869	716,068	505,657	517,474	573,700	677,905	733,359	
Burkina Faso	225	83	248	1,316	2,454	1,112	623	1,037	695	829	906	1,794	3,475	
Burundi	0	23	101	118	697	240	231	165	402	445	190	195	185	
Cabo Verde	51	14	349	8	35	1,169	744	888	438	552	718	582	550	
Cambodia	111	10	185	119	215	1,093	179	2,091	1,904	285	2,028	2,452	4,183	
Cameroon	1,782	1,648	977	488	1,572	1,492	1,694	1,853	7,885	3,781	3,424	4,195	4,637	
Canada	60,574	74,705	73,188	102,899	162,305	231,341	155,638	195,248	148,299	149,295	258,311	252,619	279,719	
Cayman Islands	49	0	0	0	8	819	5	0	3	19	444	37	13	
Central African Republic	105	892	359	189	249	62	101	121	153	78	259	308	361	
Chad	60	140	31	104	187	555	130	99	1,074	4,320	468	1,180	913	
Chile	6,443	6,687	4,633	9,687	15,557	21,224	23,339	31,585	82,777	41,564	60,343	74,448	64,082	
China	80,561	153,822	243,342	270,514	298,484	400,773	696,677	777,529	843,971	1,214,996	1,667,836	1,670,840	1,916,786	
Christmas Islands	0	0	0	0	12	0	0	0	0	0	0	0	0	
Cocos (Keeling) Islands	0	0	0	0	0	0	0	0	0	0	0	0	0	
Colombia	13,950	18,424	7,790	15,359	17,985	18,162	21,892	19,337	18,987	23,088	32,999	37,265	43,265	
Comoros	18	27	88	48	16	33	118	46	60	197	120	195	0	
Congo	598	975	480	1,273	1,492	1,362	2,846	2,704	2,768	2,016	2,843	2,565	2,914	
Cook Islands	4	23	4	8	4	15	0	0	0	8	2	30	14	
Costa Rica	1,613	2,007	2,083	2,665	2,828	2,334	6,538	5,773	6,810	8,813	5,666	6,641	9,374	
Côte d'Ivoire	1,423	3,898	1,689	2,813	4,679	2,007	2,414	2,602	4,890	2,397	2,578	5,189	11,855	
Croatia	188,883	262,791	287,694	376,777	414,647	479,644	600,146	655,953	442,896	448,554	516,722	454,474	448,248	
Cuba	5,425	3,269	8,063	11,486	16,454	30,595	19,807	22,577	9,212	24,517	54,185	39,471	25,136	
Cyprus	10,490	17,365	23,436	19,327	19,811	34,468	44,818	44,796	57,999	114,178	88,915	177,338	157,336	
Czech Republic	0	0	0	0	0	0	0	0	0	0	0	0	0	
Democratic Republic of the Congo	269	75	1,562	2,162	1,704	1,398	1,419	2,486	2,398	2,873	4,830	2,347	4,430	
Denmark	193,546	270,554	289,756	370,716	588,997	911,762	1,070,733	1,157,655	859,577	1,048,214	1,257,051	1,183,503	1,324,194	
Djibouti	119	130	160	89	140	174	258	51	7	71	4,265	372	92	
Dominica	9	53	48	2	0	396	12	126	8	43	0	1	8	
Dominican Republic	12,104	17,830	4,363	5,184	14,226	8,014	9,803	11,076	7,231	9,105	6,050	4,365	6,262	
Ecuador	10,640	14,644	4,361	7,830	11,033	11,958	14,159	17,045	17,422	17,265	15,166	16,685	15,975	
Egypt	54,734	51,212	36,309	69,056	116,660	155,150	167,882	231,243	212,137	252,472	194,377	218,747	283,113	
El Salvador	26,958	17,192	24,541	19,240	13,961	8,107	41,909	52,105	45,533	63,662	52,942	46,767	56,611	
Equatorial Guinea	0	0	95	144	1,138	38	2,678	2,930	17,291	491	4,729	2,331	357	
Eritrea	331	88	193	69	179	151	60	13	0	48	105	1	9	
Estonia	29,002	38,497	55,827	83,252	104,243	146,323	196,589	204,751	116,171	157,686	244,180	246,732	258,952	
Ethiopia	1,340	1,434	2,262	2,218	4,099	3,316	16,213	13,145	13,640	4,088	6,021	5,555	5,320	
Europe Othr. Nes	0	0	0	20,540	26,569	2,115	2,272	21,677	8,678	32,260	17,924	39,381	40,141	
Falkland Islands (Malvinas)	2	0	0	0	19	0	7	0	0	0	0	0	38	
Faroe Islands	37	91	88	89	457	205	420	457	696	570	709	1,189	2,071	
Fiji	210	60	82	269	337	373	4,120	739	484	151	183	218	799	
Finland	141,984	153,810	204,696	266,642	432,697	549,680	694,012	930,196	679,300	764,104	922,821	751,106	774,779	
France	1,430,237	2,015,193	2,303,960	3,068,659	4,139,348	5,268,095	6,515,460	7,887,134	6,351,707	7,100,947	8,845,137	7,911,709	7,962,061	
Free Zones	76,835	260	0	0	0	0	661	0	0	0	0	0	0	
French Polynesia	14	29	144	23	386	134	48	164	104	732	256	166	246	
French South Antarctic Territories	0	0	26	1,083	0	106	0	1	40	3,981	75	196	388	
Gabon	679	378	449	2,007	1,250	158	984	1,561	116	3,734	2,006	1,494	2,689	
Gambia	109	50	99	134	575	438	946	390	940	80	216	232	172	
Georgia	5,272	6,433	11,427	13,688	40,984	40,120	44,855	65,974	45,758	60,026	102,113	113,646	80,003	
Germany	12,736,693	15,442,116	18,025,635	23,835,740	26,200,643	30,366,436	37,191,790	44,867,595	36,438,817	42,212,766	52,221,249	49,142,434	50,376,624	
Ghana	4,100	3,782	3,614	5,026	5,741	14,664	12,836	16,571	11,392	11,652	31,145	21,196	17,605	
Gibraltar	7,030	9,649	11,016	5,849	134	538	76	1,183	277	181	224	207	323	
Greece	133,994	192,062	236,475	255,808	297,508	409,514	446,397	529,679	419,353	367,120	393,696	280,321	278,894	
Greenland	206	148	221	379	209	288	577	817	828	1,005	828	769	732	
Grenada	687	35	51	5	22	10	14	6	2	2	1,229	257	9	
Guatemala	2,039	3,480	3,500	3,852	3,577	5,100	6,229	4,239	3,566	5,281	5,828	5,897	12,881	
Guinea	1,038	652	172	2,065	5,558	287	985	195	164	1,609	925	1,885	1,419	
Guinea-Bissau	0	0	0	0	0	102	14	3	0	5	164	0	32	
Guyana	172	266	411	341	58	521	329	1,085	659	925	528	344	593	
Haiti	998	1,461	346	880	978	1,645	1,379	1,974	596	1,577	450	42	48	
Honduras	883	1,418	1,309	2,478	1,806	2,108	3,063	4,100	2,980	5,093	11,524	14,421	14,343	
Hong Kong, China	87,755	115,361	132,334	181,666	212,149	213,283	339,728	250,963	293,937	318,508	432,307	404,589	398,247	
Hungary	630,816	1,074,292	1,110,621	1,886,742	2,085,684	2,855,510	3,807,697	4,150,478	2,886,198	3,050,705	3,658,347	3,600,919	4,190,060	
Iceland	6,672	11,843	10,458	16,860	30,652	37,153	54,853	29,129	11,213	21,159	28,260	35,832	40,776	
India	68,133	179,059	119,973	200,072	262,086	398,907	552,435	634,871	604,251	787,782	850,399	635,169	542,104	
Indonesia	13,420	16,527	18,251	32,506	53,012	41,278	70,393	62,251	51,670	61,353	87,593	158,066	151,867	
Iran (Islamic Republic of)	29,473	40,403	75,935	45,918	90,352	23,836	29,127	38,446	78,358	96,116	74,935	53,459	30,514	
Iraq	36	449	4,745	21,243	16,864	21,854	75,626	42,398	146,277	137,320	86,239	126,213	103,414	
Ireland	238,126	314,428	212,813	249,068	352,115	401,141	414,911	329,896	216,533	280,264	366,797	402,891	468,721	
Israel	73,793	89,214	62,572	115,119	194,275	284,516	352,868	361,477	373,813	610,945	621,406	748,849	629,711	
Italy	1,358,823	1,810,859	2,165,282	2,826,430	3,326,294	4,390,757	5,864,001	6,810,188	4,941,783	5,886,822	6,707,177	5,542,170	5,719,822	
Jamaica	237	372	262	119	115	127	115	56	1,430	168	140	162	268	
Japan	124,716	164,806	162,375	228,737	328,392	407,425	499,542	549,717	425,253	530,320	578,925	710,311	871,911	
Jordan	11,998	17,274	13,777	21,755	70,171	22,974	25,026	35,050	24,559	70,727	39,492	37,287	34,989	
Kazakhstan	33,934	44,547	27,719	49,802	92,182	113,313	139,752	192,648	127,243	168,058	213,033	345,909	394,411	
Kenya	2,695	2,189	3,908	4,661	4,990	5,000	5,489	12,558	19,414	27,648	21,297	20,384	24,638	
Kiribati	0	0	0	0	0	0	0	0	0	0	0	0	0	
Korea, Democratic People's Republic of	376	992	284	2,453	369	1,416	102	135	44	14	86	82	187	
Korea, Republic of	47,009	36,901	38,274	57,135	96,708	121,144	230,747	271,432	267,259	269,660	444,179	554,692	577,505	
Kuwait	7,039	10,246	12,913	19,458	31,953	26,389	38,786	69,366	40,736	39,485	50,749	51,066	47,310	
Kyrgyzstan	1,024	1,447	1,346	1,472	2,192	2,735	4,792	4,955	5,395	4,389	7,617	8,672	8,346	
Lao People's Democratic Republic	165	79	96	639	58	30	15	98	64	651	406	257	569	
Latvia	55,173	63,371	80,397	100,241	140,754	211,569	274,438	226,371	151,222	185,173	224,566	271,507	319,988	
Lebanon	33,350	31,025	31,916	36,869	32,706	27,087	31,744	39,555	36,687	50,664	64,989	74,552	62,560	
Lesotho	0	33	0	0	0	14	22	84	181	70	40	98	94	
Liberia	186	361	99	1,581	383	483	1,008	250	86	41	151	38	724	
Libya	3,424	2,274	9,792	9,574	10,922	13,822	19,970	61,029	167,832	43,993	4,346	19,144	20,084	
Lithuania	126,061	160,354	212,756	218,472	242,478	316,696	431,171	484,514	273,569	342,268	436,750	559,445	587,742	
Luxembourg	61,853	76,058	95,809	99,254	111,770	119,171	141,236	207,907	125,737	157,704	175,809	181,326	151,132	
Macao, China	326	3,895	212	140	419	203	218	861	167	723	3,169	2,821	6,029	
Macedonia, The Former Yugoslav Republic of	11,910	10,038	10,076	16,357	25,141	37,303	42,350	60,607	47,171	50,669	69,439	83,252	95,489	
Madagascar	205	183	362	514	167	684	404	19,504	638	1,241	914	1,306	605	
Malawi	1	1	13	118	202	63	178	546	416	442	334	36	469	
Malaysia	34,345	53,395	30,274	41,407	57,944	56,089	63,733	96,442	57,839	86,771	107,576	141,615	191,929	
Maldives	178	36	56	26	163	170	868	468	647	515	900	13,002	25,808	
Mali	1,358	1,259	1,158	10,828	18,727	22,404	22,357	34,927	37,479	36,549	48,164	53,019	55,834	
Malta	4,170	6,517	4,900	12,421	6,652	13,551	23,195	17,749	17,356	23,190	49,298	44,146	37,897	
Marshall Islands	2	0	0	14	2,754	141	0	0	0	4,820	53	131	121	
Mauritania	371	266	1,250	929	3,486	2,110	2,276	4,072	8,105	29,783	36,927	18,114	10,176	
Mauritius	1,180	388	1,063	1,280	1,108	721	1,828	1,512	2,007	4,912	5,419	5,314	6,391	
Mayotte	23	23	0	0	0	6	43	103	54	23	22	71	197	
Mexico	29,099	29,743	51,591	94,310	128,807	172,341	192,802	226,695	208,845	287,425	343,966	456,748	479,812	
Micronesia (Federated States of)	0	0	0	0	0	0	0	0	0	0	0	0	0	
Mongolia	6,773	4,080	5,336	5,359	6,451	5,051	10,383	12,721	8,751	7,900	13,067	21,183	14,878	
Montenegro	0	0	0	0	0	25,894	29,138	35,457	16,090	17,626	25,164	23,535	43,171	
Montserrat	0	0	0	0	0	0	0	0	0	0	0	1	0	
Morocco	11,265	9,133	9,623	23,717	37,472	40,622	153,804	86,133	97,092	118,675	153,892	141,395	206,870	
Mozambique	12	48	64	344	515	176	192	340	481	482	1,448	1,640	1,819	
Myanmar	776	551	423	682	322	280	137	1,062	256	289	141	566	634	
Namibia	277	67	164	524	296	241	618	1,012	3,249	920	2,964	1,712	2,324	
Nauru	0	0	0	0	0	0	0	0	0	0	0	0	1	
Nepal	774	942	1,230	1,011	798	712	1,121	1,822	1,734	2,115	3,166	2,083	2,523	
Netherland Antilles	145	292	98	137	215	475	175	252	659	52	175	234	220	
Netherlands	930,586	1,971,807	2,010,250	2,849,062	2,840,962	3,457,467	4,461,805	5,744,391	4,360,859	4,924,235	5,744,992	5,079,279	4,502,428	
New Caledonia	101	146	85	2,114	267	252	539	807	894	6,232	1,419	2,640	3,292	
New Zealand	2,914	8,311	6,101	13,548	14,505	15,590	25,169	34,010	31,937	37,447	45,890	55,798	66,455	
Nicaragua	197	194	123	419	157	353	329	228	570	428	582	463	975	
Niger	4	159	466	30	423	581	569	244	144	225	726	1,186	281	
Nigeria	13,244	15,572	8,646	16,929	17,333	81,903	33,470	50,033	27,078	60,540	71,846	69,191	75,564	
Niue	80	0	0	0	0	0	0	0	0	0	0	1	0	
Norfolk Island	0	0	0	0	0	0	0	0	0	0	0	0	0	
Northern Mariana Islands	0	0	0	0	0	0	0	0	1	0	0	0	0	
Norway	135,686	195,941	170,049	232,054	283,071	404,205	638,516	623,851	579,579	701,016	858,918	816,808	831,462	
Oman	752	879	1,201	4,501	9,144	11,113	35,395	19,196	11,621	14,997	25,162	30,737	27,091	
Pakistan	10,476	16,095	14,437	27,645	27,178	31,948	72,643	131,582	88,482	34,729	34,998	33,153	39,497	
Palau	0	0	0	0	0	0	0	0	0	4	0	0	0	
Palestine, State of	955	104	80	941	1,028	144	866	306	431	3,163	1,698	2,212	1,176	
Panama	10,611	4,996	4,879	4,115	8,450	7,802	84,121	17,655	6,840	10,834	18,238	17,720	14,464	
Papua New Guinea	0	1	0	57	8	10	29	3,658	607	1,578	739	1,310	676	
Paraguay	962	661	496	456	565	555	514	1,224	2,143	3,249	2,872	3,535	5,168	
Peru	5,757	5,258	3,392	10,216	6,199	7,803	10,492	15,148	15,198	28,967	20,371	28,545	37,565	
Philippines	10,276	8,044	20,079	26,335	47,877	56,360	66,629	74,344	52,487	79,816	89,402	73,739	104,907	
Pitcairn	0	0	0	0	0	0	1	0	0	0	0	48	0	
Poland	1,729,870	2,053,246	2,336,383	3,443,822	4,266,184	5,390,575	7,146,769	9,468,073	6,577,658	8,129,414	10,267,814	9,520,874	9,558,324	
Portugal	126,538	171,172	142,005	191,687	291,269	361,033	427,172	489,575	400,967	499,056	545,471	440,830	455,951	
Qatar	854	4,759	2,848	6,573	22,450	27,341	39,843	63,299	47,120	28,642	48,210	63,675	76,006	
Republic of Moldova	15,518	11,977	13,802	24,289	35,718	36,162	44,528	52,176	33,960	45,561	57,396	60,764	59,534	
Romania	233,775	318,493	346,181	551,424	831,286	1,159,619	1,566,750	2,144,710	1,254,117	1,499,804	1,791,363	1,765,753	1,994,284	
Russian Federation	487,367	592,707	584,526	945,896	1,401,251	1,894,521	2,861,907	3,988,127	2,620,266	3,538,200	5,215,405	6,033,129	5,936,364	
Rwanda	0	36	14	105	46	24	100	562	368	564	745	1,395	1,883	
Saint Helena	0	0	0	0	0	0	0	27	0	0	112	0	0	
Saint Kitts and Nevis	0	0	0	0	0	0	81	5	111	270	1	3	3	
Saint Lucia	2	0	25	57	18	12	14	18	32	8	5	19	17	
Saint Vincent and the Grenadines	4	2	0	33	0	140	25	9	46	56	28	235	39	
Samoa	44	0	0	0	0	20	9	1	128	0	15	0	0	
Sao Tome and Principe	4	0	0	0	42	0	0	0	0	32	33	0	10	
Saudi Arabia	54,613	36,754	30,999	74,820	102,657	96,580	142,278	231,332	218,745	236,147	262,170	333,302	355,031	
Senegal	678	1,250	1,318	3,721	1,883	4,349	7,435	17,675	19,213	8,539	19,442	19,738	28,335	
Serbia	0	0	0	0	0	267,521	440,793	455,868	290,352	350,118	555,764	494,386	483,223	
Serbia and Montenegro	84,778	143,805	127,819	214,276	207,492	0	0	0	0	0	0	0	0	
Seychelles	101	157	387	6,038	517	5,812	12,035	13,719	3,288	4,410	3,300	6,000	6,301	
Ship stores and bunkers	0	0	0	0	10,543	47,533	51,760	88,980	39,219	45,625	57,657	52,083	53,783	
Sierra Leone	262	846	304	292	2,223	297	2,754	1,142	19	682	684	604	346	
Singapore	84,171	85,719	118,364	142,634	102,969	135,719	169,342	155,806	87,200	109,067	180,140	202,282	204,317	
Slovakia	2,681,288	3,404,070	3,884,015	5,407,616	6,733,382	8,023,954	10,508,420	13,437,522	10,185,712	11,595,996	14,565,373	14,177,411	14,367,327	
Slovenia	220,467	264,394	319,946	370,199	444,300	484,901	666,980	830,426	612,166	699,889	812,446	652,006	677,864	
Solomon Islands	0	0	0	1	0	0	0	53	0	0	0	0	0	
Somalia	353	10	6	36	0	3	0	209	7	0	78	0	910	
South Africa	18,671	44,213	41,079	73,761	155,893	203,058	315,782	317,064	253,355	405,104	542,398	463,116	501,103	
Spain	597,718	894,548	1,024,961	1,435,302	1,990,155	2,561,257	3,150,618	3,351,480	2,634,005	3,162,441	3,474,045	3,139,788	3,466,152	
Special categories	0	0	0	0	0	0	0	0	0	0	0	0	0	
Sri Lanka	4,781	1,380	2,410	2,842	2,237	7,464	4,084	17,188	4,928	9,506	14,232	14,680	15,975	
St. Pierre and Miquelon	0	0	0	0	16	0	0	0	0	0	0	0	0	
Sudan (North + South)	4,892	3,165	1,623	5,286	21,504	11,191	9,980	14,138	7,489	11,115	9,847	11,410	15,987	
Suriname	92	164	223	362	146	494	395	293	1,453	4,693	755	467	673	
Swaziland	0	0	0	802	410	18	28	19	136	102	86	540	1,595	
Sweden	326,046	504,202	554,116	771,829	1,172,310	1,557,338	2,135,438	2,584,942	1,750,810	2,163,881	2,674,681	2,366,199	2,412,227	
Switzerland	466,878	733,596	705,839	832,118	989,285	1,322,867	1,802,609	2,112,486	1,820,709	2,207,349	2,759,752	2,563,329	2,522,113	
Syrian Arab Republic	39,125	58,874	29,222	29,717	39,182	52,259	61,812	72,973	62,990	49,671	47,691	33,857	16,535	
Taipei, Chinese	22,834	41,742	37,316	37,562	51,247	55,819	73,422	78,798	59,333	103,539	153,984	159,303	151,840	
Tajikistan	569	872	1,203	2,757	3,403	6,122	2,485	2,775	7,574	8,101	3,950	4,879	6,493	
Tanzania, United Republic of	682	962	1,059	4,053	8,874	4,351	2,433	3,842	6,391	4,717	6,391	13,563	8,698	
Thailand	44,067	63,332	38,677	101,896	56,880	75,955	92,123	101,102	76,950	108,010	134,260	159,762	154,713	
Timor-Leste	0	26	0	0	0	0	431	0	0	0	109	22	108	
Togo	389	1,219	761	1,260	4,665	946	3,343	1,850	6,269	7,438	8,065	7,326	6,867	
Tokelau	0	11	11	0	0	161	0	113	31	33	0	4,987	0	
Tonga	0	0	0	0	5	0	0	0	0	0	0	1	64	
Trinidad and Tobago	847	1,100	1,315	6,654	1,328	1,790	2,098	4,796	979	1,045	2,527	2,936	5,132	
Tunisia	8,685	10,914	20,521	23,831	30,712	41,384	39,484	54,216	61,797	90,712	94,994	69,074	78,179	
Turkey	127,958	289,171	329,246	529,628	521,778	544,373	729,167	800,374	842,780	1,041,617	1,354,669	1,695,983	2,205,244	
Turkmenistan	2,537	3,442	4,296	10,345	4,122	7,824	8,225	21,407	12,967	16,817	16,931	22,616	23,748	
Turks and Caicos Islands	0	11	106	163	1,102	5,707	9,119	237	58	0	9	159	379	
Tuvalu	0	0	8	0	5	0	0	0	0	0	0	436	0	
Uganda	207	580	914	2,302	1,503	1,800	2,473	7,038	11,850	3,424	4,664	8,926	7,580	
Ukraine	185,292	249,479	261,732	464,114	702,341	962,060	1,188,367	1,497,729	760,799	938,125	1,373,289	1,698,307	1,634,498	
United Arab Emirates	145,643	245,878	254,227	371,075	490,582	485,111	543,223	635,535	540,417	525,365	636,792	623,972	686,438	
United Kingdom	1,823,589	2,741,042	2,621,506	3,097,419	3,633,631	4,548,918	6,081,748	7,020,774	5,574,189	6,443,275	7,357,286	7,503,843	7,795,497	
United States Minor Outlying Islands	6	257	398	51	37	284	1,254	253	41	7	1	99	135	
United States of America	998,206	1,524,845	1,189,394	1,507,847	2,074,700	2,183,107	2,351,013	2,541,341	1,806,036	2,320,765	3,134,884	3,553,700	3,489,675	
Uruguay	1,335	9,222	691	1,068	1,833	9,164	5,844	4,619	7,836	8,411	15,681	12,593	8,864	
Uzbekistan	19,736	55,254	8,633	14,278	20,919	21,117	36,505	36,367	52,476	43,048	57,424	78,886	84,472	
Vanuatu	0	6	0	0	0	0	0	484	167	4	0	4	0	
Venezuela	8,437	8,119	2,370	5,132	10,025	20,958	19,625	20,915	16,633	30,368	27,475	20,673	13,192	
Viet Nam	15,051	15,697	19,676	21,287	18,286	29,420	65,879	34,229	42,169	65,056	44,846	91,574	128,654	
Wallis and Futuna Islands	0	0	0	0	0	0	0	0	0	1	0	0	0	
Yemen	5,005	11,912	2,334	5,877	3,679	8,387	9,823	7,546	30,721	44,490	6,522	17,837	15,668	
Zambia	253	838	241	915	477	793	934	3,879	1,188	3,638	6,208	1,105	4,312	
Zimbabwe	65	1,109	614	440	419	339	324	13	474	842	4,173	1,312	1,584	
