List of importing markets for a product exported by Zimbabwe (Mirror) Product: TOTAL All products
"Importers"	"Exported value in 2001"	"Exported value in 2002"	"Exported value in 2003"	"Exported value in 2004"	"Exported value in 2005"	"Exported value in 2006"	"Exported value in 2007"	"Exported value in 2008"	"Exported value in 2009"	"Exported value in 2010"	"Exported value in 2011"	"Exported value in 2012"	"Exported value in 2013"	
Total	1,803,562	1,782,226	1,900,143	1,963,700	1,983,674	2,199,607	2,420,674	2,267,259	1,126,272	1,422,268	2,195,250	2,113,514	2,153,747	
Albania	12	0	0	9	2	60	24	1	16	1	45	0	0	
Algeria	83	1,106	1,236	2,128	2,716	3,726	6,941	5,184	9,015	7,516	10,437	11,294	3,120	
Antigua and Barbuda					0		0		0	0	0	1	1	
Argentina	1,247	610	0	0	0	12	44	203	0	1,320	3,450	1,157	2,189	
Armenia	0	275	0	0	0	0	0	0	3	3	624	2	9,481	
Australia	11,266	6,853	9,343	5,293	2,658	4,913	9,131	1,749	8,127	9,208	6,221	1,091	254	
Austria	10,063	12,429	16,099	7,295	2,442	2,976	10,467	9,383	433	1,046	775	392	243	
Azerbaijan	3,496	2,498	830	264	217	348	357	0	0	51	799	254		
Bahrain	45	1	1	0	16	0	2	0	1	19	39			
Bangladesh	5,393	3,333	3,982	5,039	5,309	6,510	7,792							
Barbados	0	22	4	7	22	69	226	46	10	84	1	24	99	
Belarus	213	285	516	352	522	723	913	814	825	2,641	2,315	5,547	3,187	
Belgium	23,354	17,839	14,134	21,248	17,868	17,193	16,236	7,680	18,268	11,992	9,226	38,719	76,957	
Benin	0	3	9	0	0	0	0	7	0	2	0	0	31	
Bolivia	11	0	0	0	28	39	8	3	4	1	8	0		
Bosnia and Herzegovina			1,806	932	205	767	316	748	1,654	2,019	1,416	1,840	1,024	
Botswana	57,471	65,833	24,420	51,022	48,799	47,603	49,906	47,383	38,355	38,084	48,425	42,758	38,120	
Brazil	6,354	7,028	5,478	4,884	12,364	8,185	5,995	2,879	2,083	1,739	20,945	16	59,625	
Brunei Darussalam	0	0	0	0		0				0	1	0	0	
Bulgaria	7,540	9,297	7,725	8,496	5,514	6,176	4,200	6,530	7,466	671	12,152	6,111	12,980	
Burkina Faso	0	10	4	1	4		59	8	0	1	57	61		
Burundi	509	502	145	206	153	239	551	163	184	152	177	119	213	
Cabo Verde	0	0	0	0	0	0	2		0	0	2	3	0	
Cambodia	175	27	0	2	1	0	48	3	0	64	1	0		
Cameroon	1,506	1,313	334	201	0	2	65	0	57	190	6	19		
Canada	2,880	6,126	6,273	2,577	1,995	4,841	2,937	3,662	2,481	4,113	6,960	2,155	7,346	
Central African Republic	0	0	17			0	0	0	0	19	0	13	0	
Chile	370	149	17	2	12	213	3	45	97	41	55	344	231	
China	114,892	159,593	167,080	141,178	157,918	139,093	142,769	148,214	140,850	246,058	464,055	584,427	688,389	
Colombia	416	210	879	0	27	4,728	4,041	3,312	3,337	1,139	8	665	11	
Comoros	0	35	46	8	0	0	0	0	0					
Congo							0	14	5	5	159	9	0	
Costa Rica	4	16	0	0	3	0	0	2	0	2	0	0	1	
Côte d'Ivoire	86	449	35	74	4	3	429	1	0	46	18	2,167		
Croatia	3,307	3,933	2,734	2,433	863	265	562	229	91	137	99	68	41	
Cuba	5	0	0	0	0	0								
Cyprus	14	5	35	60	43	10	9	4	1	0	3	305	56	
Czech Republic	5,608	4,959	2,328	1,387	432	792	1,751	1,200	1,461	1,692	896	1,727	1,404	
Denmark	13,816	10,844	11,821	14,051	5,010	4,068	4,681	5,424	2,864	522	192	322	380	
Dominica	0	114	0	0	0	0	0	0	0	0	0	0		
Dominican Republic	5	0	269	3,387	344	0	0	0	4	0	2	0	1	
Ecuador	0	0	0	0	0	0	0	0	0	0	0	0	7	
Egypt	1,651	9,780	5,050	3,029	2,562	1,632	1,235	491	310	16,933	957	660	1,544	
El Salvador	0	0	0	0	0	0	2	9	85	19	28	6	7	
Eritrea			2											
Estonia	10	11	31	7	37	42	88	17	12	55	142	105	87	
Ethiopia	369	519	514	6,084	2,071	1,030	183	312	146	60	141	238		
Faroe Islands	1	3	5	14	3	2	25	5	2					
Fiji		0	0	10	1	0	0	0	0	0	0	0		
Finland	8,287	1,490	1,453	1,272	1,366	3,634	516	1,116	370	197	53	322	253	
France	27,525	20,725	21,132	21,791	17,526	11,959	21,254	23,415	13,100	20,513	26,593	25,622	24,615	
French Polynesia	1	1	3	10	0	6	1	0	0	0	0	0	0	
Gabon	0	0	0	0	95	0	1	161	0					
Gambia	2	0	42	0	0	0	1	0	0	5	0			
Georgia	1,045	678	0	0	0	124	0	0	0	0	0	0	19	
Germany	137,796	142,226	146,399	119,465	109,159	143,208	139,033	93,695	44,180	43,163	60,263	61,576	65,825	
Ghana	3,674		2,312		25	21	68	126	58	4	7	45		
Greece	16,703	9,205	8,540	7,589	5,027	2,469	3,956	1,435	961	2,329	63	272	2,893	
Greenland	0	0	2	0	0	5	0	1	0	3	2	5	4	
Grenada	0	65	0	0	0	0	0	0						
Guatemala	68	0	39	6	0	0	1	0	1	0	0	0	0	
Guinea	144	13		0	0	47	0	4		0	3	36		
Guyana	0	0	0	0	0	0	0	0	0	0	8	1	18	
Honduras	1	0	58	43	17	7	13	1	232	705	1,068	637	985	
Hong Kong, China	2,862	9,561	3,763	7,551	2,911	286	4,809	203	181	13,992	56,900	47,889		
Hungary	2,491	2,013	2,190	1,013	1,247	938	5,078	583	112	1,772	771	468	2,169	
Iceland	72	59	44	41	49	96	108	54	37	18	28	54	36	
India	12,819	16,516	15,470	28,206	23,214	30,733	24,186	15,826	18,537	12,468	8,865	33,376	10,352	
Indonesia	16,144	11,883	2,696	15,877	12,249	14,340	14,054	29,396	23,881	20,993	20,284	46,991	29,496	
Iran (Islamic Republic of)	4,031	2,459	3,310	1,379	1,106	0				3,649	2,538			
Ireland	7,540	3,339	2,146	876	676	462	303	131	417	178	629	728	752	
Israel	2,099	17	29	668	24	13	598	3	40	121	189	266	1,432	
Italy	91,024	54,296	60,090	109,724	89,766	95,879	112,832	120,826	40,338	88,967	166,272	127,148	113,431	
Jamaica	0	32	39	19	9	42	25	73	12	75	81	35		
Japan	130,757	125,438	140,903	124,007	134,384	131,109	225,634	118,239	45,074	53,868	57,670	31,212	16,777	
Jordan	7,353	7,714	16,598	20,639		25,792	26,674	19,416	20,150	21,829	10,577	7,024	31,099	
Kazakhstan	373	573	3,001	2,782	1,770	592	934	445	5	1,393	1,184	3,708	1,016	
Kenya	16,055	18,982	18,622	5,304	4,290	2,844	6,457	2,254	7,787	7,211	18,635			
Korea, Republic of	5,501	5,633	11,380	16,823	12,715	19,390	50,291	38,139	4,839	2,639	7,244	1,548	13,226	
Kuwait	156	286	395	371		108	154	2						
Kyrgyzstan	16	2	1	0	1,936	327	0	0	0	0	2	458		
Latvia	534	251	1,134	281	215	160	51	161	234	0	0	0	2	
Lebanon	191	1,049	517	4,239	108	20	58	19	201	534	112	18	589	
Lesotho	1,116	2,027	751					0	0	2,836				
Lithuania	1,344	1,287	719	33	0	4	14	35	40	35	7	33	466	
Luxembourg	67	200	0	0	0	0	0	25,895	25,317	32,768	3,068	1,071	319	
Macao, China	68	39	0	1	98	0	58	0	54	1		0		
Macedonia, The Former Yugoslav Republic of	62	225	220	110	319	62	48		33	27	23	28	1	
Madagascar	116	131	716	177	46	773	310	0	40	27	33	23	649	
Malawi	34,311	40,419	51,235	44,142	89,675	40,419	47,521	38,477	38,182	32,935	34,107	30,497	36,591	
Malaysia	5,390	1,894	2,616	1,644	2,504	1,677	4,048	561	4,389	1,871	13,678	14,718	10,936	
Mali	0	0	5	26	10	2	20	0		0	0	10		
Malta	122	18	25	20	0	188	275	66	0	0	0	0	0	
Mauritania	0	0	0	0	0		1	0	0	3	0	186		
Mauritius	3,891	2,469	2,358	2,503	2,849	2,814	4,202	4,377	4,077	6,737	10,053	7,938	7,767	
Mayotte	21	5	1	2	0	0	0	0	0					
Mexico	794	777	916	880	1,172	1,867	2,946	772	1,355	4,870	4,471	3,038	4,527	
Mongolia	0		0	0	0	0	0						5	
Montenegro						0	73	8	0	1	4	2	1	
Morocco	1,610	2,970	1,273	881	266	17	106	9	4	0	276	19	2,863	
Mozambique	8,534	14,844	9,472	9,553	15,538	24,123	12,439	15,167	7,747	3,245	20,975	9,975	50,932	
Namibia	5,467	3,222	6,462	18,851	20,533	18,754	19,524	28,418	4,992	2,564	2,485	5,682	2,575	
Nepal			0						0	16	11			
Netherland Antilles					60	101	0	84						
Netherlands	120,625	97,236	97,611	81,752	72,477	61,055	98,708	52,552	81,402	116,315	97,954	81,452	94,531	
New Caledonia	17	1	1	3	4	0	1	0	1	3	1	0	0	
New Zealand	2,496	2,703	2,767	2,556	1,284	697	504	314	504	1,568	746	1,086	684	
Nicaragua	0	0	0	0	1	2	0	0	0	0	0	0	0	
Niger	0	0	0	0	0	0	0	145	8	0	0	0	0	
Nigeria	41	1,242	3,888			2,950	2,670	7,378	421	1,277	672	906		
Norway	4,620	4,782	3,597	4,817	5,840	3,741	4,024	2,962	3,694	6,799	2,010	2,280	3,708	
Oman	1,828	435	0	943	1,364	6,712	1,684	131	110	2	125	0	83	
Pakistan			2,916	3,323	2,096	1,653	6,344	3,001	1,202	7,813	4,415	3,111	2,444	
Palestine, State of							0	11	18	34	388	254		
Papua New Guinea	0	0	0	0							0	72		
Paraguay	4,756	2,367	2,868	6,728	7,679	0	0	0	707	2,922	2,756	1,668	3,308	
Peru	180	41	37	47	125	238	82	20	0	438	4	0		
Philippines	1,029	3,629	62	1,073	0	2,527	1,367	4,872	4	1,272	1,288	21	575	
Poland	16,055	24,979	8,466	8,271	7,343	4,969	9,382	10,025	7,848	10,003	35,118	18,941	21,828	
Portugal	30,656	22,270	21,080	14,402	22,559	22,584	8,248	31,238	37,349	29,449	63,848	60,876	25,297	
Qatar	69	0	9	4	24	11	17	8	0	41	236	223	243	
Republic of Moldova	0	0	0	0	152	0	129	164	5	5	12	12	61	
Romania	4,999	3,709	1,804	2,685	1,839	1,449	643	1,037	3,192	20,553	13,681	70,111	8,673	
Russian Federation	33,331	35,361	23,711	19,131	19,594	16,666	32,658	25,211	21,996	12,549	24,229	34,341	19,940	
Rwanda	9	188	191	178	47	46	1,011	62	164	46	40	75	40	
Saint Kitts and Nevis	0	0	0	0	0	1	0	0	0	0	0			
Saint Lucia	0	0	0	0	0	0	0	1						
Saint Vincent and the Grenadines	0	0	0	0	0	0	4	3	1	2	1	2		
Samoa	0	0	0	0	0	0	0	0	0	0	0	0	16	
Sao Tome and Principe	0	0	0	0	0	0	0	0	0	0	0	0	2	
Saudi Arabia	1,610	948	1,454	1,809	1,449	1,313	3,067	1,032	749	295	1,224	645		
Senegal	702	857	1,642	527	129	106	416	596	0	85	0	26	3	
Serbia					1,025	1,569	1,117	1,352	1,065	811	1,421	787	1,527	
Serbia and Montenegro	1,141	1,048		735										
Seychelles	152	108	78		20	0		0						
Singapore	11,390	7,527	5,841	5,738	8,225	18,576	14,776	6,495	10,936	10,559	5,136	14,795	25,509	
Slovakia	486	550	467	202	118	148	77	88	67	85	700	84	115	
Slovenia	1,699	3,272	3,659	2,486	1,215	1,126	1,771	1,290	805	1,188	2,071	1,866	2,077	
South Africa	169,102	202,270	347,784	430,068	488,332	686,180	854,189	759,278	187,955	191,598	433,338	380,986	342,667	
Spain	44,819	37,763	37,457	41,701	45,391	39,844	36,182	50,401	10,352	31,573	64,247	23,450	15,527	
Sri Lanka	212	87	74	0	45	6	0	172	46	0	21	203		
Sudan (North + South)	11,049	13,588	12,646	6,507	2,063	5,416		94,656	474	2,256	257			
Suriname	47			2	36	0	178		92	133	0			
Swaziland	3,123	2,602	997	0	15,787	13,159	4,917							
Sweden	9,771	4,737	598	440	610	1,736	1,892	3,681	2,555	494	182	452	1,368	
Switzerland	17,744	8,465	12,991	7,648	5,572	5,278	3,754	2,358	2,217	2,986	5,542	3,729	5,317	
Syrian Arab Republic	0	0	37	0	0	0	0	0	1	0				
Taipei, Chinese	25,522	10,316	19,427	26,465	15,377	27,819	12,082	10,722	8,431	7,515	10,050	10,758	5,750	
Tanzania, United Republic of	2,996	1,998	1,190	1,502	1,977	1,300	1,857	1,479	645	1,118	6,702	2,929	3,716	
Thailand	49,481	31,201	25,193	48,000	47,457	30,181	31,274	36,513	21,017	23,319	28,839	25,288	14,546	
Timor-Leste				0	0									
Togo	3	1	0	0	0		0	0	1	0	0	0	0	
Trinidad and Tobago	27,699	0	0	1	0	2	53	0	78	141				
Tunisia	2,118	155	1,282	1,299	2,564	0	2,312	0	0	0	0	0	0	
Turkey	24,320	4,727	16,925	41,048	11,358	5,709	22,478	27,992	3,156	6,549	5,768	7,930	16,594	
Uganda	1,296	695	853	918	921	383	928	1,135	910	508	48	833	121	
Ukraine	9,965	5,110	4,651	5,147	3,119	2,910	3,295	2,974	3,440	7,785	10,451	9,366	5,242	
United Arab Emirates					29,519		7,035	14,281						
United Kingdom	142,306	208,370	150,206	137,048	123,370	92,825	61,681	61,253	86,217	49,243	98,238	29,699	55,093	
United States of America	96,336	108,746	60,392	80,677	98,060	107,156	75,117	114,275	23,737	60,063	52,346	53,318	14,716	
Uruguay	0	20	0	1	0	0	0	0	0	0	0	0	0	
Vanuatu						0	2		0	0	0			
Venezuela	13	0	0	4	0	14		53	0	49	274	5	0	
Viet Nam	28	11	318	844	732	2,031	0	3,257	0	8,305	12,675	8,686		
Yemen				2,022	3,590	22,133	405	355	539	279	681	2,497		
Zambia	97,372	97,068	202,694	124,469	110,066	175,714	111,670	107,118	56,937	72,033	87,446	94,473	122,776	
