List of importing markets for a product exported by Italy (Mirror) Product: TOTAL All products
"Importers"	"Exported value in 2001"	"Exported value in 2002"	"Exported value in 2003"	"Exported value in 2004"	"Exported value in 2005"	"Exported value in 2006"	"Exported value in 2007"	"Exported value in 2008"	"Exported value in 2009"	"Exported value in 2010"	"Exported value in 2011"	"Exported value in 2012"	"Exported value in 2013"	
Total	221,622,932	231,985,817	274,163,939	321,948,475	345,372,206	387,218,061	464,573,708	510,945,247	385,108,787	420,794,246	488,382,840	468,561,645	464,684,683	
Afghanistan								2,032	3,769	9,647	4,464	0		
Albania	424,449	519,308	624,015	749,812	766,619	858,473	1,138,826	1,390,757	1,186,667	1,298,333	1,647,250	1,555,591	1,614,940	
Algeria	1,038,140	1,139,164	1,274,391	1,547,168	1,523,818	1,881,184	2,406,883	4,308,792	3,659,770	4,114,121	4,675,273	5,191,059	5,652,714	
Andorra	34,506	38,401	48,504	57,352										
Anguilla	428	608	676											
Antigua and Barbuda					10,479		15,897		5,387	3,608	3,851	2,851	4,103	
Argentina	839,422	311,601	443,517	622,312	766,063	908,173	1,071,645	1,205,239	849,918	1,296,698	1,482,384	1,457,707	1,655,192	
Armenia	28,617	34,723	35,434	38,004	44,629	86,332	112,576	155,288	112,848	121,072	167,809	166,609	162,874	
Aruba					4,680				25,797	4,430	5,827	8,144		
Australia	1,775,450	2,062,793	2,688,848	3,254,700	3,323,669	3,381,873	4,009,108	4,523,272	3,873,215	4,395,434	5,180,805	5,535,815	5,536,386	
Austria	5,056,227	5,238,525	6,432,350	7,544,927	7,943,773	9,021,002	10,737,353	12,135,302	9,510,531	10,479,222	12,454,874	11,322,112	11,143,894	
Azerbaijan	24,671	26,363	73,983	106,746	94,613	124,675	140,939	188,527	127,768	118,350	254,653	262,944		
Bahamas	4,219	4,131	3,294	4,766	10,102	10,149	4,107	3,196	1,383	3,995	2,769	7,922		
Bahrain	89,878	129,383	118,523	111,726	194,210	136,718	195,282	392,240	187,577	240,824	313,177			
Bangladesh	119,013	98,414	111,007	152,125	196,674	202,660	257,456							
Barbados	12,809	10,357	12,005	9,451	14,954	13,843	14,125	15,849	14,260	11,650	13,644	14,937	12,848	
Belarus	164,139	215,218	283,979	300,456	393,530	496,967	638,174	872,102	709,070	772,625	959,695	951,770	1,105,209	
Belgium	7,634,706	6,614,904	7,716,007	9,037,360	10,031,984	11,834,065	15,432,148	14,687,862	11,535,033	11,817,109	13,468,509	12,855,791	15,241,922	
Belize	944	851	1,160	914	1,161	2,137	1,884	2,818	1,505	528	749	1,471	1,177	
Benin	22,039	23,405	19,334	14,402	10,779	10,591	16,234	34,428	21,400	22,386	31,885	21,650	30,928	
Bermuda												8,064	6,841	
Bhutan					2,845	840	1,408	1,480	3,698	4,079	13,860			
Bolivia	29,445	23,645	21,096	18,625	23,029	24,632	30,688	44,845	43,850	69,563	93,830	170,904		
Bosnia and Herzegovina			354,396	458,554	631,235	677,905	879,487	1,138,709	841,694	820,278	983,884	939,504	1,006,367	
Botswana	16,008	7,508	4,525	4,983	3,368	7,214	9,182	28,273	9,932	4,338	23,619	10,078	7,096	
Brazil	2,189,152	1,761,994	1,742,838	2,053,931	2,280,494	2,572,212	3,350,069	4,615,840	3,668,408	4,826,302	6,228,261	6,206,939	6,724,125	
Brunei Darussalam	49,994	11,240	8,611	11,409		36,140				20,866	23,548	61,319	43,390	
Bulgaria	698,694	905,609	1,114,629	1,416,668	1,632,062	2,048,005	2,578,776	2,924,742	1,817,793	1,879,207	2,328,337	2,169,375	2,556,282	
Burkina Faso	14,619	11,987	11,150	14,617	19,559		28,469	33,334	22,748	23,689	32,719	47,605		
Burundi	2,942	3,227	2,691	5,119	13,843	13,755	6,368	6,706	12,873	5,379	9,754	176,741	12,224	
Cabo Verde	7,506	9,134	8,788	14,201	18,676	28,927	30,005		24,666	14,368	33,251	13,843	11,224	
Cambodia	5,170	4,292	3,360	4,587	3,272	5,457	6,551	6,123	9,576	13,085	20,094	33,655		
Cameroon	56,360	62,426	68,318	69,153	77,916	83,590	137,344	137,677	115,692	124,386	197,860	207,827		
Canada	2,600,745	2,829,882	3,303,973	3,516,481	3,790,028	4,347,023	4,734,146	4,824,266	3,910,365	4,528,335	5,157,086	5,229,003	5,646,056	
Central African Republic	1,282	961	769			1,460	4,137	1,970	4,226	6,101	2,410	6,206	2,415	
Chile	434,922	351,974	386,194	443,835	523,203	634,189	733,496	832,721	751,480	933,271	1,145,563	1,264,357	1,281,288	
China	3,784,296	4,319,465	5,080,607	6,451,391	6,925,292	8,600,428	10,211,177	11,639,589	11,020,311	14,006,447	17,578,760	16,065,665	17,580,515	
Colombia	401,029	275,704	289,940	302,358	331,602	394,849	520,235	607,753	538,954	640,643	794,190	948,463	1,010,629	
Comoros	35	222	1,097	801	406	801	318	359	258					
Congo							66,520	228,911	112,020	124,534	207,471	264,451	193,039	
Cook Islands					35									
Costa Rica	72,345	83,454	110,323	89,021	84,904	97,652	137,758	147,547	104,137	143,579	166,877	159,431	179,629	
Côte d'Ivoire	115,210	121,602	111,020	128,389	132,269	116,267	138,808	160,879	152,681	169,394	155,567	186,688		
Croatia	1,657,121	1,850,945	2,581,612	2,819,205	2,969,778	3,600,331	4,145,659	5,260,652	3,273,965	3,056,876	3,733,524	3,514,072	2,635,755	
Cuba	324,002	282,784	333,463	272,253	311,127	382,087								
Cyprus	346,427	377,235	439,955	602,570	646,401	804,637	884,067	1,140,014	849,810	802,017	704,505	603,071	444,893	
Czech Republic	1,916,802	2,350,712	2,725,721	3,501,502	3,637,917	4,364,051	5,523,691	6,373,553	4,596,731	4,897,753	5,938,001	5,459,669	5,678,908	
Denmark	1,970,137	2,059,619	2,300,602	2,677,867	3,039,440	3,321,187	4,042,477	4,245,978	2,824,085	2,842,174	3,314,076	3,320,748	3,324,917	
Djibouti									18,638					
Dominica	696	306	234	332	276	384	518	565	517	546	497	1,001		
Dominican Republic	58,437	79,033	61,737	64,799	109,358	95,650	139,421	178,117	167,186	195,547	213,403	277,617	227,752	
Ecuador	112,440	142,566	124,510	111,148	115,923	170,711	159,867	201,773	242,191	274,640	331,649	282,310	341,876	
Egypt	642,150	629,846	537,821	614,810	830,516	849,727	1,124,514	3,023,341	2,652,298	2,962,591	3,123,822	3,464,639	3,549,045	
El Salvador	41,781	42,670	45,672	36,219	38,876	69,985	64,621	78,478	65,637	60,981	60,644	51,647	64,595	
Eritrea			50,068											
Estonia	136,319	204,038	240,532	289,400	313,794	400,357	513,664	506,379	310,570	372,190	446,464	447,690	479,549	
Ethiopia	135,230	140,541	245,918	148,008	250,099	399,692	464,137	501,107	412,753	390,985	386,660	578,007		
Faroe Islands	7,836	8,729	9,172	9,164	10,453	15,275	15,506	31,035	8,095					
Fiji		2,062	2,171	2,551	8,208	3,458	3,061	3,872	8,393	2,803	2,873	3,631		
Finland	1,177,761	1,247,043	1,556,257	1,986,090	2,079,935	2,348,527	2,827,535	2,751,620	1,517,077	1,821,137	2,076,531	2,027,495	1,898,977	
France	26,299,945	27,420,242	33,233,136	38,965,547	41,127,491	44,828,367	52,210,576	56,530,102	42,981,561	44,971,003	50,752,112	47,128,604	47,686,144	
French Polynesia	36,256	37,993	46,087	48,473	49,667	44,594	43,000	76,598	49,106	44,266	44,196	42,211	43,072	
Gabon	30,778	34,088	25,269	26,491	36,572	32,547	57,212	56,633	128,758					
Gambia	2,084	2,120	2,859	3,901	3,840	4,179	1,780	3,047	1,717	1,106	2,888			
Georgia	37,646	41,659	36,351	61,583	64,181	101,431	143,772	179,984	127,365	133,445	184,868	270,986	220,656	
Germany	31,300,599	31,455,606	38,102,920	43,487,077	45,183,458	52,122,536	60,806,508	67,821,141	55,237,774	57,865,340	67,063,890	63,205,797	62,787,643	
Ghana	104,467		98,098		150,334	170,812	262,502	171,469	193,093	190,877	276,199	289,378		
Greece	3,477,508	3,605,515	5,624,792	6,803,186	6,732,141	7,423,909	8,877,470	10,195,232	7,596,060	6,161,168	5,569,542	4,879,875	4,678,406	
Greenland	0	2	4,554	42	18	4,263	483	3,120	3,280	2,885	3,259	2,721	2,816	
Grenada	1,192	831	836	968	1,496	1,519	1,100	2,124						
Guatemala	56,862	71,819	58,426	58,597	120,889	71,279	153,994	107,904	102,960	84,256	107,959	117,810	124,696	
Guinea	20,624	29,491		21,687	42,982	8,242	8,726	27,824		66,673	30,126	41,496		
Guinea-Bissau			2,683	12	49									
Guyana	1,161	3,392	1,450	1,458	2,010	5,598	2,259	2,747	6,412	4,702	3,901	4,214	4,451	
Honduras	7,309	14,386	16,682	17,851	22,636	24,197	41,327	29,141	20,147	33,647	48,052	54,365	50,193	
Hong Kong, China	2,832,108	2,692,056	2,800,494	3,342,845	3,417,304	3,686,587	4,122,513	4,399,090	3,617,698	4,562,924	5,848,865	6,017,061		
Hungary	2,647,476	2,838,328	3,369,631	3,378,791	3,209,839	3,556,681	4,251,392	4,613,977	3,190,515	3,739,229	4,564,764	4,201,174	4,291,587	
Iceland	70,217	67,992	131,855	145,433	180,058	199,912	227,747	172,639	99,362	116,288	153,267	143,133	165,223	
India	726,355	787,450	1,002,992	1,236,944	1,761,723	2,433,238	3,476,472	4,575,538	3,682,611	4,305,811	5,203,652	5,149,393	4,237,649	
Indonesia	409,219	401,857	323,673	473,253	568,900	551,441	667,782	999,389	726,150	909,732	1,222,854	1,523,930	1,695,628	
Iran (Islamic Republic of)	982,662	1,179,223	1,620,911	2,358,634	2,351,371	0				1,824,701	1,720,748			
Ireland	1,047,630	1,030,174	1,203,949	1,357,273	1,523,671	1,968,604	1,981,697	1,979,031	1,262,518	1,031,916	1,077,398	1,108,271	1,144,811	
Israel	1,650,887	1,530,526	1,398,188	1,565,499	1,733,660	1,839,541	2,302,005	2,553,908	2,126,049	2,425,853	3,055,846	2,779,486	2,633,351	
Italy	86	257	5,926	107	567	254	128	163	88	36	761	586	33	
Jamaica	15,971	17,780	23,094	14,444	18,563	19,776	15,967	19,759	20,250	14,571	22,324	24,820		
Japan	5,393,874	5,425,377	6,114,559	6,899,326	6,863,261	7,031,764	7,262,941	7,962,315	6,372,369	6,795,697	8,683,257	9,590,730	9,544,094	
Jordan	160,767	177,899	216,125	312,811		420,015	448,542	543,064	475,478	532,062	964,192	967,338	1,034,831	
Kazakhstan	268,824	218,875	249,661	426,078	679,400	1,430,117	1,130,151	1,240,260	1,915,960	1,581,222	1,145,042	960,401	995,493	
Kenya	91,011	48,685	65,733	86,127	104,375	168,057	196,521	181,746	179,870	151,052	165,530			
Kiribati					4		29	20	2	23	17	3		
Korea, Republic of	1,787,520	2,276,675	2,385,714	2,500,364	2,778,014	2,916,226	3,583,447	4,151,397	3,522,994	3,723,396	4,374,022	4,828,363	5,383,739	
Kuwait	460,885	503,929	564,345	686,318		735,378	1,289,699	1,200,660						
Kyrgyzstan	2,933	3,576	5,784	4,950	5,605	13,814	8,927	18,584	10,079	10,464	35,010	20,076		
Latvia	144,079	169,245	228,753	238,156	288,087	388,610	558,201	530,249	318,629	370,835	496,777	558,460	572,930	
Lebanon	708,517	693,250	674,351	927,202	971,487	709,839	1,060,108	1,111,303	1,228,133	1,398,418	1,873,149	1,813,945	1,792,751	
Lesotho	133	1,736	210					448	181	1,415				
Libya							548,386	897,494	927,095	1,663,931				
Lithuania	268,257	375,100	424,294	398,920	455,233	656,784	975,958	1,108,385	708,233	764,152	1,045,725	1,022,201	1,368,023	
Luxembourg	189,830	224,408	327,744	447,158	530,778	557,550	488,833	537,444	534,234	552,306	610,886	542,980	562,312	
Macao, China	24,986	28,887	35,101	44,499	48,461	59,484	85,986	153,101	214,357	258,908		674,160		
Macedonia, The Former Yugoslav Republic of	107,661	118,587	122,574	168,159	193,669	226,920	303,535		361,723	335,233	418,829	398,501	428,458	
Madagascar	21,409	8,745	37,175	32,715	21,631	26,898	43,361	49,568	36,068	26,311	43,632	36,145	34,012	
Malawi	3,103	5,047	3,921	5,895	9,137	10,565	7,119	7,588	10,269	8,648	35,541	17,412	28,666	
Malaysia	753,709	662,224	621,876	946,763	1,228,052	1,143,317	1,311,355	1,434,377	1,253,332	1,415,713	1,649,095	1,709,044	1,866,577	
Maldives	4,272	4,350	6,243	12,008	10,667	11,747	18,462	16,725	10,877	14,590	23,088	15,650	24,666	
Mali	19,465	17,228	18,909	33,933	12,559	21,758	21,424	36,879		49,184	30,091	40,580		
Malta	543,385	629,393	784,405	964,560	1,186,319	1,217,826	1,211,498	1,399,403	1,181,312	1,398,913	1,993,519	2,546,920	1,714,122	
Mauritania	2,785	4,241	4,196	5,542	6,749		63,798	15,851	11,752	19,089	8,557	21,547		
Mauritius	65,390	69,927	75,564	88,220	81,325	93,027	107,032	115,326	85,651	96,923	109,628	112,541	117,426	
Mayotte	3,265	3,360	4,858	5,862	5,532	7,745	9,595	22,285	14,014					
Mexico	2,100,411	2,170,805	2,473,996	2,816,841	3,498,298	4,110,852	5,542,503	5,219,446	3,146,871	3,997,144	4,983,154	5,463,036	5,621,861	
Mongolia	3,307		3,247	3,030	3,430	6,859	8,086						54,313	
Montenegro						178,171	286,357	291,160	148,663	130,648	149,856	144,432	156,287	
Montserrat	19	110	17	6	53	23	25	3	6			3	52	
Morocco	571,116	688,995	1,013,078	1,162,064	1,252,901	1,502,557	2,035,719	2,817,443	2,154,067	2,105,441	2,297,390	2,196,338	2,433,736	
Mozambique	12,221	11,854	13,956	24,351	29,846	21,572	25,502	31,058	56,919	74,689	45,687	21,631	62,016	
Myanmar										8,367				
Namibia	2,739	3,902	2,768	18,760	10,626	6,734	10,868	16,383	13,679	9,051	21,268	37,199	72,412	
Nepal			7,329						6,144	13,734	14,332			
Netherland Antilles					3,731	2,870	5,348	7,294						
Netherlands	5,530,242	5,903,243	6,647,837	7,423,627	8,197,682	8,950,049	10,511,031	11,737,105	8,866,425	9,516,280	11,014,362	10,199,534	10,655,767	
New Caledonia	28,340	30,414	48,212	46,165	49,997	60,822	66,568	111,161	92,475	96,582	105,993	83,985	77,645	
New Zealand	307,226	388,652	454,038	555,543	615,403	540,132	708,524	693,866	462,672	499,197	637,511	637,738	731,681	
Nicaragua	9,676	10,386	10,089	9,818	12,757	12,714	14,756	15,993	24,158	22,852	32,594	39,622	34,666	
Niger	5,268	7,309	6,568	6,229	9,059	8,391	12,172	13,340	19,469	16,783	27,315	17,870	22,767	
Nigeria	200,749	259,652	636,466			781,208	824,727	729,906	665,245	1,997,803	1,800,306	747,718		
Norway	1,095,020	1,343,911	1,577,517	1,708,433	1,821,949	2,182,343	2,641,918	2,959,091	2,143,248	2,095,633	2,351,870	2,435,809	2,664,146	
Oman	122,845	183,917	12,129	507,632	176,103	225,628	376,995	457,831	412,484	322,516	441,830	530,170	587,767	
Pakistan			279,284	332,711	437,237	547,508	549,203	746,324	679,952	566,721	511,617	508,195	500,367	
Palau												17		
Palestine, State of							30,918	69,911	40,360	49,024	61,815	64,935		
Panama	19,232	18,784	20,636		20,122	129,858	166,930	207,811	164,020	178,046	227,982			
Papua New Guinea	1,860	2,402	2,288	1,076							36,541	328,302		
Paraguay	27,666	14,850	13,789	19,507	24,278	19,308	28,274	40,236	39,457	54,753	77,223	74,619	79,630	
Peru	134,008	140,804	190,323	169,941	195,257	227,748	367,867	731,172	385,243	415,680	590,263	696,375		
Philippines	155,194	175,921	169,961	163,968	190,063	176,382	219,848	257,149	202,335	225,437	316,074	315,274	369,070	
Poland	4,111,449	4,574,247	5,751,973	6,938,636	7,187,622	8,535,888	11,245,759	13,698,095	10,171,668	9,730,999	11,141,224	9,634,941	10,233,681	
Portugal	2,702,631	2,695,139	3,024,593	3,434,254	3,176,815	3,713,708	4,097,726	4,408,314	3,871,818	4,292,478	4,295,607	3,770,502	3,882,359	
Qatar	367,856	366,185	364,382	203,362	649,653	1,522,920	2,432,805	2,053,186	1,868,167	1,513,277	1,277,141	1,277,916	1,542,421	
Republic of Moldova	64,428	87,808	116,626	131,631	151,963	196,320	269,313	306,563	231,512	270,767	348,137	328,176	345,477	
Romania	3,111,501	3,713,808	4,697,145	5,609,114	6,262,698	7,471,627	8,944,619	9,478,862	6,408,460	7,195,684	8,710,893	7,711,969	8,079,775	
Russian Federation	1,714,899	2,228,760	2,406,765	3,199,438	4,416,276	5,726,664	8,525,014	10,997,262	7,885,082	10,025,706	13,296,465	13,433,189	14,563,149	
Rwanda	7,943	3,487	4,079	4,259	4,480	5,962	9,032	7,639	10,162	12,951	23,304	19,198	22,706	
Saint Kitts and Nevis	464	3,516	1,046	568	574	907	600	1,028	1,074	649	422			
Saint Lucia	2,194	2,358	3,003	2,640	3,537	4,485	2,623	2,306						
Saint Vincent and the Grenadines	13,781	1,325	963	3,646	2,786	4,361	5,363	5,868	7,567	3,202	2,603	7,441		
Samoa	30	264	228	158	156	43	1	307	59	70	116	409	17	
Sao Tome and Principe	36	0	191	1	8	0	3	331	157	112	197	698	354	
Saudi Arabia	1,213,118	1,389,363	1,468,696	1,524,497	2,260,001	2,817,907	4,106,049	4,610,765	3,543,314	3,367,415	4,560,142	4,540,792		
Senegal	68,582	85,163	86,316	89,682	105,058	114,774	113,125	141,481	149,311	96,609	171,459	128,629	122,084	
Serbia					908,837	1,099,765	1,797,684	2,182,541	1,549,863	1,431,820	1,771,509	1,840,596	2,356,985	
Serbia and Montenegro	500,475	653,570		1,120,709										
Seychelles	29,735	34,937	43,852		42,126	41,236		31,865						
Sierra Leone		4,235												
Singapore	1,312,855	1,297,503	1,593,706	2,088,769	2,157,559	2,620,565	3,129,016	3,455,838	2,736,848	2,812,640	3,561,574	3,579,870	3,919,691	
Slovakia	942,837	1,145,918	1,393,798	1,637,828	1,629,338	1,982,712	2,253,978	2,721,329	2,056,353	2,173,888	2,606,297	2,392,460	2,576,445	
Slovenia	1,777,699	1,934,912	2,480,727	3,079,177	3,415,196	3,921,956	4,881,653	5,618,667	3,750,431	4,171,714	5,167,753	4,917,256	4,300,698	
Solomon Islands								243	296	495	664			
South Africa	943,471	944,164	1,128,913	1,439,054	1,624,977	2,045,898	2,218,681	2,134,007	1,608,952	2,009,072	2,695,270	2,569,724	2,695,580	
Spain	14,311,340	15,024,994	19,012,743	23,584,359	24,746,687	27,296,470	34,130,665	32,203,761	20,830,155	22,131,767	23,789,014	20,016,717	19,393,483	
Sri Lanka	66,123	83,477	122,403	135,677	150,468	157,624	208,531	232,284	166,524	200,313	300,639	294,412		
Sudan (North + South)	43,665	75,832	66,719	131,939	299,912	301,867		124,668	248,564	211,838	159,894			
Suriname	1,040			1,653	4,857	2,132	8,965		5,668	3,987	3,710			
Swaziland	27,831	3,060	272	221	5,425	4,586	9,661							
Sweden	2,160,824	2,373,441	2,891,489	3,459,196	3,695,705	4,312,399	5,378,866	5,779,919	3,726,413	4,367,143	5,181,552	4,667,468	4,912,124	
Switzerland	7,893,454	8,719,768	10,464,930	12,763,672	13,280,766	14,931,601	17,286,869	20,135,634	16,535,802	17,971,795	21,666,417	20,096,024	20,241,832	
Syrian Arab Republic	502,664	328,240	215,745	276,518	299,903	561,557	1,010,992	846,811	557,658	1,292,607				
Taipei, Chinese	1,084,114	1,089,630	1,121,873	1,334,694	1,444,509	1,545,124	1,477,684	1,640,489	1,832,703	1,950,540	2,296,770	2,030,043	2,113,759	
Tanzania, United Republic of	50,834	45,450	39,748	40,908	41,525	92,156	83,192	95,606	99,638	96,399	140,496	117,187	83,238	
Thailand	667,885	724,530	822,400	1,009,924	1,133,152	1,493,035	1,363,045	1,611,942	1,483,983	1,459,017	2,097,517	2,204,912	2,400,084	
Timor-Leste				2,117	58									
Togo	21,491	14,622	25,137	20,840	26,439		17,485	13,132	13,555	23,012	21,133	27,368	30,457	
Tonga	35	12	0					2	79	6	28	30		
Trinidad and Tobago	178,892	56,544	101,815	96,385	59,466	127,154	168,429	140,200	139,868	87,246				
Tunisia	1,822,897	1,856,063	2,179,586	2,418,198	2,757,406	2,901,274	3,724,217	4,245,387	3,108,870	3,907,305	3,790,307	3,467,145	3,521,612	
Turkey	3,484,130	4,132,123	5,471,591	6,865,903	7,566,806	8,663,700	9,968,687	11,012,131	7,672,884	10,204,510	13,452,149	13,345,797	12,887,374	
Turks and Caicos Islands	0	0	1	0							278	155		
Tuvalu		1												
Uganda	17,748	25,030	23,333	20,433	49,222	33,127	44,727	87,468	56,635	69,132	44,501	54,521	38,351	
Ukraine	410,118	460,366	645,710	873,297	1,030,668	1,465,556	1,789,213	2,431,827	1,139,867	1,390,344	2,005,849	2,235,233	2,087,345	
United Arab Emirates					2,321,328		4,701,424	5,919,440						
United Kingdom	14,791,037	16,568,049	19,568,170	22,834,960	22,555,959	24,156,074	27,236,511	26,880,222	20,153,695	22,193,512	24,166,284	22,355,945	24,460,184	
United States of America	24,953,298	25,417,688	26,664,287	29,407,782	32,418,450	34,104,877	36,468,539	37,494,006	27,276,729	29,427,000	35,088,786	38,150,021	40,030,984	
Uruguay	100,344	46,373	50,206	66,249	75,760	81,960	93,965	117,331	119,216	160,912	148,375	152,846	193,318	
Vanuatu						572	511		548	740	537			
Venezuela	549,404	504,915	272,018	418,342	496,096	587,281		1,171,960	1,018,896	755,400	687,850	1,155,072	1,152,577	
Viet Nam	196,815	276,782	373,893	309,656	288,095	335,310	686,089	668,285	726,204	822,470	998,757	972,056		
Yemen				86,749	82,753	86,038	127,068	202,835	111,686	130,607	70,875	51,571		
Zambia	3,526	7,294	5,592	4,776	9,523	15,744	11,250	12,362	8,161	10,491	18,946	25,682	26,091	
Zimbabwe	8,648	24,825		8,978	11,175	8,221	12,303	16,421	14,508	13,194	16,150	24,476	42,232	
