List of importing markets for a product exported by Korea, Republic of Product: TOTAL All products
"Importers"	"Exported value in 2001"	"Exported value in 2002"	"Exported value in 2003"	"Exported value in 2004"	"Exported value in 2005"	"Exported value in 2006"	"Exported value in 2007"	"Exported value in 2008"	"Exported value in 2009"	"Exported value in 2010"	"Exported value in 2011"	"Exported value in 2012"	"Exported value in 2013"	
World	150,430,886	162,466,097	193,817,314	253,844,609	284,418,167	325,457,247	371,477,104	422,003,479	363,531,063	466,380,620	555,208,898	547,854,448	559,618,559	
Afghanistan	95,013	127,909	124,597	77,174	59,631	78,540	109,038	73,881	88,616	68,222	119,912	143,167	63,840	
Albania	2,030	2,716	5,151	7,941	6,327	24,987	8,057	13,887	10,219	16,727	19,423	16,055	16,336	
Algeria	152,762	186,447	224,591	354,545	340,203	390,606	768,091	863,063	1,094,919	1,495,609	1,122,237	1,130,709	1,023,883	
Andorra	1,877	3,584	789	1,269	833	599	982	3,490	2,266	5,218	4,078	1,383	2,122	
Angola	695,558	18,544	24,753	1,814,112	1,517,394	1,037,088	173,667	1,266,287	325,324	158,068	217,987	414,873	1,241,663	
Anguilla	55	1	247	242	136	5	974	555	247	54	23	184	309	
Antigua and Barbuda	31,137	50,962	3,037	2,693	4,588	6,253	4,362	96,059	1,118	17,377	3,198	32,713	37,811	
Area Nes	173,262	140,988	285,614	359,719	414,867	367,723	485,889	308,490	76,141	90,952	508,777	40,768	54,575	
Argentina	302,101	51,471	161,439	239,144	309,008	330,937	489,140	578,207	494,269	909,449	1,081,071	972,906	1,074,647	
Armenia	1,255	2,338	3,298	2,172	3,150	6,939	13,124	30,072	42,349	15,692	24,854	25,212	26,657	
Aruba	5,994	5,788	9,490	11,491	14,993	12,932	13,351	12,595	7,086	10,974	19,985	21,310	21,413	
Australia	2,173,217	2,339,610	3,272,162	3,378,483	3,812,063	4,692,088	4,691,190	5,171,339	5,243,141	6,641,619	8,163,844	9,250,484	9,563,089	
Austria	223,567	397,731	415,873	669,905	970,512	886,632	770,672	661,499	643,020	951,754	838,490	838,481	606,904	
Azerbaijan	3,637	3,784	10,968	19,127	32,240	47,357	130,307	254,747	149,557	184,059	216,948	282,067	308,444	
Bahamas	504,645	967,271	908,985	997,567	1,583,447	1,123,015	1,307,730	2,069,130	1,218,725	737,914	1,904,420	812,257	1,012,964	
Bahrain	46,596	61,408	52,698	81,954	118,357	125,231	202,205	498,119	282,630	274,146	230,584	328,963	233,977	
Bangladesh	654,786	505,668	544,073	620,474	611,137	648,316	611,524	1,095,016	1,063,848	1,554,317	1,627,620	1,458,891	1,427,204	
Barbados	3,254	3,345	33,081	23,363	10,042	12,009	10,593	8,143	7,534	10,954	9,334	11,606	10,718	
Belarus	8,169	7,287	9,857	16,885	17,715	31,147	35,059	53,337	23,796	39,171	58,445	43,937	71,372	
Belgium	765,465	799,912	1,294,783	1,436,222	1,816,880	2,186,494	2,581,561	3,233,909	2,189,249	2,028,477	2,255,376	2,257,450	2,240,758	
Belize	11,899	4,776	3,771	14,492	3,603	3,666	5,091	8,027	5,069	5,906	7,492	9,866	6,495	
Benin	14,801	15,866	14,530	12,517	15,232	20,822	34,959	45,879	36,509	42,279	41,725	40,317	41,888	
Bermuda	36,392	361,406	163,413	646,427	661,216	1,144,245	1,534,962	789,999	699,666	1,448,205	1,598,550	1,372,329	1,600,625	
Bhutan	630	1,134	1,927	1,914	3,087	1,821	3,132	4,492	6,476	13,016	15,838	7,387	3,270	
Bolivia	6,526	7,782	6,586	5,711	8,466	7,669	10,191	15,112	13,127	19,783	26,636	37,960	51,106	
Bosnia and Herzegovina	4,830	2,831	5,499	43,216	7,338	14,212	21,052	17,755	9,558	20,798	17,378	11,759	15,521	
Botswana	3,003	2,279	2,874	4,543	4,859	4,424	2,968	6,633	4,041	8,991	8,989	5,876	5,711	
Brazil	1,611,210	1,247,242	1,137,426	1,784,642	2,410,687	3,063,432	3,487,476	5,925,866	5,311,210	7,752,579	11,821,399	10,286,065	9,688,236	
British Indian Ocean Territories	6,518	66	0	2	7	0	0	0	11	14	5	26	28,226	
British Virgin Islands	99	1,492	713	28,419	27,370	71,390	2,683	3,640	723,619	1,676,253	729,118	1,072,245	506,311	
Brunei Darussalam	16,453	26,750	30,460	31,591	61,389	22,435	26,613	70,209	57,335	65,093	588,039	111,727	102,374	
Bulgaria	21,557	28,536	57,996	279,014	193,340	181,236	191,236	152,307	71,601	131,361	176,821	104,786	120,365	
Burkina Faso	511	416	1,115	944	1,018	2,880	7,277	17,615	18,131	17,933	16,249	26,937	27,408	
Burundi	374	563	838	660	1,028	693	571	150	735	277	482	901	809	
Cabo Verde	135	48	73	400	339	635	1,167	1,158	889	1,471	1,076	728	575	
Cambodia	101,539	115,230	105,563	126,321	144,280	205,093	281,426	294,383	273,323	332,998	450,780	593,295	614,644	
Cameroon	6,863	11,155	9,670	15,246	13,352	11,418	24,954	44,169	32,288	48,175	70,050	54,101	43,558	
Canada	2,035,725	2,340,630	2,682,124	3,383,074	3,446,220	3,620,405	3,506,412	4,057,234	3,439,570	4,101,862	4,927,656	4,828,116	5,202,855	
Cayman Islands	279,092	1,592	79,880	175,814	37,118	182,993	74,238	3,830	900,744	2,075,980	291,147	40,996	51,003	
Central African Republic	135	210	636	447	617	299	149	89,531	297	69,348	383,828	44,243	95,745	
Chad	325	1,251	619	135	467	1,257	400	2,273	5,323	2,860	354	698	1,471	
Chile	572,596	453,999	517,187	708,287	1,151,000	1,566,131	3,115,103	3,031,843	2,229,062	2,947,054	2,381,457	2,469,337	2,458,198	
China	18,186,814	23,753,231	35,109,715	49,763,175	61,914,973	69,459,177	81,985,131	91,388,900	86,703,245	116,837,804	134,185,009	134,322,396	145,869,498	
Christmas Islands	0	0	0	0	0	0	0	1	0	0	34	0	0	
Cocos (Keeling) Islands	37	3	13	172	5	15	10	189	2	0	1	3	3	
Colombia	226,147	272,185	296,559	459,476	623,601	912,900	1,120,657	1,090,759	797,029	1,388,553	1,613,984	1,467,701	1,342,312	
Comoros	6	19	72	2	33	31	35	127	116	332	548	41	473	
Congo	17,062	8,673	11,112	14,062	17,198	17,615	490,053	37,083	32,697	52,385	52,950	44,002	52,330	
Cook Islands	226	284	265	267	388	319	390	208	264	314	508	231	149	
Costa Rica	111,461	111,202	80,695	122,374	164,032	236,780	245,913	256,410	120,531	197,326	319,725	337,291	232,059	
Côte d'Ivoire	20,778	26,305	26,318	25,293	31,156	48,749	57,900	74,959	71,542	94,140	92,847	120,655	141,915	
Croatia	29,696	60,986	49,859	74,397	82,623	79,907	177,951	107,861	61,962	117,762	79,404	49,784	46,307	
Cuba	0	0	1,734	9,451	0	203,241	214,322	344,792	48,376	62,737	73,980	74,203	57,839	
Cyprus	413,294	554,187	319,814	1,092,461	884,052	1,152,989	1,073,077	1,360,587	1,170,901	588,230	899,681	408,709	66,369	
Czech Republic	72,869	108,844	157,627	312,952	338,791	564,042	966,072	828,959	771,465	1,164,700	1,712,591	1,785,530	1,682,862	
Democratic Republic of the Congo	1,012	1,240	1,664	2,651	2,818	9,088	22,201	20,024	18,544	15,424	20,694	35,002	39,583	
Denmark	219,875	291,901	334,684	638,826	620,595	653,272	462,624	408,329	478,704	561,525	437,664	349,836	1,273,631	
Djibouti	11,053	7,701	8,286	7,955	15,371	20,875	19,317	33,533	41,475	25,722	47,552	93,781	63,356	
Dominica	12,453	14,487	9,939	9,761	17,125	13,917	6,191	8,603	10,110	9,698	4,610	4,967	4,082	
Dominican Republic	130,871	185,017	81,526	73,867	120,437	108,864	120,362	125,550	86,085	148,260	152,806	167,044	184,447	
Ecuador	167,710	167,493	178,088	263,020	344,301	386,086	428,595	626,426	438,410	887,194	886,612	856,768	919,924	
Egypt	431,359	321,032	425,470	538,392	706,795	853,227	1,166,579	1,548,324	1,528,199	2,240,439	1,726,874	1,806,970	1,534,529	
El Salvador	86,868	72,914	74,115	68,517	73,795	86,787	85,561	66,604	40,765	61,405	97,869	114,879	152,740	
Equatorial Guinea	67	2	279	484	450	88,838	933	12,797	15,771	10,980	6,655	41,108	11,873	
Eritrea	3,335	6,880	1,596	2,955	841	1,506	5,248	2,707	11,810	14,542	5,394	5,415	9,754	
Estonia	16,498	20,444	29,221	36,732	47,857	64,355	96,491	112,335	41,512	62,801	102,785	136,795	151,920	
Ethiopia	21,055	18,002	18,856	19,086	35,655	63,012	73,248	93,975	79,823	50,499	106,904	107,911	93,782	
Falkland Islands (Malvinas)	192	43	82	10	64	185	20	4	14	28	27	32	29	
Faroe Islands	40	196	338	201	426	92	66	206	168	66	9	730	225	
Fiji	9,789	10,714	11,537	23,125	19,498	20,269	24,914	30,879	18,502	18,632	24,976	24,209	42,582	
Finland	529,337	706,927	1,074,016	1,696,007	2,011,897	1,897,375	1,293,050	2,330,024	558,705	571,052	766,346	744,569	352,253	
France	1,598,812	1,665,141	1,805,502	2,707,634	3,286,568	3,506,585	3,571,027	3,682,694	2,943,709	3,042,276	5,758,643	2,826,790	3,601,326	
French Polynesia	4,547	4,335	5,831	9,241	16,839	13,543	18,903	46,983	143,658	202,977	268,430	282,321	227,205	
French South Antarctic Territories	1	1	0	2	132	0	89	252	60	24	82	7,197	2,214	
Gabon	3,557	3,331	2,765	3,057	3,255	5,476	20,565	12,880	10,538	11,619	38,511	28,024	25,496	
Gambia	1,933	1,992	997	1,283	2,349	4,911	2,363	2,410	1,391	1,374	2,320	2,327	2,026	
Georgia	1,532	2,149	3,783	5,545	8,884	16,460	39,849	66,293	30,532	48,676	99,184	113,514	112,457	
Germany	4,321,707	4,287,141	5,603,319	8,334,232	10,303,910	10,056,166	11,542,453	10,522,591	8,820,793	10,702,056	9,500,921	7,509,686	7,907,753	
Ghana	89,769	42,256	70,559	75,339	88,811	94,225	145,770	194,936	154,079	212,684	325,944	283,878	350,954	
Gibraltar	34	33	602	1,738	12,723	1,166	974	46,377	481	94,027	299,572	117,764	1,343	
Greece	1,222,390	1,653,586	1,764,969	1,772,745	1,792,881	2,768,233	1,660,923	1,413,219	3,203,482	1,208,817	1,349,593	1,908,660	884,206	
Greenland	1	6	16	1	0	2	154	47	40	18	5	1	59	
Grenada	775	671	857	1,409	3,337	2,014	1,807	1,557	1,585	2,127	2,661	1,783	2,495	
Guatemala	470,555	501,241	522,693	550,065	498,986	546,007	391,375	300,193	327,015	319,298	343,524	363,614	394,514	
Guinea	7,252	9,327	8,130	6,077	18,379	8,364	14,299	24,934	65,209	39,002	43,193	49,461	51,635	
Guinea-Bissau	192	0	12	136	150	250	186	643	1,187	584	797	320	191	
Guyana	2,115	1,357	1,840	3,417	3,039	5,875	5,373	8,769	40,980	80,192	60,463	26,998	27,246	
Haiti	8,667	15,863	17,521	11,688	15,063	13,915	51,511	16,570	14,613	53,831	34,004	23,105	29,784	
Honduras	135,670	137,614	132,639	143,890	119,650	138,907	131,584	130,729	80,617	106,253	136,636	156,404	124,048	
Hong Kong, China	9,451,465	10,144,876	14,653,696	18,127,097	15,531,017	18,978,454	18,654,449	19,771,221	19,660,844	25,294,018	30,967,383	32,605,233	27,756,046	
Hungary	228,230	363,524	661,345	807,415	1,099,235	1,200,797	1,889,667	1,512,739	1,704,374	2,385,415	1,475,562	1,157,487	2,113,810	
Iceland	28,276	14,013	16,167	24,446	42,416	35,647	38,392	38,705	6,009	347,943	16,898	26,954	25,102	
India	1,407,728	1,384,137	2,852,952	3,631,978	4,597,837	5,532,797	6,600,039	8,977,063	8,013,290	11,434,596	12,654,078	11,922,037	11,375,792	
Indonesia	3,279,747	3,144,766	3,377,626	3,677,740	5,045,581	4,872,312	5,770,618	7,933,617	5,999,879	8,897,299	13,564,498	13,955,030	11,568,178	
Iran (Islamic Republic of)	874,876	1,227,232	1,778,217	2,134,313	2,141,180	2,559,313	3,265,621	4,342,555	3,991,897	4,596,721	6,068,276	6,256,525	4,480,902	
Iraq	73,196	86,466	35,625	125,447	68,175	108,911	209,852	368,307	784,506	1,200,771	1,535,321	1,866,357	1,973,470	
Ireland	576,087	559,514	645,970	677,214	650,851	545,264	888,195	662,815	424,335	380,774	355,679	377,640	369,072	
Israel	450,216	501,232	578,123	851,322	849,535	742,816	965,602	1,007,813	723,923	1,057,276	1,814,695	1,527,347	1,461,311	
Italy	2,063,284	2,217,502	2,560,593	3,407,740	4,297,097	4,286,346	4,151,744	3,546,065	2,797,580	3,569,998	4,108,702	3,262,951	3,125,990	
Jamaica	14,229	13,261	12,015	12,683	16,768	19,306	24,611	28,277	15,796	33,223	20,302	26,690	25,553	
Japan	16,502,319	15,140,351	17,276,115	21,701,330	24,027,420	26,533,922	26,370,189	28,252,423	21,770,815	28,176,255	39,679,480	38,795,946	34,662,219	
Jordan	184,768	195,380	321,210	526,088	467,809	359,081	386,495	734,087	1,018,639	1,266,220	1,224,002	1,395,546	1,316,643	
Kazakhstan	108,003	126,110	217,174	313,950	272,558	323,815	545,978	347,736	307,993	604,390	756,882	885,387	1,074,499	
Kenya	46,058	45,008	48,599	61,861	71,039	204,858	136,742	156,364	164,653	232,687	214,947	262,966	258,047	
Kiribati	250	229	134	470	14	149	243	177	135	197	25,678	4,111	18,648	
Kuwait	178,489	183,805	293,631	418,934	458,073	669,623	1,305,750	744,245	744,108	1,048,482	1,431,970	1,584,164	1,132,895	
Kyrgyzstan	20,010	27,625	32,239	50,174	66,517	81,947	125,611	166,270	100,094	104,537	142,069	161,927	163,907	
Lao People's Democratic Republic	6,255	4,499	7,889	8,982	13,930	23,328	55,653	53,187	55,760	112,252	154,462	165,040	187,050	
Latvia	9,596	16,545	25,679	41,335	45,199	95,791	93,360	139,059	76,505	90,851	228,942	193,550	109,013	
Lebanon	105,846	64,664	71,378	88,855	92,269	90,095	142,362	227,701	191,474	285,266	271,775	353,584	378,330	
Lesotho	6,173	5,127	3,110	10,326	3,688	10,774	45,583	42,768	53,919	96,747	27,329	244	344	
Liberia	987,018	1,426,644	1,525,662	1,708,056	1,987,061	3,206,890	2,511,026	2,801,515	4,884,557	5,401,658	7,389,345	3,803,650	3,512,923	
Libya	201,887	323,093	135,912	447,125	364,710	433,583	402,081	821,073	1,234,982	1,410,549	180,912	1,076,690	1,061,587	
Lithuania	18,443	39,851	63,409	76,739	78,310	92,457	101,086	112,925	80,014	114,862	126,890	122,080	145,925	
Luxembourg	5,230	152,170	5,997	10,425	14,403	79,989	24,057	21,360	17,864	20,563	73,586	98,009	383,450	
Macao, China	52,351	40,331	32,851	35,662	26,091	27,759	29,748	23,938	29,710	27,802	45,382	32,099	29,343	
Macedonia, The Former Yugoslav Republic of	3,415	3,250	3,328	4,165	3,368	5,505	10,308	8,664	6,330	4,259	4,592	3,859	7,115	
Madagascar	12,828	4,937	13,148	14,786	14,389	16,039	27,408	76,951	60,725	47,289	25,394	26,938	120,210	
Malawi	2,179	2,263	3,081	6,264	5,932	7,138	7,961	13,629	13,292	10,331	16,385	22,408	19,501	
Malaysia	2,628,036	3,218,301	3,851,761	4,480,435	4,608,171	5,227,173	5,704,248	5,794,491	4,324,822	6,114,823	6,275,131	7,723,494	8,587,757	
Maldives	1,060	2,289	1,436	1,513	2,164	3,219	4,784	5,429	2,768	4,566	5,069	3,915	3,674	
Mali	2,508	1,238	2,468	2,052	1,550	1,748	1,379	1,494	137,204	4,765	8,719	21,045	32,622	
Malta	311,974	513,989	272,693	569,649	418,436	514,911	573,730	1,748,001	1,609,776	1,655,154	2,457,777	2,679,182	799,071	
Marshall Islands	510,581	734,895	961,719	607,005	1,141,076	965,640	2,278,822	4,759,256	9,672,199	4,687,046	7,053,544	3,934,176	7,453,221	
Mauritania	1,838	2,270	3,540	2,104	3,422	2,456	11,601	7,675	5,672	7,590	14,129	15,258	11,054	
Mauritius	22,149	16,871	19,273	21,165	21,980	28,655	36,243	45,013	29,736	39,853	58,064	59,669	46,914	
Mayotte	268	1	145	0	0	93	144	165	109	110	157	156	340	
Mexico	2,148,902	2,230,817	2,455,014	2,993,949	3,789,088	6,284,571	7,482,005	9,089,949	7,132,760	8,845,549	9,729,059	9,042,360	9,727,377	
Micronesia (Federated States of)	4,999	4,634	6,788	7,357	4,848	5,243	5,697	6,668	7,988	8,122	13,377	12,928	21,322	
Mongolia	76,567	87,228	99,525	75,320	77,621	110,306	169,758	238,231	166,887	191,631	349,874	433,457	399,472	
Montenegro	0	0	0	0	0	0	0	0	549	1,702	4,911	1,679	2,137	
Montserrat	0	0	22	51	47	218	6	274	52	1,007	61	0	55	
Morocco	106,456	95,293	128,323	162,259	207,888	222,718	390,287	390,761	302,203	322,780	362,317	508,492	292,557	
Mozambique	7,066	5,176	5,475	18,314	8,687	14,868	22,804	38,490	35,311	34,536	40,986	44,025	92,375	
Myanmar	232,054	143,461	184,011	161,960	120,013	121,311	291,981	243,815	406,153	478,809	666,742	1,330,892	705,109	
Namibia	1,743	1,806	1,043	2,356	4,720	2,153	2,083	9,232	3,755	2,653	4,542	15,249	4,904	
Nauru	7	25	57	83	11,814	10,695	15,796	46,152	76	2,035	9,410	20	207	
Nepal	14,545	17,732	30,454	23,116	13,756	12,390	18,727	23,723	29,139	32,293	37,842	19,045	17,013	
Netherland Antilles	2,808	2,644	2,017	7,148	10,757	14,029	13,990	12,759	13,026	19,226	24,888	18,823	24,469	
Netherlands	2,531,767	2,567,126	2,535,013	3,007,224	3,646,669	3,609,377	4,488,719	6,405,586	4,527,506	5,306,207	4,626,978	5,058,575	5,511,980	
Neutral Zone	1,024	0	0	0	0	0	0	0	0	0	0	0	0	
New Caledonia	7,758	7,711	15,813	21,550	39,554	47,734	61,190	66,905	36,644	55,797	77,569	52,715	38,309	
New Zealand	272,162	0	432,784	620,181	670,306	672,981	699,025	824,785	890,760	918,464	1,103,835	1,465,066	1,490,532	
Nicaragua	59,367	85,455	73,683	117,092	129,840	144,048	175,145	256,413	163,034	158,640	197,708	185,640	188,318	
Niger	1,122	3,150	4,769	3,848	2,960	6,453	3,042	8,099	7,058	4,097	5,384	9,296	4,828	
Nigeria	414,956	686,940	598,671	680,171	831,070	809,476	2,374,958	2,535,989	816,518	805,616	2,487,016	853,740	1,570,675	
Niue	0	0	0	5	0	0	0	0	0	0	1	0	0	
Norfolk Island	1,121	12	589	3	0	0	53	183	558	820	339	499	484	
Northern Mariana Islands	82,931	88,063	88,719	90,686	75,863	72,774	35,972	9,403	6,029	6,790	5,582	9,035	7,183	
Norway	356,991	377,815	739,535	322,592	468,385	850,524	596,278	2,079,816	1,606,367	2,801,162	666,449	1,061,736	1,539,407	
Oman	154,630	102,033	103,867	157,072	304,310	344,323	542,443	888,590	530,595	664,097	906,983	923,590	1,007,008	
Pakistan	355,382	405,196	447,417	590,853	661,876	673,153	678,115	839,568	729,814	780,871	818,096	847,195	818,990	
Palau	7,066	7,188	3,567	6,212	2,991	2,310	1,663	2,070	1,525	1,578	2,114	2,604	3,005	
Palestine, State of	1,309	325	1,464	3,250	10,465	5,087	20,228	23,365	14,268	18,958	27,740	46,255	82,135	
Panama	1,719,078	1,184,401	1,252,333	1,263,797	1,622,651	2,226,691	3,145,006	6,463,703	4,476,617	4,053,509	3,798,253	3,977,303	3,484,594	
Papua New Guinea	9,311	9,015	7,765	13,979	16,864	16,503	18,392	31,359	34,304	82,852	103,141	116,682	64,227	
Paraguay	31,799	21,345	27,140	38,360	51,271	68,205	64,651	93,955	55,411	130,408	199,577	160,295	203,308	
Peru	187,837	195,833	204,397	245,026	282,285	358,875	466,161	720,004	641,426	944,438	1,367,726	1,472,617	1,440,213	
Philippines	2,535,383	2,950,038	2,975,010	3,379,196	3,219,714	3,930,517	4,420,334	5,016,255	4,567,278	5,837,983	7,338,902	8,210,714	8,783,427	
Pitcairn	0	13	0	694	0	0	0	0	0	16	0	43	0	
Poland	336,568	349,013	382,254	807,233	1,174,964	2,613,334	3,508,775	4,116,764	4,146,741	4,381,011	4,100,788	3,677,297	3,600,729	
Portugal	222,182	228,345	240,146	302,744	380,516	379,760	414,133	410,892	430,795	1,110,094	713,256	276,278	334,104	
Qatar	221,418	148,383	357,051	225,958	521,266	760,141	1,163,468	1,901,540	1,309,887	472,666	469,004	729,926	852,068	
Republic of Moldova	1,362	1,801	1,850	2,842	3,435	5,499	11,167	13,386	2,127	3,250	4,354	4,216	9,097	
Romania	126,826	160,307	171,330	254,265	387,252	608,648	854,813	720,587	387,133	456,404	463,313	438,713	439,404	
Russian Federation	938,161	1,065,875	1,659,119	2,339,329	3,864,170	5,179,248	8,087,744	9,747,957	4,194,066	7,759,836	10,304,880	11,097,138	11,149,103	
Rwanda	774	363	374	463	1,827	1,289	1,362	8,983	28,628	15,325	10,763	3,352	13,192	
Saint Helena	0	0	7	78	158	8	10	0	35	0	131	43	42	
Saint Kitts and Nevis	204	219	154	227	603	604	796	989	956	1,091	886	1,053	2,341	
Saint Lucia	483	666	757	1,240	2,080	2,200	3,677	2,157	1,592	1,890	3,371	6,583	3,388	
Saint Vincent and the Grenadines	23,380	499	988	26,878	698	584	622	495	676	588	718	1,066	982	
Samoa	3,574	5,457	4,109	4,814	6,191	7,032	5,664	4,792	2,956	3,702	5,360	6,729	7,489	
Sao Tome and Principe	5	15	47	47	93	133	27	84	89	5,103	82	21	84	
Saudi Arabia	1,274,461	1,581,138	1,409,078	1,708,143	2,093,147	2,978,298	4,025,836	5,253,426	3,856,582	4,556,673	6,964,299	9,112,041	8,827,722	
Senegal	9,283	12,779	12,119	13,100	16,627	22,540	32,870	41,168	41,966	44,373	62,734	57,281	75,291	
Serbia	0	0	0	0	0	31,623	64,901	60,741	22,763	17,383	38,472	50,648	58,887	
Serbia and Montenegro	11,157	10,923	26,752	17,888	18,208	0	0	0	0	0	0	0	0	
Seychelles	353	942	615	3,774	5,320	6,311	8,401	9,838	9,754	13,070	18,331	28,011	22,969	
Sierra Leone	6,998	3,674	2,037	1,701	2,259	2,837	5,420	5,999	5,738	10,113	29,739	12,449	11,043	
Singapore	4,079,566	4,221,468	4,635,988	5,653,508	7,406,633	9,489,300	11,949,481	16,292,970	13,616,994	15,244,200	20,839,005	22,887,916	22,289,025	
Slovakia	10,109	17,312	109,758	356,505	691,726	1,267,059	2,706,890	3,462,395	3,136,916	4,424,075	4,103,422	4,624,496	4,406,986	
Slovenia	52,152	54,322	71,121	75,312	91,608	147,757	426,215	932,970	402,858	586,130	1,276,771	1,408,374	1,414,000	
Solomon Islands	523	770	857	1,175	2,439	1,134	1,488	2,454	2,342	1,715	1,741	1,790	1,837	
Somalia	2,231	1,064	980	1,321	1,783	904	259	7	716	863	898	1,419	2,013	
South Africa	422,933	394,478	530,185	959,433	1,319,521	1,794,231	1,752,811	1,397,158	1,082,071	1,668,191	2,254,760	2,188,273	2,697,795	
Spain	1,518,035	1,552,405	2,015,767	2,808,846	2,867,061	3,479,242	3,924,790	3,192,486	1,737,082	1,857,955	1,856,558	1,668,338	1,682,123	
Sri Lanka	334,646	304,566	286,788	243,042	204,870	193,245	186,117	626,560	170,323	245,884	343,615	320,313	299,315	
St. Pierre and Miquelon	0	0	0	0	2	0	0	0	0	0	0	0	0	
Sudan (North + South)	71,866	70,571	86,849	99,876	165,192	260,453	211,568	168,402	232,857	168,234	177,936	137,357	166,134	
Suriname	2,667	1,991	2,864	3,777	5,301	6,521	8,699	13,906	9,295	14,285	19,120	28,416	19,913	
Swaziland	26,017	11,564	53,572	15,692	17,936	17,898	15,691	34,607	7,529	88,092	11,184	4,710	3,591	
Sweden	396,044	395,242	546,440	732,096	904,362	857,824	950,046	935,038	472,105	637,649	1,042,835	788,768	872,971	
Switzerland	431,865	448,967	434,125	516,432	579,638	844,070	488,016	402,647	343,843	373,215	1,134,490	406,458	876,698	
Syrian Arab Republic	328,862	298,436	273,867	356,065	400,089	484,074	607,746	787,121	960,167	1,256,003	841,930	433,374	445,464	
Taipei, Chinese	5,835,269	6,631,582	7,044,551	9,844,213	10,862,932	12,995,658	13,027,109	11,461,972	9,501,115	14,830,499	18,205,965	14,814,856	15,699,099	
Tajikistan	2,273	5,424	4,299	4,947	12,740	14,492	22,566	38,932	26,611	31,745	37,429	38,108	44,299	
Tanzania, United Republic of	14,606	18,280	30,945	26,233	30,612	42,150	67,909	77,494	67,835	107,324	91,111	199,648	145,052	
Thailand	1,848,033	2,335,448	2,523,846	3,248,957	3,380,804	4,244,252	4,480,959	5,779,104	4,528,169	6,459,776	8,458,966	8,212,432	8,064,058	
Timor-Leste	313	820	522	487	256	1,231	695	2,456	1,815	1,437	8,224	9,907	13,611	
Togo	40,755	15,781	18,531	22,190	17,438	19,152	22,540	28,918	27,928	26,901	29,788	36,371	30,574	
Tokelau	131	24	280	244	1,886	619	56	31	204	100	278	257	39	
Tonga	308	371	481	358	1,052	326	206	108	199	133	451	465	1,073	
Trinidad and Tobago	20,035	22,623	19,422	22,924	35,998	47,323	63,557	76,278	48,284	53,717	90,338	82,221	98,470	
Tunisia	61,401	50,622	43,371	69,816	80,355	79,858	101,440	136,954	126,825	344,789	185,610	423,351	167,114	
Turkey	697,085	865,920	1,374,736	2,356,221	2,782,025	3,035,803	4,087,436	3,772,570	2,660,688	3,752,906	5,070,997	4,551,618	5,657,826	
Turkmenistan	14,674	21,667	36,441	14,131	6,449	5,969	6,884	22,364	66,262	109,542	242,714	193,509	141,189	
Turks and Caicos Islands	212	77	226	377	339	530	712	750	341	271	377	404	790	
Tuvalu	130	128	156	88	90	58	33	81	80	128	239	125	176	
Uganda	2,394	4,687	3,192	5,168	6,470	8,637	10,691	7,929	15,839	17,757	25,833	9,350	15,413	
Ukraine	173,407	220,345	357,605	493,242	686,745	884,480	1,546,189	1,773,294	426,435	714,221	1,022,531	1,149,468	634,596	
United Arab Emirates	2,169,086	2,268,781	2,207,565	2,586,980	2,732,732	2,895,994	3,704,743	5,748,540	4,977,751	5,487,047	7,267,747	6,861,716	5,737,664	
United Kingdom	3,489,988	4,255,459	4,094,242	5,515,983	5,338,844	5,634,713	6,870,005	5,936,115	3,796,533	5,555,074	5,479,934	4,925,801	4,814,387	
United States Minor Outlying Islands	207,266	105,918	91,700	135,754	190,335	249,154	119,909	206,179	255,029	226,278	200,447	218,591	226,397	
United States of America	31,357,343	32,942,695	34,368,717	43,026,562	41,499,402	43,320,311	45,883,922	46,500,676	37,802,594	49,991,458	56,421,431	58,806,901	62,326,903	
Uruguay	78,266	34,657	44,352	39,587	57,073	54,237	71,637	99,000	64,430	159,178	217,061	183,992	385,919	
Uzbekistan	345,687	188,479	247,138	359,048	493,095	649,302	748,302	1,122,592	1,149,783	1,438,644	1,718,758	1,766,516	1,968,036	
Vanuatu	1,234	992	973	1,918	3,407	1,933	3,413	6,144	4,301	536,548	4,084	2,964	4,158	
Venezuela	554,664	247,486	106,977	229,902	570,523	995,909	1,232,506	728,387	353,387	643,537	614,683	522,945	442,905	
Viet Nam	1,731,557	2,240,187	2,561,234	3,255,574	3,431,654	3,927,476	5,760,054	7,804,807	7,149,477	9,652,073	13,464,922	15,945,972	21,087,582	
Wallis and Futuna Islands	25	17	0	24	44	0	0	7	1	1	0	0	1	
Western Sahara	0	17	0	244	0	1	0	0	0	227	0	1	0	
Yemen	45,806	52,269	59,941	67,260	114,811	93,638	123,038	182,963	125,416	205,195	83,955	139,648	178,572	
Zambia	4,127	3,459	4,832	10,839	11,921	7,544	15,013	13,075	13,125	13,145	25,341	30,485	26,949	
Zimbabwe	12,092	10,611	8,019	9,514	10,288	14,898	14,494	9,208	13,788	20,750	28,336	28,552	25,899	
