List of importing markets for a product exported by Finland (Mirror) Product: TOTAL All products
"Importers"	"Exported value in 2001"	"Exported value in 2002"	"Exported value in 2003"	"Exported value in 2004"	"Exported value in 2005"	"Exported value in 2006"	"Exported value in 2007"	"Exported value in 2008"	"Exported value in 2009"	"Exported value in 2010"	"Exported value in 2011"	"Exported value in 2012"	"Exported value in 2013"	
Total	43,061,122	43,685,765	50,286,673	60,595,865	69,131,055	79,054,877	90,971,030	99,528,840	67,295,460	71,667,234	82,516,873	74,934,467	74,864,309	
Afghanistan								0	7,052	1,756	2,360	0		
Albania	27,271	5,012	3,032	4,887	14,028	7,823	15,093	18,879	10,319	14,841	25,633	14,960	16,042	
Algeria	88,617	96,905	112,304	137,968	125,886	148,503	252,996	211,904	259,180	292,654	280,687	273,194	319,302	
Andorra	189	352	582	644										
Anguilla	1,214	8	59											
Antigua and Barbuda					654		853		1,156	1,115	2,370	92	223	
Argentina	80,734	31,804	59,444	74,417	75,337	129,261	140,435	192,902	110,517	159,542	213,047	212,030	172,367	
Armenia	1,667	2,487	2,266	3,289	4,611	4,934	11,281	15,993	30,284	11,082	14,102	19,579	23,551	
Aruba					293				3,057	2,868	45,558	815		
Australia	389,040	363,442	422,514	539,238	636,530	602,288	741,669	898,967	583,446	656,853	995,505	953,929	784,787	
Austria	707,022	699,777	845,459	885,078	1,332,272	991,484	1,035,360	953,328	605,164	540,972	608,116	640,135	551,053	
Azerbaijan	5,429	8,112	6,811	6,886	26,527	167,732	151,485	245,910	75,289	39,809	65,892	51,861		
Bahamas	6	1	6,576	53	890	943	82	17	462	44	107	2,743		
Bahrain	10,851	16,185	37,892	33,566	23,096	16,808	9,354	52,060	8,208	11,592	11,972			
Bangladesh	20,438	12,120	18,687	35,161	18,235	43,162	47,013							
Barbados	1,134	421	1,219	1,179	1,343	1,972	524	505	398	364	175	241	439	
Belarus	33,474	30,017	34,825	47,018	51,209	75,951	102,850	171,647	110,784	132,279	139,236	155,054	130,528	
Belgium	1,131,561	1,195,987	1,562,539	1,713,067	1,700,783	1,983,538	2,351,600	2,598,743	1,989,200	2,205,931	2,313,937	2,329,858	2,822,791	
Belize	3	7	5	27	28	9,618	262	229	449	509	144	83	10	
Benin	331	793	462	49	203	79	464	23	1,089	559	1,956	885	2,435	
Bermuda												63	312	
Bhutan					66	35	22	1	915	1,387	5,316			
Bolivia	3,871	5,229	1,832	2,055	4,251	5,201	4,744	4,223	3,521	5,518	5,646	9,560		
Bosnia and Herzegovina			3,582	4,939	4,540	11,775	16,697	13,613	13,696	10,982	11,192	16,121	17,302	
Botswana	1,261	4,681	746	435	1,082	923	5,046	1,535	1,308	520	2,403	4,931	18,053	
Brazil	377,635	376,393	268,045	400,223	321,850	482,345	843,175	752,821	1,081,500	825,369	736,487	861,302	891,534	
Brunei Darussalam	272	252	504	400		2,796				6,395	4,051	3,016	1,337	
Bulgaria	50,970	36,261	38,431	49,436	57,150	110,112	143,682	155,763	142,304	126,346	85,901	78,768	61,040	
Burkina Faso	337	558	462	4,082	7,893		3,761	5,369	18,502	14,285	7,866	14,329		
Burundi	8	0	0	0	90	120	0	4	180	121	713	441	152	
Cabo Verde	1	0	48	10	18	57	85		306	1,474	0	3,018	664	
Cambodia	444	201	286	12,682	206	23,798	6,340	2,405	1,357	5,518	880	1,114		
Cameroon	11,155	8,989	10,813	62,719	6,558	6,835	9,119	16,131	68,512	8,389	15,254	43,266		
Canada	443,868	456,406	673,007	747,458	1,007,953	984,504	802,298	803,557	827,554	1,043,767	1,717,655	1,048,119	1,263,811	
Central African Republic	0	51	10			0	0	79	4	474	114	30	16	
Chile	83,720	103,030	253,292	197,026	514,442	266,207	250,930	286,245	240,210	245,159	420,989	357,176	358,371	
China	2,376,264	1,512,770	1,788,441	3,021,425	2,628,129	3,125,703	3,794,295	3,533,309	3,272,223	4,019,477	4,542,073	3,833,207	3,910,030	
Colombia	57,333	51,995	58,241	58,353	273,784	219,936	160,903	216,073	130,568	147,159	125,879	127,807	189,979	
Comoros	0	0	0	0	0	0	0	0	1					
Congo							189	121	597	662	311	359	561	
Costa Rica	3,431	3,563	32,466	19,199	14,644	11,024	8,199	10,843	6,678	6,630	8,016	10,117	10,260	
Côte d'Ivoire	10,834	11,972	8,982	6,592	5,356	8,377	21,252	11,165	9,901	21,721	6,616	10,006		
Croatia	55,029	49,353	52,768	60,483	61,198	68,846	89,917	99,110	94,873	106,692	122,153	104,603	46,903	
Cuba	4,877	2,670	1,885	5,966	11,588	7,531								
Cyprus	27,995	30,247	31,366	82,325	206,026	65,386	31,213	35,698	29,696	29,593	26,378	20,428	15,897	
Czech Republic	262,584	273,899	282,006	332,079	359,449	536,034	625,014	634,701	436,953	450,267	512,907	447,755	405,086	
Denmark	1,129,289	1,253,627	1,301,199	1,444,755	1,644,922	1,876,835	2,143,679	2,492,938	1,362,244	1,367,912	1,629,972	1,524,482	1,614,276	
Djibouti									15					
Dominica	5	6	1	50	0	0	23	0	0	0	0	0		
Dominican Republic	4,175	5,969	8,180	31,321	9,312	20,111	10,739	21,825	24,894	13,694	27,425	160,576	17,317	
Ecuador	3,730	71,315	87,711	83,459	69,360	53,139	34,582	74,904	36,135	33,526	64,257	67,109	41,593	
Egypt	151,447	164,624	97,177	116,659	174,516	192,905	231,961	439,567	289,349	351,004	365,476	486,758	402,765	
El Salvador	29,335	13,697	7,702	9,000	9,552	35,118	29,387	43,593	39,703	17,576	10,389	6,588	11,736	
Eritrea			890											
Estonia	406,896	419,900	547,535	985,245	1,291,342	1,543,917	1,677,663	1,673,911	1,212,586	1,520,953	1,735,334	1,989,715	2,014,915	
Ethiopia	1,898	2,504	8,939	49,473	33,442	14,701	27,831	9,551	10,897	4,237	8,345	15,190		
Faroe Islands	4,255	6,194	5,166	5,966	5,396	6,979	9,522	11,619	5,631					
Fiji		440	143	64	132	139	110	133	181	102	751	240		
France	2,181,672	2,462,397	2,535,832	2,681,131	2,929,050	4,094,508	3,771,244	3,951,532	2,538,193	2,923,493	2,879,924	2,433,094	2,659,871	
French Polynesia	569	11,056	2,455	1,956	1,247	1,247	3,003	16,024	2,863	9,693	898	1,368	1,464	
Gabon	1,404	3,474	538	792	160	2,538	2,287	2,457	3,962					
Gambia	12	0	0	0	0	13	15	13	0	17,735	4,076			
Georgia	10,203	2,812	2,684	6,335	13,247	26,559	37,652	41,282	12,346	15,289	16,834	18,088	15,579	
Germany	5,751,764	5,805,012	5,962,261	7,517,516	9,699,398	10,537,851	11,504,118	12,005,375	7,426,442	7,978,704	9,215,764	7,974,298	8,122,092	
Ghana	1,783		5,043		5,840	10,335	13,576	26,083	20,142	24,384	32,396	34,078		
Greece	284,153	294,249	535,796	533,340	489,511	699,234	711,086	856,019	553,627	344,775	282,653	178,388	170,657	
Greenland	188	73	3,498	261	11	2,869	1,257	2,486	1,373	1,193	1,736	897	654	
Grenada	82	50	314	313	8,348	196	389	1,871						
Guatemala	7,103	83,063	34,659	13,808	14,758	10,569	12,840	16,934	13,309	17,459	9,490	9,999	44,594	
Guinea	133	23		13,530	8,409	1,718	2,278	699		324	557	1,484		
Guyana	57	60	5	28	5	145	316	162	30,567	2,555	21,344	8,465	32,430	
Honduras	382	104	9,207	113,236	6,349	10,199	9,062	12,762	3,647	2,739	3,798	6,198	2,931	
Hong Kong, China	388,205	458,397	443,537	394,427	380,468	400,345	378,839	335,662	262,181	386,467	383,802	319,667		
Hungary	353,648	402,931	471,613	605,547	585,168	567,877	709,544	826,557	450,275	433,921	461,228	512,046	317,931	
Iceland	38,433	38,091	41,628	53,173	65,953	84,109	96,097	66,575	34,984	207,453	72,807	44,620	42,097	
India	158,767	171,929	268,472	360,740	473,870	660,461	812,918	988,003	1,257,832	1,392,681	1,974,621	1,358,393	961,013	
Indonesia	89,438	62,563	88,936	210,908	328,971	372,886	326,869	359,701	227,037	358,727	500,096	448,813	442,542	
Iran (Islamic Republic of)	62,572	84,702	144,965	147,628	147,904	233,833				65,834	97,513			
Ireland	412,509	698,127	295,880	296,668	337,246	349,073	335,450	488,774	269,231	251,643	171,477	132,750	137,127	
Israel	295,053	263,436	241,912	314,458	263,131	289,619	339,441	370,103	332,233	359,092	291,958	267,489	270,214	
Italy	1,589,618	1,573,172	2,050,299	1,926,746	2,254,340	2,804,675	2,768,718	3,387,999	2,011,597	1,919,598	1,949,706	1,964,978	1,764,302	
Jamaica	4,565	2,723	3,769	2,433	3,594	40,209	4,107	3,562	2,474	3,239	59,806	4,536		
Japan	875,138	1,035,991	1,224,246	1,387,787	1,230,917	1,354,526	1,685,646	1,902,901	1,153,607	1,569,342	1,683,937	1,410,517	1,442,940	
Jordan	18,894	27,739	33,524	76,211		173,292	273,942	185,763	75,930	41,541	79,329	53,548	312,252	
Kazakhstan	71,442	73,398	97,094	152,192	197,910	234,968	307,421	506,002	309,731	207,617	247,413	249,851	247,219	
Kenya	19,339	27,156	9,545	22,492	21,783	25,652	74,685	77,211	55,658	178,593	55,931			
Kiribati					18		0	0	10	0	0	30		
Korea, Republic of	381,371	411,441	379,056	440,861	658,785	513,196	963,455	1,046,719	850,892	1,003,787	935,222	1,053,229	1,283,175	
Kuwait	46,982	78,597	70,252	96,133		127,114	184,161	212,340						
Kyrgyzstan	1,379	4,523	4,534	2,456	6,605	18,854	26,360	25,587	13,827	6,559	5,882	7,674		
Latvia	280,783	324,540	387,412	448,954	504,816	650,414	775,284	693,451	334,289	546,640	710,861	731,184	778,385	
Lebanon	35,382	40,634	32,014	40,642	39,018	44,313	63,530	57,156	44,216	43,266	37,373	40,160	119,711	
Lesotho	0	71	109					0	0	0				
Libya							5,170	5,643	16,372	21,616				
Lithuania	145,585	174,363	240,567	415,663	449,698	563,806	684,278	653,394	342,833	414,466	640,430	609,854	672,479	
Luxembourg	15,836	9,953	13,388	27,276	43,004	65,947	56,237	89,015	89,436	25,102	45,007	29,631	41,980	
Macao, China	7,430	20,462	20,311	23,020	40,625	36,848	51,319	76,209	58,851	77,072		8,156		
Macedonia, The Former Yugoslav Republic of	2,700	3,156	4,803	3,398	5,044	5,648	9,022		32,335	7,770	9,252	5,979	6,221	
Madagascar	756	149	1,050	322	469	1,533	21,565	15,400	817	2,056	6,972	4,744	2,760	
Malawi	2,752	1,399	215	503	1,522	2,867	18,004	2,796	10,458	7,542	5,250	5,214	4,922	
Malaysia	134,571	144,315	107,902	181,856	217,866	260,057	288,274	278,609	168,760	222,887	306,962	266,951	437,318	
Maldives	72	3,261	154	2,179	612	183	410	302	1,238	187	321	183	547	
Mali	2,473	1,710	2,219	829	258	388	535	139		8,716	16,012	16,752		
Malta	4,077	4,494	4,363	4,350	3,694	16,070	5,776	21,788	25,391	26,688	8,591	3,442	3,730	
Mauritania	25	21	4	91	39		618	142	119	324	1,170	18,890		
Mauritius	1,902	4,470	28,187	29,806	151,787	87,755	38,236	21,732	7,371	5,603	5,405	2,532	2,479	
Mayotte	370	149	79	414	434	141	10,300	19,305	1,301					
Mexico	249,324	150,652	276,852	241,880	306,074	323,572	536,956	445,241	285,732	373,583	404,225	423,044	593,228	
Mongolia	3,969		2,651	2,472	2,824	3,173	8,614						24,952	
Montenegro						3,931	15,422	5,120	2,202	3,898	2,169	1,556	1,909	
Montserrat	0	0	0	0	0	0	2	1	0			0	0	
Morocco	52,816	77,069	87,343	133,709	120,907	137,057	212,495	331,973	176,853	137,861	181,499	151,751	166,180	
Mozambique	516	1,011	2,603	957	964	4,667	3,903	1,337	5,529	1,409	681	3,899	3,146	
Myanmar										25				
Namibia	1,027	1,014	770	1,258	1,028	2,600	20,913	4,510	4,829	3,833	2,454	19,965	12,316	
Nepal			592						990	16,529	6,699			
Netherland Antilles					316	344	1,667	326						
Netherlands	1,793,888	1,976,543	2,405,593	3,296,885	3,239,549	3,899,716	4,649,049	5,313,445	3,746,213	4,235,671	5,433,028	4,382,166	4,491,536	
New Caledonia	1,530	911	2,046	3,978	3,137	2,876	3,572	9,764	6,026	5,907	11,478	6,612	7,448	
New Zealand	79,553	70,618	80,308	136,125	129,238	106,173	117,967	125,685	106,566	109,233	140,046	138,208	118,958	
Nicaragua	382	654	2,082	2,810	2,009	2,249	2,510	1,193	1,813	1,355	1,625	4,437	1,672	
Niger	251	295	209	339	280	200	133	1,141	403	676	491	818	1,577	
Nigeria	7,491	7,322	8,042			18,092	10,605	11,938	0	0	0	5,090		
Norway	1,136,265	1,150,112	1,287,225	1,933,419	1,745,558	2,055,828	2,947,770	3,013,401	2,007,346	1,972,505	2,303,643	2,421,290	2,278,827	
Oman	17,411	14,552	52	12,408	10,779	22,786	25,528	57,772	29,085	35,764	29,042	29,158	19,583	
Pakistan			41,868	78,634	310,430	409,046	365,817	256,479	417,894	280,808	110,457	69,967	62,085	
Palestine, State of							1,553	879	2,233	1,032	3,774	2,048		
Panama	2,618	1,246	911		11,323	12,017	27,484	20,355	17,963	14,864	8,627			
Papua New Guinea	31	2,507	181	289							4,536	32,611		
Paraguay	822	937	1,046	1,359	5,098	2,631	5,348	7,222	7,026	8,059	23,494	11,440	6,515	
Peru	42,106	42,100	39,025	52,705	82,553	90,632	90,287	187,789	81,741	98,019	141,257	150,953		
Philippines	363,683	105,879	193,644	145,486	88,911	131,513	164,634	167,600	134,605	145,218	142,356	138,914	108,526	
Poland	834,576	843,537	1,011,924	1,232,397	1,312,976	1,618,467	2,150,240	3,126,856	1,933,547	1,764,885	2,110,648	1,638,804	1,629,547	
Portugal	215,470	235,421	278,933	303,346	363,241	260,562	346,004	476,213	498,032	162,966	172,191	220,368	176,491	
Qatar	6,127	9,750	13,753	22,606	82,514	97,270	177,774	180,788	113,884	82,343	54,701	64,396	63,469	
Republic of Moldova	3,503	3,781	9,408	6,019	9,849	8,110	15,255	21,407	13,101	12,712	15,813	14,388	14,867	
Romania	49,017	54,452	86,040	96,975	160,264	232,786	232,725	290,531	210,192	232,523	245,497	179,690	198,372	
Russian Federation	1,284,864	1,519,265	1,853,957	2,336,301	3,099,845	4,002,557	5,025,128	6,634,855	3,953,176	4,583,709	5,670,314	5,002,349	5,408,572	
Rwanda	50	138	32	77	106	134	618	23,048	4,573	2,418	1,032	21,449	1,525	
Saint Kitts and Nevis	10	105	16	2	1	2	6	0	3	210	63			
Saint Lucia	448	370	707	10,349	488	848	7,350	423						
Saint Vincent and the Grenadines	51	912	99	92	190	246	145	96	226	79	57	133		
Samoa	246	13	1	2	3	0	0	1	2	82	0	0	0	
Sao Tome and Principe	0	0	0	9	0	0	14	0	0	0	83	141	0	
Saudi Arabia	232,123	341,772	353,323	298,102	1,032,724	1,173,952	1,285,490	1,208,814	688,862	434,927	593,522	654,448		
Senegal	1,892	2,957	2,931	4,567	8,557	62,753	15,355	87,826	13,475	13,226	14,259	111,211	13,962	
Serbia					30,100	32,362	76,543	88,575	48,171	70,495	88,991	101,087	76,301	
Serbia and Montenegro	7,882	10,455		34,018										
Seychelles	1,375	1,724	577		681	4,760		1,117						
Sierra Leone		40												
Singapore	275,306	207,653	336,376	425,147	350,143	358,588	419,111	501,494	441,906	368,885	414,279	360,028	361,971	
Slovakia	89,053	111,107	130,150	118,280	114,300	159,744	179,276	245,576	141,797	162,071	180,579	159,319	148,994	
Slovenia	52,239	59,960	83,429	68,517	66,861	92,465	118,380	148,237	97,510	90,214	124,664	79,910	75,094	
Solomon Islands								6	65	82	1			
South Africa	306,896	157,903	202,551	374,931	458,491	689,241	743,801	704,206	378,029	447,756	490,273	629,326	444,024	
Spain	1,157,980	1,198,495	1,561,054	1,667,013	1,684,366	2,062,406	2,695,253	3,085,976	1,505,855	1,409,602	1,389,839	1,086,888	1,115,588	
Sri Lanka	18,667	13,064	6,395	65,123	18,664	27,637	37,380	26,206	15,229	19,936	17,716	21,780		
Sudan (North + South)	762	1,578	771	9,695	14,474	39,668		30,621	11,933	14,539	13,557			
Suriname	28			151	316	6	102		221	555	854			
Sweden	3,453,003	3,542,536	4,960,003	6,458,348	6,711,025	7,518,192	9,489,584	9,779,919	6,216,192	7,814,223	9,436,562	8,373,059	8,647,571	
Switzerland	628,392	639,108	619,120	697,315	680,868	954,358	975,505	903,128	734,580	811,746	823,439	726,819	704,065	
Syrian Arab Republic	20,559	22,253	25,666	18,773	30,877	37,445	33,167	37,586	31,087	56,000				
Taipei, Chinese	242,429	186,055	449,951	486,520	427,412	516,678	633,623	502,001	351,873	340,377	361,609	355,281	359,566	
Tanzania, United Republic of	4,768	16,493	16,848	27,940	21,872	16,894	107,415	46,967	44,650	40,848	32,830	22,725	35,517	
Thailand	403,727	304,713	193,521	290,010	275,038	285,262	312,860	333,686	226,110	308,321	361,064	285,881	289,545	
Timor-Leste				0	25									
Togo	152	50	4	6	0		28	13	93,847	6,844	1,818	469	5,943	
Tonga	0	0	0					0	0	62	0	10		
Trinidad and Tobago	9,268	1,380	2,087	1,039	6,133	7,198	8,230	13,770	5,594	2,295				
Tunisia	58,645	56,118	71,424	94,929	73,552	82,935	125,390	125,901	95,653	97,958	90,255	76,552	86,207	
Turkey	301,903	371,997	479,865	708,290	962,032	1,138,911	1,208,412	1,180,799	795,414	1,115,496	1,296,728	1,114,790	1,244,975	
Tuvalu		48												
Uganda	970	1,934	1,912	2,985	8,965	17,274	32,487	36,778	8,677	5,159	2,966	3,164	3,964	
Ukraine	126,932	166,523	294,764	273,336	351,069	391,765	544,625	686,269	421,540	429,858	522,651	485,197	466,713	
United Arab Emirates					1,480,599		606,246	975,924						
United Kingdom	4,195,457	4,156,607	4,438,693	4,384,564	4,214,948	5,331,123	5,246,206	5,165,161	4,533,391	3,435,350	3,982,546	3,334,650	3,926,641	
United States of America	3,529,690	3,607,195	3,778,337	4,092,137	4,531,553	5,176,108	5,500,866	6,142,786	4,134,392	4,033,238	4,585,159	5,317,654	4,849,804	
Uruguay	8,567	3,905	3,126	6,064	10,892	12,136	27,102	41,251	38,927	27,863	44,183	18,562	37,253	
Vanuatu						25	43		960	180	462			
Venezuela	75,200	36,197	34,511	22,254	29,316	58,245		112,099	70,363	38,623	42,656	77,916	78,422	
Viet Nam	19,476	35,421	33,480	53,592	42,653	82,303	78,479	105,234	149,221	122,267	123,966	204,324		
Yemen				5,322	60,664	6,152	11,378	74,047	8,419	14,938	14,265	5,747		
Zambia	3,292	6,553	27,028	22,690	12,292	12,881	55,199	50,644	14,777	36,808	83,729	46,787	37,835	
Zimbabwe	2,972	12,143		2,504	1,084	5,200	6,973	4,681	8,150	14,265	4,121	5,415	3,999	
