List of importing markets for a product exported by Qatar (Mirror) Product: TOTAL All products
"Importers"	"Exported value in 2001"	"Exported value in 2002"	"Exported value in 2003"	"Exported value in 2004"	"Exported value in 2005"	"Exported value in 2006"	"Exported value in 2007"	"Exported value in 2008"	"Exported value in 2009"	"Exported value in 2010"	"Exported value in 2011"	"Exported value in 2012"	"Exported value in 2013"	
Total	11,672,595	10,828,235	13,914,683	18,289,359	25,594,767	34,323,066	40,760,106	67,335,880	45,921,169	67,401,199	109,135,772	125,632,508	127,143,979	
Albania	0	7	0	0	0	0	0	0	421	723	3,749	1,485	3,025	
Algeria	0	1,347	1,813	12,140	10,101	7,842	11,517	12,313	6,910	19,690	29,218	38,096	49,559	
Andorra	0	1	1	0										
Antigua and Barbuda					0		0		0	0	0	0	0	
Argentina	5,968	0	0	1	8	15	24,569	5,086	189	75,284	290,873	448,592	1,050,151	
Armenia	0	0	0	0	5	59	37	426	923	1,123	1,799	772	551	
Aruba					2				0	0	0	0		
Australia	199,088	107,738	109,345	151,934	235,822	232,687	199,078	340,752	350,746	445,943	477,595	674,763	631,766	
Austria	129	68	78	239	3,579	757	936	2,025	1,637	3,358	5,307	4,131	4,965	
Azerbaijan	0	0	1	8	61	82	144	191	6	72	12,042	1,312		
Bahrain	10,459	17,083	24,139	26,565	21,344	39,471	39,462	88,989	45,759	58,123	87,946			
Bangladesh	5,172	2,317	9,367	15,195	13,664	30,776	34,191							
Barbados	0	1	0	0	2	0	0	0	0	0	0	16	1	
Belarus	0	0	0	0	43	69	300	804	456	396	644	2,699	2,578	
Belgium	5,204	19,082	12,999	40,602	120,663	148,392	733,651	1,495,961	1,665,781	1,736,445	2,216,112	1,724,477	1,758,371	
Belize	0	0	0	0	0	0	0	0	0	0	0	3	0	
Benin	0	0	0	1,574	0	0	0	0	124	0	2	63	503	
Bermuda												4	0	
Bhutan					998	1,180	661	2,294	1,028	1,576	1,918			
Bolivia	5	0	0	2	0	0	0	0	5	131	423	133		
Bosnia and Herzegovina			0	17	2	1	63	158	100	79	10	636	1,143	
Botswana	0	0	0	227	0	154	18	161	209	1	0	0	80	
Brazil	0	0	7,287	14	3,263	7,895	63,727	144,397	25,483	219,756	238,433	748,358	581,028	
Brunei Darussalam	0	15	5	2		8				43	150	2	5	
Bulgaria	3	0	0	2	41	128	1,069	550	40	230	502	2,103	4,795	
Burkina Faso	0	85	74	61	205		237	325	408	416	376	677		
Burundi	1	16	0	35	39	25	6	0	0	270	40	5	1	
Cabo Verde	0	0	0	1	2	0	33		0	0	0	74	82	
Cambodia	0	0	2	0	0	0	9	8	0	19	487	457		
Cameroon	0	112	181	554	788	789	644	1,207	889	2,634	1,845	2,469		
Canada	9,258	309	5,487	27,578	38,090	47,599	287	1,303	46,837	97,702	402,090	172,725	178,531	
Central African Republic	0	0	0			0	0	0	0	0	0	0	0	
Chile	2,866	559	713	308	1,328	2,173	22,273	59,076	27,055	92,085	303,738	197	51,844	
China	377,048	174,006	293,078	334,259	472,719	561,981	588,003	1,311,626	1,376,154	2,455,837	4,694,309	7,278,103	8,434,530	
Colombia	259	69	328	89	565	1,113	6,038	1,884	312	2,054	4,116	6,437	5,592	
Comoros	0	0	0	0	10	0	0	0	0					
Congo							132	125	99	91	144	98	208	
Costa Rica	100	44	0	57	57	5	0	11	1,853	225	220	1,350	1,641	
Côte d'Ivoire	0	1,422	2,515	1,463	3,221	3,659	3,871	4,690	3,501	13,377	13,282	16,562		
Croatia	0	4	6	34	77	195	224	8,496	307	433	1,760	5,085	5,030	
Cuba	0	0	0	0	0	232								
Cyprus	421	443	926	1,736	1,208	468	378	316	358	15,333	489	14,304	1,490	
Czech Republic	0	17	91	922	275	457	5,012	193	102	693	787	2,293	3,170	
Denmark	226	2,614	463	1,131	4,284	731	3,958	66,662	13,503	2,416	269,521	262,944	474,043	
Djibouti									0					
Dominica	0	0	0	0	1	0	0	0	0	0	1	0		
Dominican Republic	423	32	117	99	32	40	0	3	156	1,081	2,032	96,920	1,024	
Ecuador	15	71	8	97	112	34,372	28,569	12,712	248	539	1,972	2,504	2,972	
Egypt	12,165	4,454	5,571	8,670	10,813	8,685	11,983	56,203	38,691	59,233	110,349	88,651	41,131	
El Salvador	0	0	1	0	0	58	0	0	0	0	793	1,619	6,860	
Eritrea			200											
Estonia	0	0	0	0	1	0	0	0	0	669	5,483	42	0	
Ethiopia	1,137	5,688	6,138	1,669	7,995	7,946	25,642	22,768	35,754	49,553	14,614	3,788		
Faroe Islands	0	1	6	2	3	1	0	1	0					
Fiji		0	0	0	74	54	0	7	236	485	96	115		
Finland	3	1	3	92	596	927	1,686	3,473	2,579	46,909	18,367	14,472	25,405	
France	22,061	15,962	31,564	13,019	47,720	223,199	50,203	189,635	110,592	1,010,881	1,857,776	1,005,853	1,125,512	
French Polynesia	8	0	0	0	0	0	0	0	0	0	0	0	0	
Gabon	38	0	0	99	0	119	11	24	241					
Gambia	0	0	0	0	0	0	0	0	0	42	22			
Georgia	0	0	0	0	0	0	10	63	0	1	0	192	315	
Germany	3,022	14,034	26,784	37,719	31,732	18,090	29,225	46,994	104,842	155,553	116,768	869,398	305,291	
Ghana	5		27		419	377	944	2,053	1,678	4,150	4,734	5,199		
Greece	14	3,474	16,237	68,476	23,669	27,594	9,877	14,943	19,227	43,343	105,331	60,907	29,137	
Guatemala	0	0	0	0	0	0	0	0	1	0	617	927	319	
Guinea	184	217		1	13	117	377	38		64	378	993		
Guyana	0	0	0	0	0	0	2	0	0	0	1	2,825	0	
Honduras	0	12	0	86	29	0	15	0	0	160	328	529	92	
Hong Kong, China	9,629	11,331	21,732	25,510	21,663	27,632	19,648	23,413	13,621	21,604	37,577	150,995		
Hungary	1	23	69	51	54	417	393	1,154	944	312	7,603	9,038	932	
Iceland	40	25	8	0	0	0	0	0	0	0	7,840	12,321	1	
India	83,963	100,446	158,834	531,683	854,501	1,962,463	2,062,722	3,406,565	4,146,324	6,141,784	11,258,453	16,385,926	14,606,452	
Indonesia	22,006	8,843	10,129	10,791	3,276	24,222	41,847	262,639	238,672	576,103	609,383	1,595,897	1,481,293	
Iran (Islamic Republic of)	4,332	20,436	22,404	65,580	26,953	30,749				25,481	4,655			
Ireland	337	5,791	1,759	960	4,186	1,195	6,699	6,906	4,067	5,514	1,750	7,928	8,190	
Israel	0	17	116	1,755	984	351	2,946	2,141	973	1,889	901	445	46,418	
Italy	4,525	13,244	29,296	52,491	56,495	47,589	60,612	62,557	484,480	2,068,544	2,882,260	3,042,612	2,255,807	
Jamaica	0	0	0	0	0	187	0	0	0	145	589	81		
Japan	6,026,531	5,253,416	6,529,008	7,880,883	10,670,331	14,797,669	16,922,173	26,580,834	15,897,411	21,747,700	30,082,973	35,890,933	36,945,298	
Jordan	15,673	12,157	11,043	5,489		6,242	8,147	9,451	9,524	14,240	22,627	36,542	37,012	
Kazakhstan	4	0	40	8	0	606	735	312	255	407	493	843	694	
Kenya	6,044	5,328	8,621	13,533	35,766	22,612	15,154	24,746	17,076	31,993	23,823			
Korea, Republic of	2,572,109	2,173,041	3,139,809	3,649,698	5,599,252	6,985,170	8,453,894	14,374,568	8,386,492	11,915,450	20,749,364	25,504,675	25,873,843	
Kuwait	15,147	15,939	11,990	12,167		14,617	31,280	50,219						
Kyrgyzstan	0	0	0	0	0	0	9	118	134	7	0	18		
Latvia	0	0	0	95	0	0	0	0	0	0	0	0	0	
Lebanon	8,472	2,195	12,510	21,932	19,497	11,004	16,145	17,218	13,600	23,358	33,042	24,451	32,230	
Libya							533	1,914	1,363	2,406				
Lithuania	1	0	1	0	0	104	483	1,137	973	525	941	711	1,046	
Luxembourg	0	0	10	0	2	69	46	8	5	1	2	8	186	
Macao, China	0	0	0	0	17	2	1	0	0	0		0		
Macedonia, The Former Yugoslav Republic of	0	0	1	3	3	0	596		724	509	504	544	1,229	
Madagascar	28,709	17,613	480	542	1,176	388	463	597	223	3,812	15,092	29,150	64,676	
Malawi	0	1,014	2,429	4,316	9,537	2	785	3,114	42	61	531	2,877	7,478	
Malaysia	47,641	16,655	14,087	20,211	54,008	79,855	23,663	268,824	327,726	237,986	1,512,506	1,336,487	1,026,967	
Maldives	9	0	0	2	8	42	92	1,072	82	586	1,364	621	130	
Mali	1	168	54	142	290	231	178	609		577	862	231		
Malta	0	0	0	0	0	160	61	340	153	530	765	667	157	
Mauritania	24	30	0	2	29		384	181	57	184	695	797		
Mauritius	0	0	0	0	117	7,808	128	100	330	648	757	2,399	2,495	
Mexico	19,118	134	93	381	2,630	35,371	157	44,435	32,713	166,258	245,184	221,140	301,730	
Mongolia	0		0	0	0	0	185						0	
Montenegro						0	0	0	0	0	63	196	42	
Morocco	1,730	6,354	9,483	23,208	20,798	26,870	40,857	52,908	44,814	55,563	142,021	141,024	103,153	
Mozambique	11	98	0	2,411	955	571	438	1,229	1,093	160	880	3,635	1,388	
Myanmar										742				
Namibia	0	0	0	0	12	3	30	3	0	0	0	0	3	
Nepal			0						11,049	7,672	7,366			
Netherland Antilles					0	1	32	0						
Netherlands	1,216	678	8,959	6,147	16,269	24,411	33,701	77,576	166,797	247,943	1,733,847	412,016	752,512	
New Caledonia	14	0	3	0	0	138	98	216	80	31	151	6	67	
New Zealand	51,057	31,857	71,377	87,743	140,336	296,956	302,332	1,079,015	600,651	587,230	800,457	425,151	479,960	
Nicaragua	0	0	0	0	0	0	0	0	0	31	36	28	186	
Niger	0	0	0	0	31	26	9	32	3	0	36	4	58	
Nigeria	51	602	85			4,643	18,363	11,655	21,919	21,544	24,158	19,854		
Norway	60	20	74	198	255	737	218	1,143	585	849	2,771	4,562	7,179	
Oman	8,567	11,968	82,967	10,323	26,954	21,234	28,324	39,162	136,983	58,391	339,327	245,423	1,230,634	
Pakistan			29,883	176,515	326,611	642,767	362,381	848,151	168,005	153,701	252,059	345,668	164,226	
Palestine, State of							0	0	0	2,813	3,720	6,657		
Panama	0	0	548		603	497	0	0	56	777	686			
Papua New Guinea	181	27	125	99							577	32		
Paraguay	0	0	1	0	0	0	0	0	0	0	390	862	1,005	
Peru	1,163	440	168	2,169	2,992	4,633	3,124	6,293	1,478	11,098	22,744	21,442		
Philippines	161,255	156,239	135,342	177,083	286,636	38,075	317,937	189,150	609,265	414,272	328,372	678,042	1,046,517	
Poland	0	0	0	11	329	487	283	202	1,396	2,706	5,461	10,916	18,702	
Portugal	1	217	8,593	20,200	1,535	980	4,984	7,594	784	19,070	122,719	83,088	176,322	
Republic of Moldova	0	0	5	0	0	76	0	0	29	29	0	1	73	
Romania	937	10	0	2	37	4	309	185	0	1	2,589	5,133	19,109	
Russian Federation	0	0	76	5	860	1,813	10,145	16,907	7,227	11,125	45,217	35,609	23,072	
Rwanda	0	0	0	73	0	36	0	15	37	2	120	184	2,909	
Saint Kitts and Nevis	1	1	1	0	0	2	0	0	2	7	0			
Saint Lucia	0	0	0	8	0	0	0	0						
Samoa	0	363	0	0	0	0	0	0	0	0	0	0	0	
Sao Tome and Principe	0	0	0	0	0	0	0	0	0	0	0	12	0	
Saudi Arabia	135,318	145,363	169,363	188,490	127,682	212,855	253,383	127,552	178,431	247,849	474,631	599,853		
Senegal	56	872	1,809	1,533	2,699	1,703	10,214	1,847	677	349	1,562	20,649	3,712	
Serbia					1,166	2,848	5,693	7,704	2,382	1,678	1,858	2,341	4,155	
Serbia and Montenegro	2	4		932										
Seychelles	0	0	0		14	0		50						
Sierra Leone		0												
Singapore	699,469	1,066,821	1,372,303	2,026,380	2,369,284	2,435,461	4,180,938	7,693,887	4,623,790	5,510,620	7,435,413	7,672,128	7,898,023	
Slovakia	2	0	1	612	454	565	637	632	561	563	629	713	816	
Slovenia	196	1	28	59	62	66	182	120	208	21	19,991	30,707	1,924	
South Africa	22,370	40,959	46,016	106,373	143,236	179,992	106,213	175,732	93,792	123,135	494,392	458,935	258,167	
Spain	84,633	201,666	278,598	710,692	980,497	1,391,449	1,295,698	2,083,690	1,193,803	1,698,049	2,052,573	1,795,039	1,604,437	
Sri Lanka	9,148	15,573	13,701	14,743	21,193	45,729	48,298	42,867	36,043	39,989	174,846	71,352		
Sudan (North + South)	1,796	694	1,137	1,155	26,324	15,319		13,367	3,592	22,034	49,013			
Suriname	0			89	0	0	0		0	0	0			
Sweden	146	2,342	3,535	1,257	2,090	765	1,282	5,424	17,343	25,191	29,807	58,536	94,426	
Switzerland	517	4,202	3,807	79,300	47,901	227,732	90,828	91,403	144,635	161,031	148,956	244,027	165,658	
Syrian Arab Republic	7,211	2,594	9,873	26,642	35,763	34,818	54,457	61,284	48,727	62,956				
Taipei, Chinese	67,615	84,619	174,189	231,410	745,013	1,157,397	694,275	1,298,790	782,801	2,051,783	3,767,562	5,506,798	6,256,924	
Tanzania, United Republic of	524	552	552	1,901	12,548	10,154	15,752	8,483	14,955	16,246	7,675	7,891	22,458	
Thailand	256,292	423,677	476,558	702,932	845,015	1,558,621	2,043,197	2,865,359	1,660,552	2,101,898	2,517,843	2,642,965	4,060,900	
Togo	0	34	70	16	6,379		3,535	412	0	0	169	12,265	8,759	
Trinidad and Tobago	29	0	0	19	0	11	20	0	0	132				
Tunisia	2,049	3,115	4,400	6,762	7,781	8,409	17,132	15,449	9,049	14,521	6,780	15,855	19,306	
Turkey	5,779	10,659	8,310	17,727	50,725	66,411	29,643	159,353	85,652	177,046	481,018	466,499	373,923	
Uganda	173	138	155	1,340	1,750	3,398	2,927	4,231	3,495	6,388	6,600	15,653	7,930	
Ukraine	11	25	15	0	1	4	321	3,509	3,629	2,950	15,670	16,578	13,977	
United Arab Emirates					208,655		390,410	463,057						
United Kingdom	11,357	16,714	73,404	157,608	190,545	124,845	229,438	232,298	1,116,719	3,349,518	7,338,345	4,415,937	3,416,172	
United States of America	580,204	534,922	372,614	429,912	490,561	284,308	518,255	520,337	535,934	487,836	1,278,100	1,055,742	1,412,895	
Uruguay	919	0	0	0	72	1,567	110	143	42	85	897	5,566	10,512	
Venezuela	0	2	1	52	3	189		44	70	13	47	37	3,505	
Viet Nam	39,569	31,319	26,474	25,634	28,962	19,739	67,251	71,515	120,742	83,250	178,385	233,506		
Yemen				2,120	5,303	3,047	4,796	9,297	7,360	10,856	13,082	16,152		
Zambia	9	0	2	0	863	51	0	345	16	2	429	1,117	389	
Zimbabwe	1,359	3,343		2,470	563	3,374	2,425	2,145	512	1,618	1,607	1,426	889	
