List of importing markets for a product exported by Ecuador Product: TOTAL All products
"Importers"	"Exported value in 2001"	"Exported value in 2002"	"Exported value in 2003"	"Exported value in 2004"	"Exported value in 2005"	"Exported value in 2006"	"Exported value in 2007"	"Exported value in 2008"	"Exported value in 2009"	"Exported value in 2010"	"Exported value in 2011"	"Exported value in 2012"	"Exported value in 2013"	
World	4,647,487	5,041,492	6,038,494	7,606,116	9,869,357	12,727,796	13,800,364	18,818,325	13,863,050	17,489,922	22,342,524	23,852,017	24,957,644	
Afghanistan	277	106	3	205	145	86	520	71	276	376	0	4	0	
Albania	469	0	30	19	3	238	48	1	0	3,092	7,492	10,134	13,396	
Algeria	27	1,118	22,048	9,410	4,044	73	3,673	5,985	5,480	23,239	35,131	45,669	34,052	
Andorra	57	0	0	0	0	0	1	0	0	0	0	0	0	
Angola	13	600	1,351	27	432	590	509	1,264	70	22	15	32	1,091	
Anguilla	0	0	0	0	0	0	0	0	0	0	0	24	0	
Antigua and Barbuda	0	34	4	22	155	50	38	196	69	94	77	101	48	
Area Nes	50,051	52,769	26,308	12,667	1,222	2,720	32,491	5,398	3,344	2,869	3,322	17,173	77,234	
Argentina	70,855	15,257	31,706	33,803	41,876	44,160	74,812	94,519	99,706	114,297	89,106	105,341	145,507	
Armenia	0	19	0	0	0	1	2	0	79	80	116	99	569	
Aruba	136	196	118	123	12,562	150	150	189	219	518	404	317	300	
Australia	1,235	1,594	2,123	4,405	5,281	5,923	7,670	7,879	9,350	14,142	16,680	17,292	19,590	
Austria	215	437	453	415	665	994	1,263	1,392	2,410	5,729	1,857	2,360	2,004	
Azerbaijan	21	26	44	74	86	176	104	41	468	10,618	2,033	1,589	4,360	
Bahamas	2,563	8,827	1,188	1,361	1,737	1,544	65,272	657	1,629	2,681	554	682	660	
Bahrain	6	7	31	21	72	101	77	62	134	299	609	653	1,057	
Bangladesh	0	0	0	0	177	1,244	4,401	2,422	450	0	28	17	48	
Barbados	190	350	368	777	551	594	347	383	428	799	1,090	913	826	
Belarus	0	88	198	125	104	213	809	162	97	179	238	336	2,359	
Belgium	80,880	71,698	73,526	74,903	77,255	103,129	168,017	199,018	190,138	244,398	264,959	208,432	233,780	
Belize	47	71	8	394	84	58	38	56	94	74	77	107	285	
Benin	0	0	0	29	0	0	39	0	0	9	0	135	527	
Bermuda	0	26	0	0	0	0	59	0	0	0	0	0	45	
Bhutan	3	0	0	0	0	0	0	0	0	0	0	0	0	
Bolivia	5,454	4,919	5,326	7,115	7,991	9,290	12,957	22,982	10,670	13,676	22,523	22,157	23,470	
Bosnia and Herzegovina	0	2	3	16	0	0	0	0	0	0	31	68	82	
Botswana	6	0	0	2	4	0	0	0	0	0	0	0	0	
Brazil	15,092	14,742	19,372	74,182	89,014	26,508	36,608	46,034	39,963	51,407	89,561	136,041	132,252	
British Indian Ocean Territories	0	0	0	0	0	0	0	0	0	0	0	0	0	
British Virgin Islands	37	44	1,503	531	32	12	20	39	0	0	0	0	0	
Brunei Darussalam	0	0	0	0	0	0	291	0	95	0	0	0	10	
Bulgaria	607	72	1,313	50	119	368	2,943	2,189	4,073	5,345	3,590	11,237	10,020	
Burkina Faso	0	0	0	0	0	0	0	0	0	0	0	0	0	
Burundi	58	0	0	0	0	0	0	0	0	0	0	0	0	
Cabo Verde	295	44	0	0	86	0	17	0	333	0	0	0	118	
Cambodia	0	0	0	0	0	0	0	150	0	0	0	0	73	
Cameroon	0	16	0	0	17	33	43	14	30	0	57	112	1,627	
Canada	21,992	25,138	30,207	29,392	59,940	39,365	88,269	27,257	41,803	56,266	86,464	127,864	122,639	
Cayman Islands	13	5	8	13	38	46	37,867	123	277	154	128	73	55	
Central African Republic	70	0	3	13	18	20	0	0	1	51	0	1	0	
Chad	69	0	2	0	0	0	0	0	0	0	0	0	0	
Chile	90,841	74,433	66,577	123,456	301,272	554,359	658,139	1,509,367	899,982	846,629	1,105,504	1,993,835	2,464,236	
China	9,155	14,685	13,578	49,510	7,205	194,728	36,550	387,466	124,208	328,738	191,850	391,462	568,770	
Christmas Islands	0	0	0	0	0	0	0	0	0	0	0	0	0	
Cocos (Keeling) Islands	114	0	5	6	0	0	0	0	0	38	0	0	0	
Colombia	323,945	362,498	362,196	281,996	471,284	715,264	650,627	803,779	678,338	793,062	1,023,209	1,059,110	921,668	
Comoros	64	80	0	0	0	11	0	0	0	0	0	0	0	
Congo	0	0	77	213	138	253	2	0	0	0	0	0	140	
Cook Islands	0	0	0	0	0	0	0	0	0	0	0	369	0	
Costa Rica	5,154	8,813	6,183	6,893	32,483	8,757	10,981	10,126	10,158	12,825	16,534	20,042	23,267	
Côte d'Ivoire	11	0	2	0	0	0	21	24	11	0	24	369	414	
Croatia	165	1,398	340	254	328	728	484	522	662	1,421	2,834	9,277	9,991	
Cuba	5,706	3,873	5,169	14,263	6,530	6,780	11,129	15,046	10,306	11,073	11,876	16,867	32,800	
Cyprus	0	0	0	0	0	438	239	283	465	104	814	917	1,243	
Czech Republic	342	283	402	1,274	1,636	461	575	446	702	540	883	2,182	2,547	
Democratic Republic of the Congo	0	0	0	0	0	0	0	41	6	0	19	30	79	
Denmark	357	679	928	3,994	5,013	7,936	15,549	18,234	12,651	13,359	12,622	14,375	21,365	
Djibouti	0	0	0	0	0	0	15	614	12	0	0	0	0	
Dominica	50	7	1	37	0	17	0	102	150	239	59	224	127	
Dominican Republic	14,664	19,773	9,791	22,687	18,459	19,446	22,353	29,141	27,137	25,123	38,379	42,118	47,081	
Ecuador	0	0	0	0	0	0	0	0	0	0	0	0	0	
Egypt	488	85	1,905	80	96	271	5,327	105	2,476	2,734	13,204	27,410	17,633	
El Salvador	64,272	81,792	112,696	68,421	72,037	72,500	173,472	309,473	156,439	183,810	225,706	147,235	94,075	
Equatorial Guinea	0	0	27	12	0	0	0	0	0	0	9	35	133	
Estonia	21	4	69	263	206	97	204	188	390	331	120	183	461	
Ethiopia	0	62	0	3	0	6	367	613	466	30	25	218	83	
Falkland Islands (Malvinas)	0	0	0	0	0	0	0	0	0	0	0	0	42	
Faroe Islands	1	22	0	0	0	0	0	0	0	0	0	0	0	
Fiji	14	221	0	0	20	0	0	0	0	0	0	313	4	
Finland	1,527	863	772	966	1,005	1,248	2,024	1,818	2,467	3,482	2,466	5,160	6,258	
France	32,738	45,266	55,059	61,048	89,901	110,276	140,523	161,972	157,262	206,359	211,782	239,770	318,700	
Free Zones	0	0	0	0	11,229	12,031	13,314	65,816	93,586	69,478	80,774	0	0	
French Polynesia	0	0	0	673	136	54	0	16	1	0	28	29	2	
French South Antarctic Territories	0	0	0	0	0	0	0	0	0	0	0	0	0	
Gabon	0	0	0	0	16	32	17	6	0	29	0	0	25	
Gambia	0	0	0	0	0	0	0	0	0	0	0	0	0	
Georgia	34	75	140	6	940	110	33	278	191	2,799	29,915	18,272	26,059	
Germany	151,853	172,156	206,856	193,215	197,961	223,219	238,909	314,977	326,865	320,264	491,941	378,374	415,138	
Ghana	55	176	279	327	175	726	1,786	574	194	2,251	1,716	527	2,014	
Gibraltar	0	14	0	0	0	5	0	0	0	0	0	94	0	
Greece	541	1,088	876	8,071	741	1,847	10,645	16,311	17,245	8,888	37,786	39,080	44,815	
Greenland	0	0	0	0	0	0	0	0	0	0	0	0	0	
Grenada	26	27	32	0	0	19	1	0	168	70	128	149	66	
Guatemala	12,388	45,815	53,925	36,086	153,316	195,376	215,904	182,498	224,614	104,000	118,561	97,089	146,764	
Guinea	0	13	0	0	0	12	0	0	0	0	467	2,440	0	
Guinea-Bissau	0	0	0	0	0	0	0	0	0	0	0	0	40	
Guyana	0	25	5	7	12	25	36	26	223	474	511	168	271	
Haiti	448	323	474	1,049	578	713	266	421	826	1,054	2,116	7,939	4,595	
Honduras	5,290	20,175	27,641	8,055	6,886	16,525	18,269	214,520	60,861	76,326	185,082	143,807	105,783	
Hong Kong, China	2,626	2,859	3,493	6,695	5,536	5,614	17,161	8,498	6,745	9,955	14,343	10,506	121,894	
Hungary	175	85	48	56	13	29	47	111	66	146	372	391	767	
Iceland	19	395	463	25	50	54	162	136	15	0	34	0	0	
India	1,043	695	914	22,155	35,924	50,767	102,272	11,775	9,916	10,543	25,719	93,048	30,345	
Indonesia	1,951	1,404	958	1,347	2,105	2,593	4,081	3,000	1,996	1,470	4,458	4,178	19,958	
Iran (Islamic Republic of)	6	14	2,555	102	869	0	0	14	688	8,319	1,127	0	4	
Iraq	0	22	0	0	0	0	0	103	0	39	142	798	1,668	
Ireland	281	214	404	591	809	1,334	1,642	2,457	1,178	1,959	1,086	549	1,966	
Israel	4,144	2,564	2,262	4,724	5,734	3,514	3,412	6,146	3,931	3,747	8,129	6,113	5,116	
Italy	197,855	289,590	377,424	354,249	381,165	426,728	448,324	522,147	578,799	582,412	580,380	489,283	422,168	
Jamaica	9,269	61,680	64,711	36,937	1,958	3,507	3,344	3,477	3,535	2,489	1,923	1,918	2,842	
Japan	122,196	97,849	86,117	76,494	72,245	122,514	104,981	107,116	109,239	401,977	348,854	653,694	570,418	
Jordan	142	51	154	31	42	51	67	324	386	3,637	8,058	6,995	5,333	
Kazakhstan	118	145	151	234	284	817	1,804	3,185	2,825	4,388	5,564	8,604	13,439	
Kenya	5	0	0	79	78	66	57	146	207	687	298	64	203	
Kiribati	0	0	0	0	0	0	0	0	0	0	0	0	0	
Korea, Democratic People's Republic of	1,527	769	226	22,081	406	0	100	0	98	57	19	116	0	
Korea, Republic of	238,200	296,103	241,890	146,909	3,382	6,108	59,196	20,797	6,492	9,213	28,941	40,037	45,163	
Kuwait	81	180	72	233	360	634	170	225	649	648	753	1,548	5,358	
Kyrgyzstan	0	0	0	0	0	0	42	0	6	41	44	148	2,628	
Lao People's Democratic Republic	30	0	0	0	0	0	0	0	0	0	0	0	0	
Latvia	98	6	3	1,755	2,787	4,894	7,137	424	172	284	2,041	3,145	998	
Lebanon	115	159	146	77	52	168	458	148	221	600	1,429	1,006	1,246	
Lesotho	0	0	0	0	0	0	0	0	0	0	0	0	0	
Liberia	0	0	0	0	378	25	0	234	0	0	0	0	16	
Libya	23	0	0	0	27	41	3,359	936	1,118	6,405	508	23,836	26,249	
Lithuania	1,042	17	46	178	178	447	398	298	126	3,075	11,548	7,606	16,587	
Luxembourg	182	276	366	143	129	411	192	2,261	379	107	144	313	255	
Macao, China	2	0	0	0	0	0	0	4	0	11	4	0	0	
Macedonia, The Former Yugoslav Republic of	0	0	0	69	12	30	22	15	68	223	337	266	451	
Madagascar	185	72	114	159	131	119	80	76	11	45	30	109	17	
Malawi	0	0	0	0	0	0	0	0	0	0	0	0	0	
Malaysia	93	10	58	242	218	213	1,929	1,044	1,386	124,390	924	45,304	36,972	
Maldives	0	0	0	0	0	0	0	0	35	170	88	68	47	
Mali	0	0	0	0	0	0	0	0	0	0	0	0	0	
Malta	0	0	0	42	43	0	0	99	119	175	317	699	1,230	
Marshall Islands	0	0	0	0	0	0	0	106	0	0	0	5	0	
Mauritania	0	0	0	0	0	0	0	20	0	0	17	24	0	
Mauritius	0	0	0	0	0	0	93	368	293	0	34	0	0	
Mayotte	0	0	0	0	0	0	0	0	107	0	177	97	25	
Mexico	49,911	25,661	48,048	40,552	57,609	58,384	81,078	100,313	70,693	87,371	98,333	101,144	124,519	
Micronesia (Federated States of)	0	0	55	0	0	0	0	0	0	0	0	0	0	
Mongolia	0	0	0	0	0	0	0	0	0	0	0	0	1	
Montenegro	0	0	0	0	0	0	0	0	19,077	63,059	0	0	0	
Montserrat	0	0	0	0	0	0	0	0	0	0	43	0	0	
Morocco	155	145	95	213	472	803	997	3,898	2,218	5,595	4,325	2,710	3,637	
Mozambique	0	0	0	94	24	0	0	50	6	149	243	169	216	
Myanmar	0	0	0	0	0	0	0	0	0	0	0	0	4	
Namibia	0	0	0	0	0	19	0	257	1	77	0	0	0	
Nauru	0	0	0	0	0	0	0	0	25	0	0	0	0	
Nepal	0	0	0	0	0	0	0	0	1	20	0	0	0	
Netherland Antilles	753	686	1,479	1,876	2,772	1,842	336,027	3,318	30,674	131,161	470,721	40,344	916	
Netherlands	76,421	86,861	113,084	122,810	196,545	203,676	250,611	272,022	303,894	331,553	349,164	333,459	430,455	
New Caledonia	155	1	86	0	0	35	0	0	0	0	152	173	4	
New Zealand	14,985	15,245	10,832	10,228	10,092	11,319	10,911	10,674	12,225	14,932	13,355	12,560	16,126	
Nicaragua	10,062	26,508	23,549	24,966	59,782	48,805	110,954	61,359	61,298	75,538	16,919	18,915	18,223	
Niger	0	0	0	0	0	0	0	0	0	0	0	0	0	
Nigeria	55	87	87	1	1	76	6	143	0	78	266	340	3,219	
Niue	26	0	0	0	0	0	0	0	0	0	0	0	0	
Norfolk Island	0	20	0	0	0	0	0	0	0	0	0	0	0	
Norway	348	662	454	2,056	1,182	1,675	2,360	3,748	6,370	6,502	11,328	13,418	11,372	
Oman	12	26	26	0	45	107	205	77	222	216	442	233	1,036	
Pakistan	0	11	76	91	277	315	54	65	162	141	474	79	195	
Palau	0	7	0	0	0	0	0	0	0	0	0	0	0	
Palestine, State of	0	0	0	0	0	0	0	8	0	2	0	0	0	
Panama	297,221	170,300	244,107	1,088,474	678,156	337,310	464,938	879,419	1,963,836	2,139,170	1,041,441	923,548	628,362	
Papua New Guinea	0	0	0	2	0	0	2	0	4	84	0	0	0	
Paraguay	578	3,714	341	1,083	505	945	843	1,877	1,431	1,936	1,735	3,396	3,620	
Peru	341,399	374,480	632,880	601,422	868,897	1,039,364	1,491,917	1,731,042	939,436	1,335,590	1,764,574	1,991,585	1,882,868	
Philippines	251	161	347	370	108	880	2,019	4,044	4,356	3,035	4,699	6,135	5,529	
Pitcairn	0	0	0	0	0	13,416	257	0	0	0	0	0	0	
Poland	24,977	11,604	19,470	9,818	15,092	19,224	24,175	36,397	41,042	58,180	56,612	70,990	90,963	
Portugal	5,996	5,897	4,187	3,277	5,271	8,241	5,526	7,646	17,615	17,429	14,121	18,320	27,828	
Qatar	57	6	2	11	107	230	263	232	774	1,211	1,455	2,342	4,649	
Republic of Moldova	0	86	0	0	0	0	30	93	132	542	825	1,029	3,232	
Romania	323	1,663	136	203	202	5,822	483	2,684	8,396	10,700	2,394	3,221	3,622	
Russian Federation	134,189	219,665	260,821	270,084	307,006	337,981	405,537	548,960	619,738	596,657	699,889	706,777	817,411	
Rwanda	1	0	0	24	0	0	0	0	0	0	168	0	8	
Saint Helena	0	0	0	0	0	0	0	0	0	0	0	0	0	
Saint Kitts and Nevis	2	0	0	0	0	35	2	0	0	55	62	58	26	
Saint Lucia	0	0	0	2	1	3	10	18,689	70	49,876	477	523	410	
Saint Vincent and the Grenadines	40	36	0	0	0	0	0	0	0	55	85	132	177	
Samoa	0	0	0	0	0	0	0	0	0	0	0	0	0	
Sao Tome and Principe	0	83	0	0	0	0	46	0	0	0	2	0	0	
Saudi Arabia	22,090	14,151	19,838	16,863	16,589	14,092	15,414	11,755	13,706	11,103	13,207	15,631	24,960	
Senegal	62	123	44	0	20	0	39	0	13	0	0	0	632	
Serbia	0	0	0	0	0	11,899	47,304	42,355	47,241	8,084	87,462	48,380	39	
Serbia and Montenegro	0	6	4	0	0	0	0	0	0	0	0	0	0	
Seychelles	0	0	0	0	0	0	0	0	0	0	0	0	8	
Ship stores and bunkers	0	0	0	0	0	0	0	1,605	471	0	0	0	0	
Sierra Leone	0	0	0	12	0	0	27	0	1	0	74	162	0	
Singapore	1,198	257	824	729	999	1,683	2,221	1,764	1,632	57,798	2,684	2,334	2,338	
Slovakia	4	115	308	282	433	318	3,341	182	297	2,234	3,536	3,329	679	
Slovenia	93	59	258	25	3,155	4,387	49	911	6,050	4,108	13,452	1,950	5,968	
Solomon Islands	34	0	0	0	0	0	0	44	0	0	0	10	0	
Somalia	0	0	0	0	0	0	0	0	0	0	0	0	0	
South Africa	257	344	994	783	1,438	2,802	3,926	2,655	2,234	2,159	5,868	3,788	15,930	
Spain	70,528	65,740	145,801	108,785	209,560	296,447	335,396	464,068	317,037	354,200	467,730	444,001	781,758	
Sri Lanka	765	900	1,372	1,189	860	1,427	811	342	1,639	1,848	3,177	3,755	3,721	
St. Pierre and Miquelon	0	0	0	0	0	0	0	0	10	0	0	0	0	
Sudan (North + South)	0	0	0	26	260	0	99	34	62	27	0	170	0	
Suriname	43	0	94	29	142	202	2,175	167	264	3,175	202	319	216	
Swaziland	1	0	0	0	0	6	56	201	189	202	34	980	0	
Sweden	2,098	2,111	1,212	1,905	3,148	4,181	5,839	8,461	7,214	7,651	16,645	14,779	14,897	
Switzerland	3,571	4,299	5,436	6,864	21,175	26,863	31,896	36,759	45,527	61,790	72,683	88,008	97,910	
Syrian Arab Republic	237	1,476	1,058	11,358	14,178	3,641	2,658	1,277	2,847	3,308	5,638	1,109	1,933	
Taipei, Chinese	19,869	6,692	3,708	4,257	5,066	5,664	15,238	21,123	18,303	15,248	10,717	6,409	8,354	
Tajikistan	0	0	0	0	0	0	1	0	148	2	0	58	308	
Tanzania, United Republic of	0	0	0	0	51	39	36	35	0	0	0	3	106	
Thailand	8,388	184	1,384	1,242	667	1,041	2,177	2,959	2,302	1,250	33,623	1,960	8,595	
Timor-Leste	0	0	0	0	0	0	0	0	0	0	0	0	0	
Togo	0	0	0	11	30	0	36	0	0	0	0	0	239	
Tokelau	0	25	0	0	0	1	79	38	0	0	0	0	0	
Tonga	0	0	0	0	41	0	0	0	0	0	0	0	0	
Trinidad and Tobago	714	879	2,786	1,291	30,376	1,410	2,124	2,039	3,320	5,533	4,585	5,419	5,941	
Tunisia	803	39	157	7	7	8	0	1	130	5,887	1,950	1,465	3,799	
Turkey	9,752	10,476	1,410	3,855	14,833	24,327	31,862	29,477	13,128	22,732	78,470	106,230	226,643	
Turkmenistan	0	0	0	0	0	0	85	0	0	0	0	0	123	
Turks and Caicos Islands	65	0	0	0	0	0	0	0	0	0	0	0	0	
Uganda	5	0	0	13	0	0	33	0	0	86	5	10	2	
Ukraine	1,954	2,406	925	1,433	6,021	5,835	8,497	9,500	17,071	23,358	38,935	82,106	100,769	
United Arab Emirates	515	1,219	792	1,082	1,202	1,800	2,946	4,376	2,347	50,959	4,403	4,925	5,340	
United Kingdom	37,318	52,101	56,516	72,591	69,343	68,799	94,461	156,937	98,519	84,399	139,062	164,953	186,041	
United States Minor Outlying Islands	4,553	0	1	784	0	22	336	2	24	967	69	82	664	
United States of America	1,781,202	2,059,977	2,451,526	3,264,914	4,941,481	6,824,753	5,977,819	8,435,396	4,625,857	6,077,496	9,725,735	10,662,567	11,130,951	
Uruguay	5,328	1,202	1,074	1,175	3,142	2,996	3,442	5,242	6,687	32,660	53,033	13,817	20,587	
Uzbekistan	0	42	0	3	44	72	227	47	35	119	199	1,209	1,664	
Vanuatu	77	79	4	0	0	0	6	6	0	0	0	0	0	
Venezuela	165,583	64,731	54,611	118,032	122,283	318,896	484,075	719,551	563,933	973,960	1,473,870	1,007,903	464,225	
Viet Nam	56	153	359	358	439	1,046	8,729	13,023	9,556	3,504	50,248	143,697	325,521	
Wallis and Futuna Islands	0	0	0	0	0	0	0	0	0	0	0	0	0	
Yemen	0	4	14	1	1	1	7	3	6	7	0	4	15	
Zambia	0	0	0	0	0	0	0	0	0	0	0	0	0	
Zimbabwe	0	0	0	0	0	0	0	0	0	0	0	0	0	
