List of importing markets for a product exported by Singapore Product: TOTAL All products
"Importers"	"Exported value in 2001"	"Exported value in 2002"	"Exported value in 2003"	"Exported value in 2004"	"Exported value in 2005"	"Exported value in 2006"	"Exported value in 2007"	"Exported value in 2008"	"Exported value in 2009"	"Exported value in 2010"	"Exported value in 2011"	"Exported value in 2012"	"Exported value in 2013"	
World	121,753,789	125,177,091	159,963,348	198,632,635	229,652,339	271,809,169	299,297,446	338,175,938	269,832,461	351,867,167	409,503,631	408,393,020	410,466,111	
Afghanistan	2,539	1,342	1,934	1,315	3,767	5,990	8,156	4,941	6,776	19,187	0	12,811	10,339	
Africa not elsewhere specified	0	0	123,227	148,664	122,208	125,201	155,616	311,736	412,900	185,157	4,591,179	123	3,702	
Albania	224	139	0	0	0	0	0	0	0	0	672	1,119	1,318	
Algeria	7,945	4,207	4,740	16,332	12,799	26,071	43,796	44,064	44,777	146,778	144,998	35,367	49,808	
America not elsewhere specified	0	0	24,896	42,754	54,334	64,781	83,290	126,369	97,632	148,829	1,801	37	57	
American Samoa	0	0	0	0	0	0	0	0	0	0	0	0	64,422	
Andorra	2,591	1,519	0	0	0	0	0	0	0	0	634	1,872	5,437	
Angola	37,274	34,944	50,595	56,736	63,732	93,910	101,282	171,139	330,211	319,532	250,568	393,732	263,244	
Anguilla	0	11	0	0	0	0	0	0	0	0	0	116	16	
Antigua and Barbuda	43,933	34,603	48,562	99,131	113,974	133,117	194,122	408,744	284,899	435,448	533,248	460,366	348,275	
Area Nes	0	0	0	0	2	16	718	0	0	0	0	0	1	
Argentina	65,307	19,333	36,319	158,892	69,103	77,472	124,754	170,893	77,665	165,203	162,510	164,893	134,762	
Armenia	411	885	0	0	0	0	0	0	0	0	3,530	3,759	1,522	
Aruba	416	136	0	0	0	0	0	0	0	0	170	146	132	
Australia	3,160,179	3,370,709	4,678,728	6,609,681	8,432,112	10,192,177	11,179,502	13,857,943	10,566,979	12,573,453	16,026,934	17,061,044	15,767,910	
Austria	111,873	105,346	120,460	155,739	116,699	113,252	116,903	158,310	91,624	124,951	167,400	129,948	137,894	
Azerbaijan	1,064	3,335	0	0	0	0	0	0	0	0	27,198	33,062	27,287	
Bahamas	164,379	144,778	154,274	161,753	249,956	296,391	477,103	801,349	529,463	743,340	1,023,893	1,048,567	991,129	
Bahrain	20,900	30,022	31,484	38,278	171,432	55,572	53,617	92,134	82,728	91,254	78,211	102,257	100,513	
Bangladesh	846,646	751,048	682,536	741,057	695,432	930,734	936,000	1,250,023	1,411,580	1,703,296	2,270,757	2,089,726	2,536,921	
Barbados	1,292	1,668	0	0	0	0	0	0	0	0	25,698	16,502	6,668	
Belarus	367	364	206	471	247	486	7,562	5,882	7,523	10,509	6,870	6,548	3,437	
Belgium	673,823	694,754	626,774	688,561	827,628	1,324,132	1,593,731	2,046,774	2,449,777	3,385,344	3,987,885	4,252,968	4,463,979	
Belize	10,473	10,892	0	0	0	0	0	0	0	0	17,260	45,729	13,114	
Benin	12,467	14,364	15,110	26,257	57,630	92,830	55,892	68,515	35,240	49,375	46,636	18,761	18,588	
Bermuda	21,395	19,530	16,835	21,218	27,751	60,516	95,729	241,236	138,135	147,916	243,601	294,640	351,178	
Bhutan	1,438	1,363	0	0	0	0	0	0	0	0	4,008	2,766	9,010	
Bolivia	597	389	0	0	0	0	0	0	0	0	3,176	2,296	2,687	
Bosnia and Herzegovina	238	178	0	0	0	0	0	0	0	0	2,024	1,266	2,989	
Botswana	1,335	1,955	0	0	0	0	0	0	0	0	4,457	2,886	2,688	
Brazil	261,460	276,793	234,354	366,439	848,566	1,276,446	1,258,085	1,641,400	1,192,458	1,461,210	1,395,486	1,381,072	2,735,836	
British Indian Ocean Territories	22,654	42,708	0	0	0	0	0	0	0	0	43,191	89,880	11,154	
British Virgin Islands	422	752	0	0	0	0	0	0	0	0	545,058	1	1,521	
Brunei Darussalam	410,254	455,181	462,160	488,570	495,683	573,663	696,123	871,112	867,755	945,108	1,574,144	1,542,266	2,206,969	
Bulgaria	30,878	4,729	8,172	8,404	7,646	20,060	4,949	13,740	8,753	15,370	15,365	15,484	14,366	
Burkina Faso	1,047	3,041	0	0	0	0	0	0	0	0	0	1,707	1,667	
Burundi	0	72	0	0	0	0	0	0	0	0	333	30,278	40	
Cabo Verde	24	254	1,656	1,171	964	122	267	628	130	9,140	521	1,222	697	
Cambodia	370,019	352,248	307,608	348,759	303,042	459,627	438,658	520,455	716,411	2,204,732	907,001	987,862	1,108,177	
Cameroon	6,106	10,434	18,236	21,549	15,070	19,007	19,929	24,706	29,511	36,253	39,905	28,836	39,875	
Canada	401,292	369,600	433,130	558,785	517,377	818,608	1,990,101	1,960,175	2,458,506	1,456,099	1,404,241	1,194,356	1,610,298	
Cayman Islands	9,152	8,449	0	0	0	0	0	0	0	0	99,080	106,775	108,742	
Central African Republic	295	205	0	0	0	0	0	0	0	0	0	35	49,733	
Chad	141	246	0	0	0	0	0	0	0	0	0	514	1,008	
Chile	35,051	29,267	18,875	26,215	37,951	34,453	88,581	131,236	35,836	39,323	72,897	58,355	91,635	
China	5,330,288	6,858,759	10,128,127	15,371,495	19,757,038	26,491,279	28,924,629	31,080,836	26,302,523	36,350,531	42,681,965	43,912,055	48,376,625	
Christmas Islands	2,162	2,631	3,225	1,759	7,013	1,130	569	1,072	1,933	1,668	1,694	6,572	3,027	
Cocos (Keeling) Islands	0	2	0	0	0	0	0	0	0	0	0	9	0	
Colombia	24,014	26,767	27,939	24,262	25,614	49,124	55,891	61,542	64,324	88,713	95,572	110,955	81,162	
Comoros	1,261	1,754	2,212	4,229	3,152	3,375	5,492	9,279	3,240	6,542	7,835	11,577	1,677	
Congo	11,376	14,510	0	0	0	0	0	0	0	0	31,440	37,195	29,954	
Cook Islands	387	274	0	0	0	0	0	0	0	0	0	9,961	13,386	
Costa Rica	8,452	6,643	5,898	12,701	18,867	21,770	17,568	26,934	20,381	21,989	24,593	33,018	27,896	
Côte d'Ivoire	18,284	19,692	13,265	12,049	23,187	11,433	17,123	32,568	29,934	32,877	0	26,844	20,438	
Croatia	7,398	7,490	9,400	12,144	18,505	16,550	17,698	24,500	24,898	29,726	31,988	95,124	29,814	
Cuba	1,359	1,647	1,456	1,990	1,916	10,525	7,682	94,476	1,212	2,233	67,347	6,542	3,231	
Cyprus	159,617	135,822	192,354	239,060	279,861	382,105	401,027	551,190	317,772	418,937	580,630	620,432	572,056	
Czech Republic	35,170	71,083	94,247	86,363	80,507	88,397	326,470	520,446	374,780	776,261	782,088	601,825	543,258	
Democratic Republic of the Congo	5,288	9,893	0	0	0	0	0	0	0	0	0	12,751	9,826	
Denmark	135,840	136,854	200,997	268,800	300,009	348,972	232,526	210,443	150,557	517,953	254,834	286,421	293,570	
Djibouti	9,228	12,504	16,265	13,273	10,085	13,043	9,091	11,849	10,639	12,991	9,130	12,654	19,527	
Dominica	195	135	0	0	0	0	0	0	0	0	25,674	12,436	7,717	
Dominican Republic	42,815	3,707	3,411	4,801	7,194	10,920	11,252	9,464	10,054	10,285	9,131	18,407	9,557	
Ecuador	4,785	5,057	4,351	4,071	8,145	8,929	14,484	26,506	24,378	27,705	139,825	34,362	38,417	
Egypt	125,693	127,782	109,866	128,998	152,113	291,750	330,335	365,495	317,387	545,020	685,860	350,913	477,114	
El Salvador	2,486	3,333	4,487	4,150	5,933	5,271	4,878	5,849	2,719	2,053	3,387	5,389	8,310	
Equatorial Guinea	1,941	2,143	0	0	0	0	0	0	0	0	14,027	24,361	332,907	
Eritrea	1,824	1,029	0	0	0	0	0	0	0	0	759	1,093	110	
Estonia	17,839	25,480	0	0	0	0	0	0	0	11,059	12,016	14,561	23,052	
Ethiopia	3,868	3,490	7,879	7,448	8,593	8,308	16,025	9,603	6,737	5,593	7,065	3,758	9,629	
Europe Othr. Nes	0	0	71,253	81,744	146,631	109,224	76,479	182,181	202,286	290,967	1,159	511	168	
Faroe Islands	16	348	0	0	0	0	0	0	0	0	0	1,027	17	
Fiji	58,285	122,807	172,892	259,290	362,422	417,430	432,648	507,912	347,563	463,765	653,600	654,112	424,307	
Finland	349,398	348,516	416,685	654,025	654,028	429,347	341,524	241,979	193,013	148,009	179,272	167,235	162,362	
France	1,607,535	1,485,220	2,079,419	2,509,161	3,625,470	3,526,294	4,844,843	4,738,056	3,928,743	6,040,320	6,767,888	6,831,703	4,828,173	
French Polynesia	15,255	14,235	15,198	109,248	246,348	268,511	257,655	252,683	106,486	100,818	146,032	177,738	59,336	
French South Antarctic Territories	0	2	0	0	195	0	1	0	4	0	0	0	0	
Gabon	4,793	4,138	4,918	5,890	8,547	13,860	17,617	20,560	21,341	19,571	22,233	23,538	89,258	
Gambia	2,266	4,377	0	0	0	0	0	0	0	0	21,256	862	747	
Georgia	925	750	0	0	0	0	0	0	0	0	18,479	29,566	39,754	
Germany	4,294,859	4,057,335	4,378,243	6,235,551	6,306,141	6,561,315	5,945,155	6,651,868	4,147,996	6,150,341	6,695,833	5,955,295	5,843,631	
Ghana	18,344	30,585	37,480	42,210	39,931	47,912	60,850	72,301	46,711	65,077	64,652	845,555	90,269	
Gibraltar	1,869	1,862	0	0	0	0	0	0	0	0	37,661	53,158	118,872	
Greece	144,705	145,662	182,765	180,552	205,553	273,657	362,887	627,344	530,795	707,641	930,523	1,037,853	1,089,264	
Greenland	624	0	0	0	0	0	0	0	0	0	0	0	0	
Grenada	34	12	0	0	0	0	0	0	0	0	0	30	63	
Guatemala	7,354	5,814	14,462	20,796	30,689	4,405	5,638	24,165	5,672	26,813	9,611	8,740	11,278	
Guinea	7,580	8,309	8,942	9,807	8,982	9,770	19,746	10,805	9,871	8,489	10,630	6,158	3,842	
Guinea-Bissau	14	0	23	38	299	759	1,618	1,100	239	0	0	0	0	
Guyana	1,203	1,191	589	1,300	1,995	3,912	5,409	5,566	5,696	4,001	3,034	8,863	2,374	
Haiti	487	431	0	0	0	0	0	0	0	0	2,841	2,384	2,572	
Honduras	45,008	63,038	7,201	6,630	7,629	9,723	5,809	9,769	10,325	10,682	16,577	19,222	9,261	
Hong Kong, China	10,818,995	11,456,564	14,422,091	17,641,294	21,522,017	27,293,865	31,319,557	35,129,925	31,234,427	41,210,063	45,168,691	44,734,499	45,851,428	
Hungary	214,353	491,488	414,742	486,061	628,963	678,750	665,052	725,153	789,162	803,211	653,479	462,180	349,510	
Iceland	419	978	0	0	0	0	0	0	0	0	2,558	830	1,196	
India	2,721,131	2,637,539	3,090,814	4,172,964	5,893,362	7,662,251	9,993,271	11,941,071	9,264,844	13,301,448	14,044,668	10,877,712	11,230,633	
Indonesia	0	0	15,780,561	19,021,186	22,102,892	24,881,047	29,436,560	35,678,070	26,118,110	33,055,506	42,782,082	43,318,658	40,574,294	
Iran (Islamic Republic of)	252,077	319,336	394,398	533,889	493,842	455,148	535,963	432,025	563,628	358,620	0	220,339	158,974	
Iraq	1,723	657	0	0	0	0	0	0	0	0	0	53,768	123,552	
Ireland	1,112,031	871,848	1,098,999	1,069,115	1,212,513	1,776,535	1,360,011	1,999,765	1,159,545	886,784	349,328	395,419	578,108	
Israel	191,152	143,796	169,100	225,667	343,246	356,290	464,219	566,133	439,848	553,052	620,323	507,918	494,386	
Italy	424,831	397,618	413,374	486,358	592,994	583,895	715,082	635,104	434,660	684,960	973,542	804,124	743,709	
Jamaica	4,290	5,480	6,387	11,174	54,239	38,112	43,189	39,818	26,652	14,294	8,696	5,231	3,540	
Japan	9,332,728	8,939,660	9,690,096	11,560,622	12,531,722	14,857,375	14,387,841	16,659,803	12,283,093	16,410,345	18,393,561	18,092,603	17,633,542	
Jordan	14,085	22,971	19,321	35,512	33,653	42,923	54,737	68,006	33,890	85,842	45,974	101,723	176,341	
Kazakhstan	2,610	4,675	7,704	12,446	18,158	18,238	27,361	30,277	31,496	35,265	44,984	35,621	58,205	
Kenya	17,487	25,662	21,513	21,653	40,841	48,620	48,035	159,056	105,449	180,156	170,642	111,238	273,956	
Kiribati	173	736	0	0	0	0	0	0	0	0	0	9,163	12,194	
Korea, Democratic People's Republic of	112,253	83,087	60,014	54,785	73,247	60,021	54,530	120,819	54,896	47,583	0	47,926	59,342	
Korea, Republic of	4,686,247	5,208,618	6,058,057	7,387,282	8,051,990	8,739,891	10,600,077	12,283,887	12,569,553	14,364,230	15,480,416	16,575,854	16,632,858	
Kuwait	66,617	67,094	89,416	76,575	101,507	120,728	248,303	259,742	175,809	180,260	147,445	178,460	319,438	
Kyrgyzstan	180	720	0	0	0	0	0	0	0	0	3,251	3,585	3,434	
Lao People's Democratic Republic	26,334	26,431	20,365	38,348	39,966	41,093	39,256	25,427	36,476	22,972	34,719	30,081	26,351	
Latvia	1,732	1,147	2,430	4,684	29,545	24,637	6,979	9,701	8,237	18,054	12,719	27,999	11,675	
Lebanon	39,320	22,479	17,674	20,152	21,662	23,752	26,898	47,229	45,307	53,119	55,630	53,686	46,280	
Lesotho	3,124	3,865	0	0	0	0	0	0	0	0	919	153	584	
Liberia	333,103	371,419	481,908	538,844	743,466	976,773	1,768,058	2,627,682	1,642,995	2,884,478	0	4,157,538	3,863,543	
Libya	15,753	17,505	22,320	22,526	29,654	20,121	38,445	287,700	58,575	65,121	14,802	15,245	21,988	
Lithuania	3,502	4,828	8,208	8,560	21,248	5,246	10,376	21,255	6,552	11,472	9,803	22,486	28,163	
Luxembourg	17,301	16,358	28,866	36,987	189,729	211,298	47,223	52,424	51,874	38,325	34,060	32,819	76,755	
Macao, China	24,251	17,486	20,555	15,598	22,168	22,921	35,059	65,085	58,375	102,579	93,987	83,116	126,325	
Macedonia, The Former Yugoslav Republic of	156	268	0	0	0	0	0	0	0	0	4,628	1,969	2,265	
Madagascar	36,765	28,217	39,783	43,637	40,600	35,455	47,930	46,492	119,699	112,219	142,561	77,893	34,368	
Malawi	238	173	0	0	0	0	0	0	0	0	2,330	3,323	2,181	
Malaysia	21,120,879	21,805,453	22,780,449	27,268,119	30,384,989	35,504,899	38,588,522	40,884,013	30,913,375	41,969,301	49,988,265	50,311,320	49,936,618	
Maldives	105,304	93,408	113,328	183,015	196,491	196,576	236,907	342,606	232,223	278,827	317,349	278,118	218,197	
Mali	1,215	2,561	0	0	0	0	0	0	0	0	854	2,560	1,742	
Malta	346,563	241,260	303,700	315,976	294,876	542,899	510,075	705,991	604,513	887,460	1,045,591	1,146,405	1,159,891	
Marshall Islands	65,749	75,981	110,621	159,229	247,345	480,133	537,469	870,323	714,277	1,154,770	1,922,533	2,347,605	2,799,940	
Mauritania	3,154	3,863	0	0	0	0	0	0	0	0	4,849	3,289	7,049	
Mauritius	83,489	76,291	86,502	99,214	120,170	96,820	115,551	146,318	119,968	108,520	324,940	129,976	74,695	
Mayotte	0	0	0	0	0	0	0	0	0	0	417	476	502	
Mexico	736,678	744,261	718,592	838,132	972,003	1,009,551	1,087,653	1,441,597	1,381,515	1,136,304	2,467,283	1,192,499	947,426	
Micronesia (Federated States of)	11,307	17,107	0	0	0	0	0	0	0	0	0	3,673	3,389	
Mongolia	11,872	12,244	13,102	17,008	18,520	24,641	38,612	71,315	50,810	74,517	82,438	69,028	80,956	
Montenegro	0	0	0	0	0	0	0	0	0	0	3,369	1,027	526	
Montserrat	0	0	0	0	0	0	0	0	0	0	105	61	72	
Morocco	19,486	47,742	107,917	191,657	173,590	244,558	231,508	157,992	109,761	173,310	182,931	148,797	137,948	
Mozambique	3,765	4,983	13,640	11,394	9,513	13,516	31,377	41,680	45,058	64,524	97,033	141,083	250,898	
Myanmar	423,007	524,171	651,938	651,828	594,888	563,353	778,321	1,285,698	890,582	1,159,348	1,212,957	1,339,308	2,248,425	
Namibia	1,160	7,065	0	0	0	0	0	0	0	0	6,996	43,612	31,001	
Nauru	161	701	0	0	0	0	0	0	0	0	0	3,964	936	
Nepal	73,989	69,025	64,642	56,868	35,437	33,861	42,342	56,920	66,419	82,557	84,582	105,392	115,054	
Netherland Antilles	10,975	3,897	5,794	13,896	14,140	22,234	21,843	36,963	23,174	26,518	70,945	43,051	104,744	
Netherlands	4,035,011	4,299,868	4,618,219	5,439,896	5,480,377	5,438,567	5,729,221	7,246,945	4,969,789	6,163,621	7,547,694	7,104,740	6,423,936	
New Caledonia	92,634	104,089	139,290	189,810	284,939	278,407	347,914	489,896	298,147	401,507	594,146	636,681	564,048	
New Zealand	402,925	415,339	573,235	946,318	1,162,535	1,395,225	1,557,328	1,930,087	1,362,246	1,706,584	2,126,451	2,087,250	1,876,883	
Nicaragua	56	187	0	0	0	0	0	0	0	0	2,668	6,842	3,331	
Niger	133	849	0	0	0	0	0	0	0	0	5,143	6,073	10,158	
Nigeria	243,304	238,705	234,581	170,153	165,876	182,856	254,119	427,409	288,644	246,574	318,889	329,725	318,100	
Norfolk Island	160	205	0	0	0	0	0	0	0	0	0	129	71	
Northern Mariana Islands	41,570	53,210	47,134	67,712	105,432	107,018	57,436	66,303	30,345	39,265	13,766	11,570	11,357	
Norway	161,996	170,781	157,068	185,864	227,345	260,050	282,157	423,794	287,729	370,978	1,350,825	638,622	1,315,339	
Oceania Nes	0	0	83,806	132,669	163,443	141,298	168,532	195,580	210,685	215,886	98,218	0	1,724	
Oman	72,406	48,378	83,541	86,814	89,567	99,700	124,950	183,473	159,737	131,934	165,218	402,275	273,896	
Pakistan	364,923	393,551	455,945	557,130	646,036	770,755	842,861	1,171,727	800,074	1,169,745	1,881,535	895,522	1,020,651	
Palau	1,178	4,504	0	0	0	0	0	0	0	0	0	15,009	8,019	
Panama	973,224	1,048,783	1,156,515	1,299,361	1,911,285	2,696,289	3,836,483	6,527,787	5,979,251	7,507,200	11,406,829	12,257,098	11,320,869	
Papua New Guinea	193,567	204,349	252,707	315,647	246,111	268,210	312,480	490,747	326,552	586,254	913,441	1,118,133	860,417	
Paraguay	5,899	7,222	8,817	14,857	7,794	4,177	2,847	4,403	4,553	5,498	4,743	2,257	8,973	
Peru	14,126	14,828	11,486	21,165	21,362	14,518	24,795	44,580	19,950	29,127	36,716	41,918	65,765	
Philippines	3,080,387	3,040,261	3,236,307	3,916,960	4,184,109	5,080,557	6,126,562	7,281,262	5,044,875	7,183,223	6,767,179	6,338,362	6,700,529	
Pitcairn	0	0	0	0	0	0	0	0	0	0	0	0	155	
Poland	45,699	65,575	144,910	183,176	110,627	135,802	187,910	316,075	281,894	316,330	298,941	246,317	197,228	
Portugal	37,493	40,941	65,814	62,087	52,674	61,430	142,084	144,441	63,146	76,114	111,472	57,484	48,878	
Qatar	38,731	43,610	62,401	90,812	116,339	181,282	251,389	288,449	248,693	204,901	228,300	195,294	261,817	
Republic of Moldova	143	123	0	0	0	0	0	0	0	0	2,131	3,648	3,557	
Romania	2,331	3,987	3,458	11,093	22,070	29,501	25,283	40,241	34,905	67,968	75,682	72,349	84,116	
Russian Federation	133,060	173,269	250,022	374,037	382,476	457,345	501,372	448,885	356,279	465,739	422,005	441,339	471,897	
Rwanda	226	387	0	0	0	0	0	0	0	0	0	1,200	1,223	
Saint Helena	0	2	0	0	0	0	0	0	0	0	67	0	1	
Saint Kitts and Nevis	109	6	0	0	0	0	0	0	0	0	13,312	8,297	2,274	
Saint Lucia	77	46	0	0	0	0	0	0	0	0	61	167	67	
Saint Vincent and the Grenadines	33,971	36,084	45,358	45,417	79,339	97,906	109,290	185,087	93,027	138,913	158,910	145,441	103,394	
Samoa	1,198	878	10,296	22,077	37,728	38,955	50,708	61,902	38,922	54,770	69,062	84,509	64,955	
Sao Tome and Principe	497	517	0	0	0	0	0	0	0	0	0	0	0	
Saudi Arabia	312,756	356,243	336,317	322,772	424,752	742,196	839,884	932,946	745,694	815,358	874,793	1,206,948	1,236,885	
Senegal	7,143	6,358	0	0	0	0	0	0	0	0	21,087	12,040	12,788	
Serbia	0	0	0	0	0	0	0	0	0	0	7,039	5,174	3,720	
Serbia and Montenegro	1,310	2,782	0	0	0	0	0	0	0	0	0	0	0	
Seychelles	22,260	24,079	26,607	35,197	48,068	54,441	52,856	152,122	45,620	54,593	42,292	44,738	30,110	
Sierra Leone	1,470	2,371	0	0	0	0	0	0	0	0	0	16,056	13,408	
Slovakia	6,718	760	0	0	0	0	41,444	50,469	42,554	64,890	52,921	37,682	29,547	
Slovenia	5,260	6,681	4,280	12,760	13,096	16,225	30,016	31,557	16,997	34,088	41,827	28,315	27,772	
Solomon Islands	19,182	18,047	25,848	33,421	48,496	54,753	85,070	84,785	67,747	78,065	123,783	140,203	125,705	
Somalia	3,637	4,353	0	0	0	0	0	0	0	0	0	1,113	1,538	
South Africa	259,857	239,034	306,258	475,009	549,406	1,047,755	734,445	951,797	844,769	1,497,377	1,594,325	1,483,350	1,758,659	
Spain	401,533	373,200	391,875	461,965	408,977	575,747	398,448	562,412	295,526	396,587	433,446	387,117	370,486	
Sri Lanka	394,499	381,811	485,327	592,562	680,610	921,802	833,937	987,957	756,805	1,197,967	1,332,300	1,564,082	1,964,596	
Sudan (North + South)	23,068	15,302	21,542	30,658	40,771	29,549	27,315	24,219	26,864	20,987	0	49,200	14,687	
Suriname	812	1,300	0	0	0	0	0	0	0	0	9,513	5,647	3,002	
Swaziland	2,250	1,912	1,839	1,802	1,779	1,518	4,220	1,378	1,822	3,421	2,057	2,258	198	
Sweden	79,668	112,890	78,698	93,865	126,907	229,632	166,213	168,846	110,592	289,145	299,753	187,456	120,481	
Switzerland	623,020	406,921	473,777	582,251	668,242	902,602	903,770	759,420	1,010,232	1,155,896	828,193	1,580,587	1,479,228	
Syrian Arab Republic	19,449	15,739	17,050	31,877	80,037	44,033	18,858	54,656	31,050	36,152	28,371	13,819	8,352	
Taipei, Chinese	6,265,364	6,198,296	6,903,508	8,339,299	8,975,940	9,515,183	9,183,427	9,564,898	8,779,684	12,963,928	15,034,805	14,451,128	15,308,052	
Tajikistan	663	195	0	0	0	0	0	0	0	0	0	764	1,118	
Tanzania, United Republic of	10,186	9,420	11,306	12,660	12,758	19,094	27,779	129,409	109,832	293,330	152,409	81,649	129,438	
Thailand	5,297,679	5,710,467	6,150,250	7,740,070	9,402,406	11,302,105	12,388,841	13,202,084	10,081,500	12,700,651	14,037,625	15,604,778	15,181,435	
Timor-Leste	2,676	3,879	0	0	0	0	0	0	0	0	114,204	99,135	79,463	
Togo	5,166	7,231	0	0	0	0	0	0	0	0	27,061	9,686	95,810	
Tokelau	52	0	0	0	0	0	0	0	0	0	118	287	904	
Tonga	445	453	0	0	0	0	0	0	0	0	6,300	7,600	3,971	
Trinidad and Tobago	3,010	3,089	9,647	34,956	54,365	77,535	67,513	65,572	26,378	16,992	15,539	27,880	16,774	
Tunisia	8,885	6,594	7,947	11,446	9,177	9,529	13,529	206,022	26,666	35,137	19,186	15,015	19,470	
Turkey	118,487	121,839	159,730	222,990	221,796	305,536	330,703	350,535	295,083	342,121	728,234	558,455	525,280	
Turkmenistan	5,232	274	0	0	0	0	0	0	0	0	17,866	12,806	17,768	
Turks and Caicos Islands	64	14	0	0	0	0	0	0	0	0	594	2,148	5,396	
Tuvalu	255	183	0	0	0	0	0	0	0	0	0	61,914	46,852	
Uganda	1,549	2,192	0	0	0	0	0	0	0	0	4,359	3,182	3,541	
Ukraine	9,271	34,805	17,004	30,312	34,163	88,680	80,773	189,046	198,918	38,254	48,487	26,891	87,130	
United Arab Emirates	1,147,654	1,214,410	1,451,420	1,900,446	3,695,198	3,179,092	3,491,203	4,155,375	3,717,654	3,808,276	4,637,953	4,712,898	5,607,870	
United Kingdom	2,849,424	2,589,395	4,576,376	6,301,341	6,318,404	7,268,342	8,141,980	6,585,478	4,944,853	6,123,775	6,943,411	6,537,987	3,846,191	
United States Minor Outlying Islands	181,619	165,953	180,075	251,392	439,117	516,419	484,181	399,595	310,896	369,992	614,912	580,668	378,232	
United States of America	18,741,000	19,093,799	20,557,839	23,293,558	23,870,564	27,635,189	26,675,303	24,169,856	17,709,243	22,951,028	22,359,453	22,625,939	23,951,679	
Uruguay	10,115	5,323	5,453	10,242	8,351	7,337	6,885	25,274	31,287	55,370	47,927	47,292	56,131	
Uzbekistan	3,587	3,643	0	0	0	0	0	0	0	0	1,989	8,433	20,487	
Vanuatu	22,136	9,745	14,947	17,870	35,707	29,874	34,299	43,744	50,749	64,419	106,472	124,597	69,140	
Venezuela	31,247	13,044	7,121	13,101	23,947	38,441	40,804	37,017	38,601	26,874	146,615	66,399	43,525	
Viet Nam	2,104,894	2,084,889	2,408,541	3,176,361	4,420,970	5,457,759	6,510,627	8,710,184	6,977,414	7,393,212	10,210,836	10,358,615	10,872,116	
Wallis and Futuna Islands	282	159	0	0	0	0	0	0	0	0	0	471	488	
Western Sahara	0	0	0	0	0	0	0	0	48	0	0	0	0	
Yemen	23,888	20,302	23,265	33,075	38,489	49,776	51,234	332,562	71,233	38,235	28,210	389,760	211,901	
Zambia	1,039	1,555	1,506	627	2,294	3,190	3,073	8,299	1,502	2,270	4,047	5,321	7,569	
Zimbabwe	3,251	2,008	1,845	2,876	7,203	4,325	3,818	4,441	2,901	5,296	9,998	8,160	5,914	
