List of importing markets for a product exported by Tunisia Product: TOTAL All products
"Importers"	"Exported value in 2001"	"Exported value in 2002"	"Exported value in 2003"	"Exported value in 2004"	"Exported value in 2005"	"Exported value in 2006"	"Exported value in 2007"	"Exported value in 2008"	"Exported value in 2009"	"Exported value in 2010"	"Exported value in 2011"	"Exported value in 2012"	"Exported value in 2013"	
World	6,608,605	6,871,228	8,026,778	9,684,722	10,493,620	11,694,351	15,165,396	19,319,957	14,445,136	16,426,570	17,846,965	17,007,446	17,060,465	
Afghanistan	96	54	31	697	271	671	163	24	38	114	0	8	64	
Albania	1,881	2,398	2,421	3,054	4,708	5,834	1,923	706	4,033	930	1,997	1,303	3,742	
Algeria	75,820	89,210	103,536	108,919	182,934	188,053	286,979	408,082	451,242	474,720	466,570	484,952	486,441	
Andorra	88	65	44	143	141	1	29	185	4	0	117	420	0	
Angola	95	400	493	1,044	1,038	2,260	3,275	4,603	5,646	7,560	7,538	6,286	9,269	
Antigua and Barbuda	518	60	7	371	167	1	0	0	10	58	468	1,616	12	
Area Nes	274,794	257,883	274,167	294,630	385,741	309,265	352,838	557,175	449,125	578,410	659,884	695,673	711,681	
Argentina	3,594	11,684	15,110	10,939	3,534	12,848	16,129	15,403	5,400	1,825	1,248	655	8,597	
Armenia	0	0	0	17	0	0	0	0	0	4	0	5	0	
Australia	1,202	1,591	1,296	2,082	1,842	3,563	3,216	29,466	2,716	3,878	4,247	5,195	4,233	
Austria	6,016	8,572	10,280	10,668	11,814	11,886	17,824	26,307	19,408	52,965	74,238	73,634	66,669	
Azerbaijan	41	81	11	63	68	0	216	154	1,139	1,170	3,029	9,920	1,893	
Bahamas	26	40	23	40	2	17	3	11	40	0	82	4	1	
Bahrain	7,964	8,524	5,957	8,519	10,847	13,359	17,147	18,630	14,538	807	1,016	903	555	
Bangladesh	10,290	11,199	8,441	10,827	40,453	13,174	18,014	102,561	30,710	78,158	108,980	92,989	136,465	
Barbados	28	32	0	4	0	7	1	5	0	0	2	0	0	
Belarus	0	0	0	0	16	70	2	23	0	63	0	0	0	
Belgium	322,802	292,632	315,041	288,330	288,243	276,304	358,132	430,015	319,562	320,255	336,746	356,962	346,887	
Belize	0	0	0	0	769	0	0	1	0	0	32	23	57	
Benin	2,078	2,778	3,063	3,032	2,826	2,317	3,344	5,946	5,042	5,215	6,251	6,209	9,772	
Bermuda	16	332	52	0	158	16	0	1	0	0	0	0	0	
Bhutan	0	0	0	0	0	0	0	0	0	0	0	0	0	
Bolivia	50	133	22	149	23	22	260	23	0	0	0	6	29	
Bosnia and Herzegovina	0	0	25	78	364	153	565	465	410	440	389	653	534	
Botswana	1	0	0	0	0	89	3	0	0	15	0	3	6	
Brazil	18,510	32,276	44,280	65,059	47,787	70,795	113,167	189,860	99,622	115,504	113,686	111,373	121,818	
Brunei Darussalam	38	0	0	0	0	0	0	0	0	82	10	5	231	
Bulgaria	844	344	2,148	4,391	2,060	466	3,086	10,713	5,393	16,957	14,061	12,253	11,278	
Burkina Faso	2,629	6,137	7,440	6,070	11,895	12,781	11,221	11,513	10,251	13,902	12,037	18,095	21,358	
Burundi	0	0	0	0	1	63	93	7	191	156	106	600	194	
Cabo Verde	0	0	1	52	39	0	0	0	23	154	123	129	1	
Cambodia	16	22	31	23	2	0	0	0	0	0	0	0	253	
Cameroon	2,742	2,026	3,341	4,433	2,926	4,080	5,596	8,439	14,068	15,130	25,784	28,985	32,464	
Canada	4,152	3,985	6,286	8,350	9,785	11,544	13,710	14,225	47,828	19,647	24,822	20,398	18,077	
Cayman Islands	0	0	0	0	0	0	23	93	0	0	15	0	32	
Central African Republic	0	0	0	0	81	367	581	713	380	349	693	716	325	
Chad	384	598	381	609	1,645	2,411	3,136	3,201	5,125	6,018	1,466	5,399	3,638	
Chile	623	2,428	53	97	41	17	157	190	687	1,611	870	2,316	410	
China	15,698	15,319	17,269	25,513	17,854	42,504	18,079	59,134	69,620	47,117	41,194	84,215	41,392	
Colombia	12	25	256	113	58	184	220	547	499	75	2,458	452	856	
Comoros	302	82	7	0	583	29	96	907	128	123	131	928	83	
Congo	3,861	4,110	4,623	5,241	6,034	6,971	7,162	9,798	14,244	20,023	15,238	15,386	16,425	
Costa Rica	1	43	0	0	0	0	14	0	219	0	0	0	1	
Côte d'Ivoire	7,693	11,621	6,488	6,564	10,268	16,685	18,271	24,398	27,220	21,774	24,680	28,055	31,373	
Croatia	201	886	1,633	2,293	1,617	1,546	2,259	2,493	2,122	8,479	2,317	4,585	5,349	
Cuba	15,157	3,527	3,612	0	0	16	0	11	34	137	16	57	4	
Cyprus	247	442	306	734	783	1,751	1,844	7,528	2,897	2,819	4,992	6,137	2,534	
Czech Republic	1,363	4,190	2,308	8,716	11,402	7,751	4,810	5,258	2,977	9,843	46,627	91,742	48,133	
Democratic Republic of the Congo	0	0	0	0	0	8	37	1	49	35	26	1	383	
Denmark	4,381	7,153	8,017	5,492	4,433	3,716	5,840	11,327	7,247	9,033	6,432	15,501	13,682	
Djibouti	7,270	1,520	1,021	330	553	704	1,129	1,393	917	2,923	684	542	2,479	
Dominica	27	0	25	0	37	145	107	0	0	0	0	0	0	
Dominican Republic	0	0	0	0	3	0	14	40	145	141	139	120	97	
Ecuador	0	83	16	9	16	7	6	0	5	334	2,063	245	76	
Egypt	32,475	25,997	27,950	31,170	48,029	49,856	87,065	128,862	81,866	92,342	73,006	84,979	67,200	
El Salvador	0	5	0	0	0	0	0	20	0	0	0	0	0	
Equatorial Guinea	882	413	738	2,696	803	2,132	2,319	3,699	2,625	3,650	5,527	5,527	7,834	
Eritrea	89	663	22	0	157	0	0	52	982	0	0	12	433	
Estonia	0	17	0	0	9	425	2,188	3,686	5,016	8,166	3,343	2,502	1,831	
Ethiopia	356	26	0	131	2,872	18,112	49,452	59,460	67,528	87,994	121,052	86,184	75,343	
Europe Othr. Nes	0	0	0	0	0	0	0	0	0	0	0	0	0	
Falkland Islands (Malvinas)	0	39	10	21	43	761	7	7	0	0	0	0	0	
Faroe Islands	0	7	0	61	40	0	0	0	0	0	0	0	25	
Fiji	0	0	0	0	35	0	0	0	0	0	0	0	0	
Finland	980	5,084	1,215	1,951	2,851	1,396	954	769	1,413	964	1,173	594	41	
France	1,914,474	2,133,839	2,613,224	3,205,145	3,453,805	3,776,862	4,877,607	5,507,524	4,283,306	4,717,284	5,476,753	4,587,399	4,502,924	
French Polynesia	144	239	580	821	518	468	187	79	626	353	339	776	283	
Gabon	1,877	2,936	2,918	4,054	5,450	7,780	10,798	14,488	15,003	17,868	22,736	24,358	27,158	
Gambia	520	917	516	455	430	732	1,338	1,816	2,184	2,925	2,600	2,680	2,207	
Georgia	1	23	8	6	0	0	0	2	0	57	88	13	66	
Germany	774,634	782,276	858,030	887,887	885,436	917,234	1,247,543	1,338,022	1,270,073	1,388,065	1,615,551	1,398,391	1,533,390	
Ghana	2,443	2,739	3,103	4,090	4,859	5,479	7,437	9,446	10,813	17,281	13,172	16,990	16,888	
Gibraltar	0	0	17	0	305	127	0	2,171	0	266	112	656	211	
Greece	35,636	11,036	16,690	21,065	22,982	23,298	28,642	35,369	17,930	16,361	16,048	18,758	15,198	
Greenland	0	0	0	0	0	151	0	0	0	0	0	0	0	
Grenada	0	0	0	0	0	0	0	0	0	0	0	0	0	
Guatemala	63	164	33	0	0	0	0	0	418	235	0	0	0	
Guinea	1,039	1,521	1,924	1,081	955	1,770	2,820	2,425	4,224	4,706	5,032	3,995	4,862	
Guinea-Bissau	23	23	31	35	53	77	195	35	784	564	161	124	126	
Guyana	0	0	3,701	409	47	134	97	366	0	0	116	282	0	
Haiti	0	0	10	0	0	0	3	0	30	69	165	17	0	
Honduras	0	6	1	81	0	453	44	15	24	0	382	0	2,227	
Hong Kong, China	2,585	2,239	2,912	4,371	6,963	4,867	7,377	11,194	8,352	14,021	15,767	13,810	27,087	
Hungary	991	1,057	1,002	2,002	3,441	3,787	2,868	4,753	4,347	12,554	17,849	21,127	32,166	
Iceland	1,194	570	402	720	940	448	10,496	1,385	1,632	1,846	2,726	7,909	1,283	
India	82,289	80,959	46,356	85,919	97,709	131,103	141,045	595,235	238,313	307,175	133,983	181,956	85,764	
Indonesia	6,763	6,115	3,302	2,006	11,767	11,825	9,738	9,673	6,694	8,962	8,928	12,793	16,611	
Iran (Islamic Republic of)	47,345	35,538	41,291	43,344	37,315	61,047	66,848	234,707	127,796	53,162	4,945	5,524	943	
Iraq	77,695	87,989	23,174	27,515	6,068	1,783	1,211	6,485	4,147	6,597	10,838	11,885	11,972	
Ireland	10,339	7,836	8,846	10,442	9,762	11,975	17,710	11,736	14,442	17,016	7,467	7,969	8,365	
Israel	0	0	0	0	0	0	0	0	0	0	0	0	78	
Italy	1,534,738	1,466,913	1,770,543	2,451,453	2,514,439	2,583,426	3,530,990	3,991,748	3,038,351	3,264,852	3,863,825	3,211,806	3,151,270	
Jamaica	5	0	0	0	373	0	105	0	0	0	0	0	22	
Japan	10,950	8,124	13,773	22,489	22,280	26,766	38,244	73,443	54,472	59,850	106,721	90,221	72,924	
Jordan	4,365	3,889	8,157	4,690	10,460	5,751	6,019	16,266	17,340	11,009	11,607	16,244	13,087	
Kazakhstan	27	91	7	115	29	56	511	99	20	1,348	189	110	173	
Kenya	321	1,069	189	2,043	103	8,407	298	61	1,076	8,291	1,284	965	1,064	
Korea, Democratic People's Republic of	7	0	65	10	23	5	250	125	18	3	8	81	1	
Korea, Republic of	2,319	1,046	1,613	1,621	1,464	1,477	3,542	6,457	4,346	6,535	8,530	10,143	8,272	
Kuwait	1,618	1,136	465	550	1,136	7,814	1,411	1,801	1,970	3,746	3,442	5,985	6,981	
Kyrgyzstan	0	0	0	0	0	17	0	2	9	4	0	0	0	
Lao People's Democratic Republic	0	0	0	0	0	0	106	0	0	0	0	0	28	
Latvia	0	101	129	93	103	0	75	55	18	110	70	442	976	
Lebanon	6,225	5,963	3,550	3,879	4,641	7,227	6,405	9,035	12,243	15,250	13,821	12,365	11,281	
Lesotho	0	0	0	0	0	0	0	0	0	0	0	0	0	
Liberia	32	63	1,410	1,401	332	264	828	1,245	1,336	1,721	1,468	6,716	1,128	
Libya	248,573	327,715	352,160	347,569	472,688	620,703	697,500	871,231	831,842	732,335	784,732	828,478	868,975	
Lithuania	0	47	105	94	170	212	377	178	19	25	222	4,358	1,921	
Luxembourg	3,235	3,649	4,884	7,910	4,877	4,088	5,658	5,634	7,135	311	454	444	243	
Macao, China	0	0	100	21	27	0	23	19	13	6	67	11	0	
Macedonia, The Former Yugoslav Republic of	0	0	0	0	0	0	207	0	0	320	403	385	502	
Madagascar	1,676	798	913	923	1,092	3,152	2,128	1,286	1,355	2,142	2,275	1,949	2,182	
Malawi	0	38	0	0	0	0	25	63	40	30	945	27	1	
Malaysia	5,388	4,675	6,154	4,991	3,647	6,102	9,169	4,750	7,151	12,737	12,824	17,741	16,658	
Maldives	0	0	0	0	0	1	20	4	0	28	49	51	62	
Mali	2,003	3,287	4,509	4,561	8,132	7,373	8,869	9,712	9,370	10,219	14,949	9,436	6,960	
Malta	4,908	4,657	7,896	13,840	18,265	4,886	6,646	10,827	7,202	23,975	43,056	38,963	11,233	
Marshall Islands	0	0	0	0	0	36	0	0	0	0	0	0	0	
Mauritania	1,522	2,036	3,168	7,108	7,125	8,478	15,262	23,478	17,537	24,498	25,726	19,929	31,388	
Mauritius	70	33	96	54	255	88	327	582	462	572	735	421	932	
Mayotte	0	0	0	0	0	221	209	0	16	0	0	0	0	
Mexico	43	97	236	886	1,436	2,760	4,170	6,242	11,228	1,463	2,888	2,912	9,014	
Mongolia	0	0	0	0	0	0	0	0	0	0	0	0	0	
Morocco	40,844	50,920	54,064	74,266	109,396	108,666	172,917	234,151	209,377	231,980	239,454	213,344	192,193	
Mozambique	0	56	59	6,509	2,039	3,669	8,200	13,735	12,809	10,910	9,126	7,069	212	
Myanmar	0	0	0	41	0	0	0	0	0	0	0	0	0	
Namibia	0	0	0	0	69	0	0	0	0	649	15	295	0	
Nauru	0	0	1	0	27	129	2	419	0	0	0	0	0	
Nepal	0	0	0	20	35	4	0	0	0	62	0	0	0	
Netherland Antilles	24	8	0	0	5,445	13	0	1	0	0	0	0	0	
Netherlands	162,620	149,206	185,567	213,447	225,778	233,346	358,548	422,277	232,650	360,052	417,636	573,125	609,529	
New Caledonia	8	63	11	5	24	364	61	148	133	241	118	220	124	
New Zealand	4,073	3,992	3,748	2,206	3,290	7,091	3,581	11,383	4,550	6,327	133	1,734	1,053	
Nicaragua	0	0	0	0	0	0	0	0	0	0	0	0	12	
Niger	5,567	10,378	12,627	6,611	9,926	9,220	11,351	13,394	14,628	25,234	13,850	13,637	15,960	
Nigeria	2,073	1,514	747	1,592	2,780	3,223	4,471	8,235	10,612	15,188	18,583	18,292	25,711	
Northern Mariana Islands	0	0	0	0	0	0	15	0	0	0	0	0	0	
Norway	4,188	3,679	3,524	3,770	4,784	3,762	7,155	5,221	11,806	9,682	9,094	8,216	7,093	
Oman	1,700	1,683	221	1,433	187	333	366	3,438	1,023	1,748	920	1,584	3,889	
Pakistan	5,302	17,590	16,405	10,928	37,002	204	43,807	42,834	1,747	41,510	19,795	9,105	10,035	
Palestine, State of	0	0	0	0	101	0	0	0	0	0	0	0	0	
Panama	207	183	68	1,714	368	846	2,003	2,046	2,265	2,868	3,502	3,078	3,384	
Papua New Guinea	0	0	0	0	0	0	0	0	0	0	0	0	0	
Paraguay	21	26	0	0	8	0	223	0	3	2	28	22	6	
Peru	0	94	70	78	78	50	94	1,349	3,318	2,341	685	254	403	
Philippines	5	11	2	391	160	2,352	214	24,195	17	259	159	156	554	
Pitcairn	0	0	0	0	0	144	0	0	0	0	0	0	54	
Poland	12,126	12,141	12,603	12,785	13,551	19,122	36,024	85,501	46,527	77,399	85,435	188,841	82,686	
Portugal	16,461	20,481	25,707	33,033	31,287	32,780	48,697	51,821	47,330	64,979	65,941	50,893	68,676	
Qatar	688	648	239	632	1,553	3,037	2,446	3,671	6,525	3,150	4,180	4,885	4,694	
Republic of Moldova	0	0	0	0	0	0	1	13	9	8	2	0	23	
Romania	2,748	2,802	2,939	2,783	6,702	2,777	8,237	34,811	66,454	86,355	121,710	115,743	129,533	
Russian Federation	3,232	1,336	1,708	5,242	9,950	5,347	24,677	23,035	11,340	15,122	19,020	23,160	27,678	
Rwanda	13	10	24	0	213	10	166	6,191	62	75	26,489	8,553	254	
Saint Helena	0	0	0	0	0	0	0	0	0	0	0	0	0	
Saint Vincent and the Grenadines	78	43	16	0	0	0	0	25	19	0	21	10	0	
Samoa	0	0	0	36	0	18	0	0	0	0	0	0	0	
Sao Tome and Principe	10	14	0	0	0	0	168	78	11	0	2	78	0	
Saudi Arabia	23,677	17,893	25,336	23,911	50,898	41,381	32,400	60,497	26,166	19,650	14,252	19,734	38,103	
Senegal	11,346	11,641	12,314	18,201	40,225	32,479	40,771	39,524	44,731	40,170	45,926	48,243	48,824	
Serbia	0	0	0	0	0	640	62	111	0	130	152	104	124	
Serbia and Montenegro	675	796	701	53	214	0	0	0	0	0	0	0	0	
Seychelles	0	0	0	58	22	11	0	6,777	5,453	4,494	2,430	6,413	7,170	
Sierra Leone	31	54	161	539	607	380	596	1,011	794	1,514	1,824	1,825	1,665	
Singapore	864	2,096	2,070	390	551	1,679	1,974	904	1,604	1,434	3,501	2,873	4,698	
Slovakia	66	138	102	311	730	1,122	1,181	27,774	45,125	76,657	93,865	71,618	42,817	
Slovenia	1,226	755	1,543	1,311	1,752	2,422	1,094	1,116	1,282	4,119	5,611	369	1,332	
Solomon Islands	0	0	0	0	0	0	0	0	88	72	0	0	68	
Somalia	0	0	0	0	0	18	0	0	0	0	0	0	0	
South Africa	6,690	4,579	6,548	1,439	1,790	1,890	5,593	2,226	2,891	2,631	10,468	8,970	9,729	
Spain	319,892	324,879	373,901	586,108	576,037	748,221	783,494	946,115	486,858	637,141	767,723	736,843	803,247	
Sri Lanka	76	2	3	225	8	3	0	26,496	161	31	29	21	40	
St. Pierre and Miquelon	0	0	0	0	0	0	0	0	0	0	0	0	0	
Sudan (North + South)	61	470	658	2,891	1,360	3,689	2,690	28,112	661	1,225	648	450	1,383	
Suriname	64	91	50	56	0	0	21	55	100	110	143	155	478	
Swaziland	0	0	0	1	0	0	0	0	24	41	0	0	0	
Sweden	13,165	18,445	22,805	27,581	36,126	21,801	22,050	50,731	41,814	31,339	47,473	29,237	32,365	
Switzerland	35,338	87,305	169,317	39,395	48,259	258,405	262,883	456,039	133,340	263,698	219,190	748,817	678,473	
Syrian Arab Republic	4,710	5,350	3,414	5,120	8,279	7,907	6,590	10,560	28,701	32,349	29,324	20,854	13,106	
Taipei, Chinese	97	104	286	335	382	1,695	665	1,756	280	1,048	2,545	915	522	
Tajikistan	0	0	0	0	35	0	0	0	0	76	0	0	0	
Tanzania, United Republic of	96	1	170	54	271	2,257	32	10,324	173	271	293	248	313	
Thailand	373	416	214	118	236	269	284	10,007	115	573	1,027	4,120	1,381	
Togo	1,865	2,014	1,267	2,135	5,903	3,002	3,405	13,627	8,613	15,822	15,588	8,786	8,172	
Tonga	0	28	14	0	0	0	0	0	0	0	0	0	0	
Trinidad and Tobago	0	0	0	0	0	14	176	94	58	0	0	0	0	
Turkey	65,380	56,140	79,651	86,262	106,698	121,318	180,778	309,383	170,841	214,168	164,486	128,535	223,481	
Turkmenistan	117	0	0	0	0	0	0	1	0	1,044	0	0	3	
Turks and Caicos Islands	0	0	0	0	0	0	0	0	0	0	0	0	0	
Tuvalu	0	0	3	25	1	0	0	0	0	0	0	0	0	
Uganda	0	6	0	46	25	93	11	38	96	75	246	279	436	
Ukraine	4,583	2,246	274	571	443	291	719	21,800	373	822	1,011	1,711	3,065	
United Arab Emirates	11,696	5,227	5,020	5,700	15,833	16,741	35,517	49,775	55,035	88,970	109,429	85,310	67,949	
United Kingdom	157,352	170,342	261,781	278,458	279,343	340,034	652,777	898,585	686,651	824,824	499,453	529,112	644,719	
United States Minor Outlying Islands	0	0	0	0	0	363	124	0	2	0	0	0	0	
United States of America	63,492	53,595	48,505	115,283	95,452	262,675	167,236	323,052	196,835	388,535	276,581	326,209	397,451	
Uruguay	273	3,155	0	2,202	9,464	10,127	19,412	36	4,582	11,116	116	11,297	18,373	
Uzbekistan	0	0	14	0	0	0	0	0	0	0	0	0	0	
Vanuatu	0	0	0	0	0	0	0	0	0	0	30	24	15	
Venezuela	890	415	44	158	313	594	930	315	206	126	1,318	1,346	516	
Viet Nam	3,931	14,039	2,146	6,047	3,957	15,864	311	53,133	581	1,237	176	260	720	
Wallis and Futuna Islands	0	0	1	0	0	0	0	0	0	0	0	0	0	
Yemen	2,184	1,942	428	736	1,052	2,567	2,063	2,593	1,580	3,928	2,446	7,401	6,268	
Zambia	0	0	0	0	0	51	42	0	10	172	90	25	58	
Zimbabwe	0	0	0	0	0	2	1	19	0	0	18	0	0	
