List of importing markets for a product exported by Zambia Product: TOTAL All products
"Importers"	"Exported value in 2001"	"Exported value in 2002"	"Exported value in 2003"	"Exported value in 2004"	"Exported value in 2005"	"Exported value in 2006"	"Exported value in 2007"	"Exported value in 2008"	"Exported value in 2009"	"Exported value in 2010"	"Exported value in 2011"	"Exported value in 2012"	"Exported value in 2013"	
World	987,411	956,349	980,445	1,575,627	1,809,763	3,770,370	4,617,454	5,098,688	4,312,055	7,200,267	9,000,946	9,523,978	10,700,492	
Afghanistan	0	0	0	0	0	0	0	0	0	0	0	2	0	
Albania	0	0	0	0	0	0	0	17	1	0	0	0	0	
Algeria	0	0	0	6	14	22	49	0	0	0	0	41	115	
Andorra	0	0	0	0	0	34	140	0	197	77	0	24	334	
Angola	33	407	1,104	400	559	400	569	1,309	1,978	3,037	2,457	24,994	5,772	
Anguilla	0	0	0	0	0	3	0	0	0	0	0	0	0	
Antigua and Barbuda	0	0	2	0	0	0	31	0	101	3	101	35	1,780	
Area Nes	0	0	0	0	0	0	0	0	0	0	184,117	0	0	
Argentina	0	1	0	0	89	0	3	1	0	0	0	9	3	
Armenia	4	0	0	0	1	0	0	256	6	9	68	106	2	
Aruba	0	0	0	0	0	0	0	0	0	0	0	0	0	
Australia	1,173	1,976	921	513	1,448	617	715	1,495	1,443	887	1,226	1,677	3,467	
Austria	2,354	262	265	717	15	90	34	27	85	188	27	74	284	
Azerbaijan	0	0	0	0	0	0	0	0	0	8	0	4	0	
Bahamas	0	0	117	48	0	0	0	1	104	0	0	0	0	
Bahrain	2	0	0	0	0	0	0	0	0	0	40	0	0	
Bangladesh	0	0	0	0	82	44	70	96	15	0	11	6	0	
Barbados	0	0	0	0	0	0	0	0	0	0	0	0	0	
Belarus	0	0	0	0	0	0	0	0	0	0	0	0	0	
Belgium	7,671	17,897	27,902	36,698	31,381	9,509	46,538	54,764	55,941	72,409	84,849	89,306	72,032	
Belize	0	0	0	0	0	0	0	0	0	0	0	0	0	
Benin	0	0	1	2	1	0	0	0	0	0	265	9	27	
Bermuda	0	0	0	0	0	0	0	0	0	0	0	0	0	
Bhutan	0	29	192	116	24	0	57	9	431	450	26	23	61	
Bolivia	0	0	3	0	27	0	0	8	0	0	0	2	0	
Botswana	3,870	2,827	3,579	2,945	41,435	6,084	19,956	8,770	10,090	16,915	28,330	64,361	30,602	
Bouvet Island	0	0	0	0	0	0	0	0	0	0	0	20	0	
Brazil	7	404	0	207	0	0	11	9	193	47	179	52	263	
British Indian Ocean Territories	0	0	0	0	0	0	0	0	0	0	0	0	0	
British Virgin Islands	0	0	0	0	0	0	0	0	799	177	2,810	10,983	0	
Brunei Darussalam	0	0	0	0	0	0	0	0	0	86	0	0	0	
Bulgaria	28	528	0	230	83	1,251	370	396	185	1,940	486	69	585	
Burkina Faso	0	0	0	0	0	0	6	0	0	0	127	828	0	
Burundi	1,897	2,098	2,765	2,287	15	3,335	1,935	3,100	7,033	27,888	28,029	27,697	8,343	
Cabo Verde	0	0	0	0	0	0	0	0	0	0	0	0	0	
Cambodia	0	0	0	0	0	0	0	21	0	0	0	0	0	
Cameroon	1	0	0	0	4	0	5	9	1	5	0	6	596	
Canada	376	473	1,346	1,723	357	158	146	221	613	158	486	406	411	
Cayman Islands	573	0	0	0	0	0	0	0	0	0	96	16	30	
Central African Republic	0	3	0	0	0	0	0	0	0	0	0	0	0	
Chad	0	0	0	0	0	0	11	0	0	0	0	0	0	
Chile	1	0	0	0	0	0	0	0	122	2	0	865	1,489	
China	369	3,578	16,564	33,909	38,432	256,545	189,021	286,894	482,648	1,455,428	1,504,569	1,836,254	2,275,374	
Cocos (Keeling) Islands	0	0	0	0	0	0	0	0	0	0	0	0	0	
Colombia	0	2	0	0	0	0	0	0	163	11	3	0	57	
Comoros	0	0	0	0	0	0	0	0	0	0	0	0	1	
Congo	215	172	213	10	0	0	0	78	310	1,172	1,234	736,088	1,265,285	
Costa Rica	0	487	3,915	0	0	0	0	0	0	0	2,867	0	94	
Côte d'Ivoire	0	1	2	2	0	0	3	5	4	4	1	2	4	
Croatia	0	5	83	0	0	0	0	0	0	9	2	0	0	
Cuba	20	0	0	0	0	0	0	3	0	4	11	3	0	
Cyprus	929	724	9	5	0	18	0	0	6	1	22	0	343	
Czech Republic	1	105	7	161	14	0	10	0	20	25	0	48	57	
Democratic Republic of the Congo	32,533	39,139	41,650	105,857	97,421	134,353	245,944	287,067	300,853	333,526	584,111	0	0	
Denmark	128	44	53	1,813	362	2,494	1,114	818	253	361	104	126	120	
Djibouti	0	0	0	0	0	0	0	0	0	0	0	0	0	
Dominica	0	0	0	0	0	0	2	17	86	146	0	0	0	
Dominican Republic	0	0	0	0	0	0	1	0	0	0	0	0	27	
Ecuador	0	0	0	0	0	0	0	0	0	0	0	0	0	
Egypt	68	831	1,043	737	95	159,378	232,013	384,771	106,472	49,170	6,766	8,737	81	
El Salvador	0	0	0	0	0	0	0	0	0	0	0	0	0	
Eritrea	0	0	0	16	0	0	0	0	7	0	0	0	0	
Estonia	0	0	0	0	0	0	0	0	0	0	0	0	0	
Ethiopia	0	259	7	20	76	172	30	4	10	45	46	15	845	
Falkland Islands (Malvinas)	0	0	0	0	0	0	0	0	0	0	0	0	0	
Faroe Islands	0	0	0	0	0	1	0	0	5	0	0	0	0	
Fiji	0	0	0	0	0	0	0	0	0	0	0	0	0	
Finland	233	5,829	12,208	11,269	37	7,555	266	634	100	209	226	38	246	
France	511	2,987	5,098	16,649	45,361	16,757	53,318	1,753	2,004	4,838	2,518	4,943	5,060	
French South Antarctic Territories	0	0	0	0	0	0	0	0	0	66	0	0	0	
Gabon	0	0	0	0	0	0	0	1	3	536	3	0	1	
Gambia	1	0	3	0	77	9	0	3	0	1	0	1	15	
Georgia	8	36	0	28	0	31	0	0	0	0	0	136	297	
Germany	15,092	9,266	7,374	10,811	12,502	11,168	9,694	8,719	10,138	7,802	12,776	12,447	18,132	
Ghana	3	49	3	9	13	452	93	79	175	206	528	378	256	
Gibraltar	0	0	0	0	0	0	0	0	0	0	0	0	0	
Greece	8	66	2	122	36	405	32	44	39	95	1	1	24	
Grenada	0	0	0	0	0	0	0	0	70	0	0	0	0	
Guatemala	7	0	0	0	0	0	0	0	0	0	0	0	0	
Guinea	0	0	0	0	2	0	3	14	3	73	51	4	85	
Guinea-Bissau	0	0	0	0	0	0	0	0	0	0	0	0	0	
Guyana	0	0	0	0	0	0	0	0	16	8	0	0	0	
Haiti	0	0	0	0	0	0	0	0	0	0	0	0	0	
Honduras	0	0	0	0	0	0	0	0	8	0	0	0	0	
Hong Kong, China	9,866	7,917	24,688	2,561	2,235	14,575	5,113	1,902	2,537	2,166	3,053	26,579	20,312	
Hungary	15	0	1	1	0	6	2	1	21	2	2	1	73	
Iceland	489	580	1,086	11	0	0	12	5	33	10	154	207	69	
India	32,156	30,071	34,376	16,829	25,422	134,018	52,063	32,553	49,409	19,023	26,173	70,554	128,051	
Indonesia	11	24	9	23	106	9,779	12	3,123	212	1	91	108	59	
Iran (Islamic Republic of)	6	0	1,091	0	292	0	89	1	3	0	0	7	1,172	
Iraq	0	0	0	0	0	0	0	0	0	0	29	1	0	
Ireland	232	304	404	1,177	1	982	676	511	6	1,386	18	18	247	
Israel	188	467	1,264	1,429	1,424	1,329	457	781	561	1,105	346	1,441	2,359	
Italy	3,558	2,577	1,599	3,117	6,350	3,496	2,718	2,178	300	198	525	273	657	
Jamaica	0	0	0	0	28	0	3	0	10	3	2	1	0	
Japan	1,546	7,984	16,234	6,995	29,758	3,489	37,346	41,573	2,218	6,911	3,862	1,009	57,055	
Jordan	0	0	0	0	0	0	0	0	0	0	0	9	0	
Kazakhstan	0	0	0	0	0	0	0	5	1	6	2	0	0	
Kenya	12,704	4,285	5,760	9,084	13,600	31,342	29,501	27,190	23,843	33,878	81,633	56,938	90,902	
Kiribati	0	0	0	0	0	0	0	0	0	0	0	0	0	
Korea, Democratic People's Republic of	40	0	0	0	0	10	20	0	0	47	1	0	5	
Korea, Republic of	356	320	77	0	21	41,298	94,217	68,911	77,024	25,429	123	197	177	
Kuwait	0	11	78	9	3	0	234	30,458	27,437	13,187	0	83	0	
Kyrgyzstan	0	1	0	0	0	60	0	0	0	0	0	0	0	
Lao People's Democratic Republic	0	0	0	0	0	0	0	0	0	4	12	17	0	
Latvia	0	4	0	0	0	0	116	0	0	0	0	5	0	
Lebanon	17	1	0	96	1	0	15	6	9	13	204	4	21	
Lesotho	16	105	119	2,550	640	4,945	995	849	406	253	1,219	2,331	4,587	
Liberia	0	0	0	0	14	0	0	7	0	39	134	2	0	
Libya	1	0	6	8	3	4	0	4	6	38	0	0	0	
Lithuania	0	0	0	0	0	0	0	1	3	0	0	0	48	
Luxembourg	2	0	7	0	0	90	22	0	4,453	36,652	44,510	35,785	54,693	
Macao, China	0	0	0	0	7	72	98	59	0	0	0	0	0	
Madagascar	0	0	0	0	3	0	28	20	2,736	489	365	64	0	
Malawi	9,674	15,669	24,536	48,234	62,330	56,333	31,181	62,975	73,177	102,671	119,550	189,638	216,757	
Malaysia	0	14	0	0	0	78,731	54,164	10,780	1	43	2,321	2	2,056	
Mali	66	30	371	3	10	0	1	1	67	78	146	24	152	
Malta	0	0	0	0	0	0	0	0	0	0	0	0	0	
Mauritania	21	0	0	0	0	8	0	0	90	2	251	18	15	
Mauritius	2,890	6,345	3,890	3,820	1,480	683	37	19,745	28,568	18,446	65,003	48,596	49,148	
Mexico	146	0	0	0	0	0	0	1	52	1	64	38	37	
Mongolia	0	0	0	0	0	0	0	0	0	0	0	0	0	
Montserrat	0	0	0	0	0	0	0	0	0	0	0	0	0	
Morocco	0	49	0	8	0	34	0	78	534	76	743	77	696	
Mozambique	15	113	1,191	1,508	804	1,033	1,075	760	3,300	5,200	78,429	20,587	27,413	
Myanmar	0	0	0	0	0	289	0	0	0	0	0	1	1	
Namibia	851	1,873	1,264	4,320	8,688	18,757	39,416	9,480	5,856	19,638	36,537	154,808	169,588	
Nauru	0	14	0	0	0	0	0	3	0	0	0	78	0	
Nepal	2	0	1	71	0	0	0	0	10	0	3	8	1	
Netherland Antilles	33	0	17	2	0	11	77	29	2,911	220	3	18	77	
Netherlands	22,001	21,325	27,418	47,708	45,799	43,019	50,111	126,600	42,414	44,846	13,964	30,838	23,722	
New Caledonia	0	0	0	0	0	0	0	0	0	0	0	0	0	
New Zealand	6	633	9	504	133	138	101	149	163	124	930	884	867	
Nicaragua	262	0	0	24	0	0	0	1	0	1	1	0	15	
Niger	33	47	0	61	39	99	38	60	45	710	0	116	3	
Nigeria	31	0	0	19	21	15	112	471	463	996	780	210	44	
Niue	0	0	0	0	0	0	0	0	0	3	0	0	299	
Northern Mariana Islands	0	0	0	0	0	274	0	0	0	0	0	0	0	
Norway	1,037	680	261	133	175	332	148	397	277	132	213	63	375	
Oman	0	9	0	0	0	0	17	16,132	0	2	0	0	0	
Pakistan	11	2	45	0	0	50,680	48,449	28,939	30,948	2,616	107	0	43	
Panama	1	0	0	0	0	0	0	0	0	0	0	712	0	
Papua New Guinea	0	0	0	0	0	0	0	0	0	24,058	0	0	74	
Paraguay	0	0	0	0	0	0	0	0	28	150	0	360	0	
Peru	7	0	56	0	5	62	0	115	172	26	20	0	7	
Philippines	2	0	0	2,844	32	249	175	525	2,358	1,294	771	555	993	
Poland	222	251	140	688	495	1,476	1,952	52	36	148	6,116	966	559	
Portugal	7,897	805	120	170	27,697	11,785	25,481	12,924	1,872	5,202	16	1	0	
Qatar	0	1	0	0	0	0	0	30	4	0	1	9	1	
Republic of Moldova	0	0	0	0	0	0	23	0	27	0	15	47	0	
Romania	0	0	0	186	0	300	1	1	18	17	0	17	0	
Russian Federation	135	2,258	33	3	0	667	226	94	114	263	141	93	122	
Rwanda	3,983	1,071	1	371	24	10,528	2,501	1,663	5,071	3,039	11,623	7,109	4,205	
Saint Helena	0	0	0	117	906	0	0	549	0	64	449	0	0	
Saint Kitts and Nevis	0	0	0	0	0	0	0	0	0	4	41	1,754	857	
Saint Vincent and the Grenadines	0	0	0	0	0	0	0	0	0	0	0	0	0	
Samoa	0	0	0	0	0	0	0	0	0	0	0	0	0	
Sao Tome and Principe	0	109	0	0	0	0	0	1	208	0	0	0	1,162	
Saudi Arabia	4	121	16	6	5	87,931	216,429	90,503	118,138	23,907	11,366	3,723	7,034	
Senegal	0	4	0	0	46	65	78	24	2	97	70	222	19	
Serbia	0	0	0	0	0	0	40	0	1	0	0	5	0	
Serbia and Montenegro	30	1	0	1	1	0	0	0	0	0	0	0	0	
Seychelles	0	91	10	0	0	0	0	0	0	10	0	1	0	
Sierra Leone	8	352	6	4	0	5	5	14	22	5	1	38	1	
Singapore	59	31	393	523	1,242	3,633	3,298	5,101	5,331	3,271	28,300	43,822	69,041	
Slovakia	0	6	0	1	0	0	1	9	13	34	3	5	0	
Slovenia	0	384	201	0	0	0	0	1	0	89	4,749	5,401	1,440	
Solomon Islands	0	0	0	0	0	0	0	0	0	0	0	0	591	
Somalia	0	0	0	0	0	0	0	0	0	0	0	0	31	
South Africa	218,753	215,157	211,370	385,104	336,892	415,224	555,316	528,425	394,726	657,834	838,359	859,550	1,091,812	
Spain	1,595	438	473	1,485	4,828	1,705	2,438	539	4,229	791	1,306	746	314	
Sri Lanka	62	0	0	0	0	0	3	1,664	12	3	0	0	222	
Sudan (North + South)	87	1	0	0	0	176	73	129	1,680	527	18	4,021	58	
Suriname	0	0	0	7	0	0	0	0	0	0	0	0	0	
Swaziland	235	602	240	481	914	953	3,420	3,181	4,622	5,067	9,461	8,335	4,479	
Sweden	1,653	152	79	276	294	431	1,426	2,123	4,204	3,975	2,112	2,757	3,466	
Switzerland	61,050	58,200	76,755	255,513	519,355	1,502,047	1,951,671	2,537,327	2,027,235	3,673,487	4,402,850	4,026,505	3,901,876	
Syrian Arab Republic	0	0	16	0	0	0	2	0	1	239	0	0	0	
Taipei, Chinese	380	9	2,080	44,713	2,676	74,531	39,257	23,074	1,384	83	171	151	61	
Tanzania, United Republic of	3,806	57,498	122,719	120,626	92,758	17,514	72,972	31,942	34,509	31,835	75,314	101,406	70,269	
Thailand	8,022	1,902	6,168	1,109	120	288,751	273,838	99,788	23,730	5,163	4,052	185	488	
Timor-Leste	0	0	0	0	0	0	0	0	1	0	0	0	0	
Togo	2	0	0	0	0	0	0	0	0	0	0	3	8	
Tokelau	0	0	11	0	0	697	0	48	23	50	81	96	49	
Tonga	0	0	0	0	0	0	0	0	0	0	0	0	0	
Trinidad and Tobago	0	0	0	0	0	0	0	0	4	15	0	0	0	
Tunisia	0	0	0	0	0	0	0	11	0	60	0	1	108	
Turkey	55	0	0	0	0	208	30	552	87	399	109	144	50	
Turkmenistan	0	0	0	0	0	0	0	13	0	0	0	0	0	
Turks and Caicos Islands	0	0	0	0	0	0	0	0	0	41	0	0	0	
Uganda	1,309	767	249	534	924	813	1,661	1,294	1,438	536	2,705	1,320	1,496	
Ukraine	2	8	211	0	0	24	14	7	4	4,514	145	104	138	
United Arab Emirates	3,977	5,125	6,983	1,064	321	85,484	49,302	23,690	141,038	176,248	87,515	229,378	555,171	
United Kingdom	483,758	393,540	254,064	275,112	261,316	102,623	55,464	115,062	87,193	134,804	333,058	316,421	148,522	
United States Minor Outlying Islands	0	0	0	0	16	0	36	30	19	1	253	1	302	
United States of America	7,902	9,540	6,905	17,848	14,041	2,272	27,873	25,922	5,338	7,348	6,138	8,157	13,369	
Uruguay	7	0	0	0	0	0	0	0	0	5	0	0	0	
Uzbekistan	0	0	0	0	0	0	0	0	0	0	0	0	0	
Vanuatu	2	0	0	0	0	0	0	0	0	0	0	0	0	
Venezuela	0	0	0	0	0	0	0	0	7	0	0	0	1	
Viet Nam	0	1	0	0	547	0	0	2	15	307	19	0	197	
Wallis and Futuna Islands	0	0	0	0	0	0	0	0	0	0	0	0	0	
Yemen	0	0	0	0	25	0	0	19	0	0	0	0	0	
Zimbabwe	16,008	15,988	18,913	89,226	74,934	53,399	81,600	64,090	84,306	120,589	242,530	437,382	277,503	
