List of importing markets for a product exported by Viet Nam Product: TOTAL All products
"Importers"	"Exported value in 2001"	"Exported value in 2002"	"Exported value in 2003"	"Exported value in 2004"	"Exported value in 2005"	"Exported value in 2006"	"Exported value in 2007"	"Exported value in 2008"	"Exported value in 2009"	"Exported value in 2010"	"Exported value in 2011"	"Exported value in 2012"	
World	15,029,192	16,706,053	20,149,324	26,485,035	32,447,129	39,826,223	48,561,343	62,685,130	57,096,274	72,236,665	96,905,674	114,529,171	
Afghanistan	0	0	0	0	1,251	0	0	0	0	0	0	0	
Albania	348	802	414	559	2,816	3,728	3,903	5,813	5,542	3,261	0	0	
Algeria	11,683	3,325	18,198	13,882	30,899	34,184	40,505	77,519	81,587	75,815	100,413	129,082	
Andorra	247	335	0	0	6	9	0	0	0	0	0	0	
Angola	28,046	20,568	27,961	34,845	76,189	60,282	49,358	143,824	89,198	111,159	68,060	115,785	
Anguilla	71	122	45	0	0	0	0	0	0	0	0	0	
Antigua and Barbuda	934	390	411	0	365	0	0	0	0	0	0	0	
Area Nes	306,374	106,736	75,646	49,643	175,026	533,755	373,588	434,735	420,939	391,976	1,119,544	1,212,205	
Argentina	5,270	1,391	5,696	8,735	16,578	30,811	49,789	73,727	55,935	91,554	148,854	166,827	
Armenia	459	1,060	1,516	758	1,172	787	1,814	2,886	2,805	5,164	0	10,134	
Aruba	686	443	53	0	88	0	0	0	0	0	0	0	
Australia	1,042,032	1,328,423	1,420,936	1,884,738	2,722,592	3,688,927	3,802,213	4,351,580	2,386,092	2,704,004	2,601,965	3,208,733	
Austria	28,853	29,748	38,137	59,545	88,899	97,477	112,138	108,731	103,386	144,023	461,537	1,065,232	
Azerbaijan	189	20	75	75	681	380	1,125	2,191	0	2,131	0	24,187	
Bahamas	368	195	270	547	1,054	700	1,393	2,612	0	2,043	6,182	2,584	
Bahrain	368	171	256	1,014	1,385	1,070	1,328	3,745	3,528	5,569	7,432	6,010	
Bangladesh	7,101	9,757	5,647	19,492	22,050	21,452	24,859	47,110	59,576	256,130	445,237	352,965	
Barbados	163	388	84	281	181	0	528	0	0	0	0	0	
Belarus	2,736	1,073	1,633	1,540	971	1,487	10,080	14,538	8,581	14,323	11,187	7,293	
Belgium	341,189	337,115	391,357	515,731	544,075	687,488	849,029	1,019,165	831,713	848,838	1,199,694	1,146,719	
Belize	223	173	291	1,939	4,831	2,057	753	0	0	0	0	63,743	
Benin	245	780	504	1,285	2,092	6,100	15,400	10,499	23,168	13,124	15,622	9,609	
Bermuda	159	1	37	59	313	194	259	0	0	0	0	0	
Bhutan	0	64	0	30	11	301	0	0	0	0	0	0	
Bolivia	221	150	76	123	553	729	1,796	1,835	0	2,564	0	0	
Bosnia and Herzegovina	151	154	84	57	126	295	258	0	0	0	0	0	
Botswana	6	55	67	0	133	2	0	0	0	0	0	0	
Brazil	15,098	12,165	22,572	25,019	32,245	61,898	102,622	183,087	199,951	492,784	597,892	718,110	
British Indian Ocean Territories	20	37	0	0	0	0	0	0	0	0	0	0	
British Virgin Islands	6,805	5,216	0	0	50	0	0	0	0	0	0	0	
Brunei Darussalam	1,481	1,379	539	996	599	3,909	0	4,492	7,690	14,235	15,362	16,871	
Bulgaria	14,154	7,893	5,991	7,766	11,221	21,602	35,868	75,110	41,348	36,913	26,857	37,016	
Burkina Faso	1,023	98	166	535	696	320	536	1,870	0	6,361	996	979	
Burundi	141	149	132	272	729	3,393	702	0	0	5,058	0	0	
Cabo Verde	158	11	6	0	35	0	0	0	0	0	0	0	
Cambodia	146,002	178,412	267,289	383,974	555,639	780,611	1,041,068	1,531,600	1,166,536	1,563,822	2,519,029	2,929,946	
Cameroon	106	201	497	5,738	7,509	12,011	8,378	34,457	32,452	33,658	78,150	61,963	
Canada	107,316	138,122	171,274	270,097	356,020	440,524	539,178	656,384	638,506	802,058	969,409	1,156,512	
Cayman Islands	0	0	0	11	0	0	0	0	0	0	0	0	
Central African Republic	197	47	89	25	50	944	1,095	0	0	0	0	0	
Chad	0	0	62	0	0	0	0	0	0	0	0	0	
Chile	9,248	10,425	10,331	22,136	30,882	46,078	46,704	68,892	110,520	94,099	137,535	168,649	
China	1,417,415	1,518,330	1,883,115	2,899,135	3,246,384	3,242,838	3,646,128	4,850,110	5,402,978	7,742,950	11,613,324	12,835,976	
Christmas Islands	114	343	316	0	209	0	0	0	0	0	0	0	
Cocos (Keeling) Islands	5	53	146	5	16	0	0	0	0	0	0	0	
Colombia	3,152	7,147	3,367	8,233	10,505	23,064	34,406	47,093	46,201	71,884	99,775	106,414	
Comoros	19	22	23	73	4	0	0	0	0	5,475	0	0	
Congo	1,073	767	2,855	4,093	16,866	23,166	23,669	32,793	30,225	34,493	45,650	17,144	
Cook Islands	16	0	24	21	13	127	0	0	0	0	0	0	
Costa Rica	726	394	721	791	2,017	2,622	7,345	12,248	8,920	12,049	14,883	15,043	
Côte d'Ivoire	969	1,834	4,319	32,624	81,131	54,973	44,306	85,182	144,302	134,337	146,525	214,903	
Croatia	796	1,320	3,249	3,674	4,538	6,647	11,590	17,156	39,382	15,902	14,250	15,532	
Cuba	44,223	47,035	65,286	105,251	207,137	152,837	279,740	488,476	240,726	251,250	0	0	
Cyprus	2,498	1,458	2,119	2,876	4,832	5,880	6,959	19,704	11,958	13,921	19,333	17,661	
Czech Republic	38,904	39,629	39,010	42,646	49,011	70,090	102,048	132,983	119,948	134,912	183,297	180,054	
Democratic Republic of the Congo	802	58	82	7,110	673	1,750	0	4,595	13,190	4,462	0	0	
Denmark	49,667	63,266	71,111	80,182	88,237	109,528	138,027	171,652	165,575	195,018	271,457	276,068	
Djibouti	34	155	186	147	565	1,549	555	2,656	0	3,890	0	0	
Dominica	1,519	910	658	2,114	2,814	3,420	10,678	3,797	14,131	17,130	19,988	23,250	
Dominican Republic	1,802	431	434	1,448	4,363	6,568	0	11,250	13,349	14,150	24,227	23,124	
Ecuador	2,495	3,481	4,624	8,006	16,390	27,985	29,339	45,002	50,526	65,678	64,098	113,423	
Egypt	28,574	21,783	14,839	40,335	45,093	49,011	97,784	167,825	162,669	174,644	256,294	297,652	
El Salvador	1,021	1,076	482	1,396	1,449	998	1,750	4,327	0	3,836	5,689	6,350	
Equatorial Guinea	0	0	8	0	0	0	0	0	0	0	0	0	
Eritrea	195	262	165	0	0	2,017	1,593	0	0	5,526	0	0	
Estonia	1,300	2,092	2,305	2,191	2,425	7,941	5,788	9,234	8,869	6,643	11,412	11,538	
Ethiopia	137	114	275	1,842	6,498	25,863	11,069	6,166	7,090	34,212	11,266	22,466	
Falkland Islands (Malvinas)	135	110	17	0	26	0	0	0	0	0	0	0	
Faroe Islands	32	22	33	98	0	7	0	0	0	0	0	0	
Fiji	640	898	657	1,394	1,162	1,517	1,579	3,846	12,938	14,938	19,706	18,144	
Finland	19,933	24,272	28,792	41,891	57,155	68,875	92,512	134,363	79,500	68,399	87,021	99,720	
France	468,964	439,472	497,229	557,593	656,421	799,006	889,382	970,839	820,070	1,101,330	1,658,884	2,163,399	
French Polynesia	0	26	0	0	241	0	0	0	0	0	0	0	
Gabon	2,887	64	6,166	744	8,368	3,279	4,356	8,896	5,621	7,446	7,246	13,503	
Gambia	751	1,887	845	1,134	5,440	5,032	4,299	14,179	13,313	6,012	7,452	6,601	
Georgia	3,652	4,310	2,912	9,393	4,091	6,696	12,664	23,811	15,180	15,383	12,643	15,107	
Germany	721,797	729,029	854,714	1,064,735	1,085,543	1,445,309	1,854,895	2,073,424	1,885,409	2,372,736	3,366,901	4,094,940	
Ghana	4,667	8,603	15,260	31,760	23,357	38,223	53,243	52,189	77,497	98,603	120,348	203,590	
Gibraltar	6	0	0	111	10	11	0	0	0	0	0	0	
Greece	21,132	34,339	41,960	45,389	54,949	64,649	81,806	103,235	77,698	80,273	132,288	150,576	
Greenland	418	86	59	253	44	201	254	0	0	0	0	0	
Grenada	22	36	12	61	86	103	0	0	0	1,020	0	0	
Guatemala	2,919	4,095	885	1,292	1,282	3,196	2,748	6,445	14,738	13,267	16,186	22,401	
Guinea	506	534	986	9,011	6,564	14,532	8,116	37,403	32,104	47,757	94,446	39,080	
Guinea-Bissau	0	17	7	149	0	131	0	10,434	3,711	0	7,382	4,167	
Guyana	101	134	126	36	156	2,313	304	0	0	3,422	0	0	
Haiti	896	132	39	219	255	1,237	420	0	0	30,613	14,400	11,985	
Honduras	286	1,718	812	2,079	2,190	5,381	1,778	4,366	2,863	6,575	6,725	5,441	
Hong Kong, China	317,238	340,168	368,734	380,056	353,113	452,985	582,523	877,190	1,034,099	1,464,178	2,205,716	3,705,369	
Hungary	17,036	21,206	18,338	21,627	27,041	33,042	62,714	70,370	62,451	38,425	51,338	57,577	
Iceland	5,229	2,183	1,480	4,418	1,927	3,479	4,749	8,589	0	1,699	0	0	
India	45,365	52,030	32,273	78,615	97,756	137,837	179,657	388,993	419,577	991,630	1,553,921	1,782,178	
Indonesia	264,300	331,967	467,224	452,861	468,848	957,926	1,153,201	751,209	754,054	1,433,419	2,358,900	2,357,706	
Iran (Islamic Republic of)	9,555	10,383	14,056	19,753	82,594	16,424	30,255	79,032	27,513	44,277	0	0	
Iraq	405,473	439,881	151,260	184,512	101,001	117,534	14,830	124,285	90,185	188,349	149,574	0	
Ireland	20,787	19,156	17,121	28,272	25,142	38,107	54,908	54,253	39,546	46,105	63,674	80,976	
Israel	18,062	19,460	19,938	32,177	31,586	44,187	58,093	82,697	76,937	97,478	170,750	279,274	
Italy	237,899	264,641	330,941	369,873	470,054	653,343	816,849	1,002,761	804,629	980,141	1,534,326	1,876,556	
Jamaica	69	152	322	233	676	572	1,173	2,019	0	3,749	5,567	0	
Japan	2,509,800	2,436,958	2,908,600	3,542,130	4,340,272	5,240,087	6,089,978	8,467,750	6,335,602	7,727,660	11,091,713	13,064,524	
Jordan	4,486	1,013	3,722	13,092	10,693	16,822	19,322	33,887	48,496	38,565	38,892	42,191	
Kazakhstan	66	102	591	796	1,466	1,925	5,355	14,006	13,972	15,476	36,257	72,169	
Kenya	4,043	3,004	5,903	21,652	24,607	29,091	9,705	37,449	41,589	42,616	62,356	64,011	
Kiribati	7	31	0	213	124	67	0	0	3,436	3,133	0	0	
Korea, Democratic People's Republic of	4,920	3,853	0	0	1,425	0	6,311	0	0	0	0	0	
Korea, Republic of	406,082	468,716	492,125	608,109	663,620	842,893	1,243,353	1,793,525	2,077,777	3,092,225	4,866,729	5,580,893	
Kuwait	2,653	2,611	6,917	3,651	11,808	11,080	19,300	61,492	40,905	29,909	28,915	29,202	
Kyrgyzstan	0	52	68	5	40	42	345	1,636	0	0	0	0	
Lao People's Democratic Republic	64,345	64,683	51,777	68,426	69,204	94,958	109,682	160,342	172,209	199,987	286,571	432,584	
Latvia	1,560	1,083	3,332	3,491	3,677	5,085	8,933	11,697	10,248	10,003	40,637	72,514	
Lebanon	3,058	3,925	4,473	6,518	8,235	17,776	16,370	24,333	36,215	35,090	46,205	53,893	
Lesotho	0	160	0	0	100	0	0	0	0	0	0	15,744	
Liberia	983	547	230	1,018	21,238	1,225	1,849	38,879	3,159	35,737	57,032	17,678	
Libya	93	231	625	6,109	1,697	570	2,350	4,326	5,399	8,111	0	27,203	
Lithuania	733	5,447	4,283	7,265	16,342	14,099	17,443	29,901	37,749	24,231	22,598	36,881	
Luxembourg	140	322	22	108	135	590	486	0	17,262	22,557	27,171	29,074	
Macao, China	556	475	878	2,418	1,744	7,034	3,247	11,579	0	0	0	3,375	
Macedonia, The Former Yugoslav Republic of	332	1,192	659	367	81	115	631	0	0	1,008	0	0	
Madagascar	2,653	420	936	2,141	3,579	3,013	9,354	9,847	5,207	4,533	0	0	
Malawi	26	182	75	646	357	272	0	0	0	0	0	0	
Malaysia	337,224	347,751	453,839	624,320	1,028,333	1,216,590	1,554,974	2,030,402	1,775,157	2,093,118	2,770,808	4,500,284	
Maldives	7	3	47	270	397	729	502	0	0	0	0	0	
Mali	2,267	1,470	1,706	1,266	1,538	2,880	6,819	3,593	0	5,760	5,542	8,845	
Malta	204	241	506	758	2,120	1,926	1,241	2,810	3,312	3,453	0	19,846	
Marshall Islands	4,143	768	12	0	0	188	0	70,773	27,651	0	0	3,069	
Mauritania	1,149	1,227	524	916	76	0	0	0	0	0	0	10,367	
Mauritius	321	1,106	1,068	1,145	245	0	0	0	7,242	0	9,564	12,634	
Mayotte	62	13	8	0	0	0	0	0	0	0	0	0	
Mexico	44,016	60,485	78,293	127,743	191,535	285,517	360,381	436,442	359,090	488,829	589,749	682,770	
Micronesia (Federated States of)	50	79	150	0	32	0	0	0	0	0	0	0	
Mongolia	1,498	1,220	1,052	1,716	2,406	2,991	5,060	7,463	9,828	0	0	15,634	
Montenegro	0	0	0	0	0	0	0	0	0	1,923	0	0	
Montserrat	0	15	23	25	112	0	0	0	0	0	0	0	
Morocco	1,731	3,034	3,332	8,880	10,860	11,129	27,486	30,222	29,045	28,330	40,488	82,033	
Mozambique	192	25	6,357	12,806	32,557	10,077	10,869	25,357	41,527	32,828	71,666	85,731	
Myanmar	5,360	7,125	12,526	14,015	11,978	16,465	21,811	32,635	33,942	49,521	82,458	117,813	
Namibia	12	17	11	66	899	499	1,641	0	0	1,355	0	0	
Nauru	314	345	128	83	1	0	836	0	0	0	0	0	
Nepal	300	771	927	1,151	1,621	1,365	1,420	2,211	0	2,285	0	9,171	
Netherland Antilles	1,994	3,155	0	0	284	0	0	0	0	0	0	0	
Netherlands	364,542	404,252	492,990	581,911	659,166	857,431	1,182,132	1,577,432	1,355,633	1,688,312	2,147,980	2,476,218	
New Caledonia	402	354	414	1,209	1,191	2,112	1,510	3,823	3,478	7,749	10,610	8,925	
New Zealand	18,492	21,186	24,973	46,853	47,494	54,134	67,051	76,642	70,504	122,645	151,377	183,981	
Nicaragua	386	77	447	477	1,464	1,795	2,640	2,504	3,877	5,365	11,366	8,030	
Niger	434	785	1,300	5,730	6,496	2,905	1,289	4,172	0	0	0	0	
Nigeria	8,114	9,408	10,513	11,352	17,110	32,957	34,112	64,180	66,881	109,756	70,524	112,684	
Niue	4	59	27	0	16	22	0	0	0	0	0	0	
Norfolk Island	2	136	24	0	0	0	0	0	0	0	0	0	
Northern Mariana Islands	0	453	4	0	19	0	0	0	0	0	0	0	
Norway	15,391	16,829	20,917	23,474	32,698	38,061	49,149	93,781	51,429	74,094	89,778	125,774	
Oman	1,135	680	538	2,115	3,166	5,774	8,417	7,366	7,413	7,661	18,120	13,425	
Pakistan	8,894	21,513	23,100	39,740	42,363	65,490	82,259	96,034	110,405	133,599	168,413	174,790	
Palau	226	0	523	40	90	0	0	0	0	0	0	0	
Panama	14,802	13,337	13,949	44,694	42,860	77,850	117,956	164,538	135,306	173,758	227,433	237,248	
Papua New Guinea	3,371	395	2,086	3,954	10,193	7,840	14,732	25,660	30,029	15,617	24,711	29,531	
Paraguay	833	269	314	444	1,391	2,311	3,339	7,372	3,494	7,147	13,448	10,444	
Peru	1,672	1,243	2,487	6,066	8,125	12,581	16,471	35,697	25,598	38,336	76,250	100,592	
Philippines	368,390	315,221	340,003	498,556	828,968	782,833	965,139	1,824,666	1,461,858	1,706,401	1,535,313	1,871,462	
Pitcairn	35	10	11	0	6	0	0	0	0	0	0	0	
Poland	79,466	67,893	83,634	82,172	81,789	160,127	220,882	266,662	185,308	241,222	445,514	328,165	
Portugal	6,208	5,571	10,414	16,201	22,911	32,797	52,116	85,248	93,174	94,732	153,030	173,337	
Qatar	235	321	185	500	4,353	15,713	16,743	19,528	26,285	10,008	17,318	18,569	
Republic of Moldova	466	722	1,073	465	1,742	1,253	2,083	5,509	4,800	3,105	0	0	
Romania	6,986	10,566	11,816	14,420	15,501	20,548	32,317	77,601	76,623	77,668	74,434	80,606	
Russian Federation	194,488	187,361	159,613	215,816	251,855	413,211	458,452	671,955	414,892	829,701	1,287,324	1,617,853	
Rwanda	89	221	0	452	1,298	2,526	2,408	0	7,718	11,256	0	0	
Saint Helena	42	144	89	0	39	0	0	0	0	0	0	0	
Saint Kitts and Nevis	0	38	246	0	0	0	0	0	0	0	0	0	
Saint Lucia	101	290	27	0	39	0	0	0	0	0	0	0	
Saint Vincent and the Grenadines	30	28	36	0	0	0	0	0	0	0	0	0	
Samoa	23	52	155	0	46	0	1,078	0	3,824	4,177	0	0	
Sao Tome and Principe	32	73	34	0	7	0	0	0	0	0	0	0	
Saudi Arabia	13,728	17,966	17,030	21,884	30,448	49,333	51,466	118,257	103,880	143,971	261,720	599,066	
Senegal	21,311	13,761	33,975	57,166	41,894	9,483	9,954	102,550	107,155	80,346	190,246	91,229	
Serbia	0	0	0	0	0	0	0	0	5,204	9,083	0	0	
Serbia and Montenegro	341	816	848	882	339	0	0	0	0	0	0	0	
Seychelles	103	244	173	306	0	484	0	0	0	0	0	0	
Sierra Leone	1,449	691	496	2,374	7,947	14,122	8,441	25,659	31,511	19,149	38,109	16,437	
Singapore	1,043,734	961,126	1,024,709	1,485,257	1,916,973	1,658,842	2,234,386	2,713,824	2,075,621	2,121,314	2,149,252	2,367,683	
Slovakia	5,475	7,254	8,211	8,620	11,658	23,068	71,480	109,810	89,804	111,378	156,902	290,935	
Slovenia	1,613	2,176	2,230	6,969	8,892	11,517	18,088	20,652	17,756	24,529	24,747	35,446	
Solomon Islands	24	12	2,055	54	63	324	485	0	0	9,890	0	0	
Somalia	502	32	127	37	1,132	177	554	0	0	0	0	0	
South Africa	29,130	15,526	22,669	56,758	111,827	100,714	115,617	146,432	377,890	494,062	1,864,417	612,646	
Spain	158,530	178,963	234,204	312,025	410,799	558,019	759,634	962,237	939,901	1,110,792	1,554,720	1,793,607	
Sri Lanka	9,799	6,756	5,780	22,122	20,143	20,612	38,235	40,037	26,414	62,369	83,607	95,274	
St. Pierre and Miquelon	42	25	99	0	0	0	0	0	0	0	0	0	
Sudan (North + South)	1,155	586	802	2,088	6,188	3,408	12,996	13,649	20,178	16,071	22,520	28,930	
Suriname	506	264	183	1,348	528	1,943	1,573	1,954	0	3,312	0	0	
Swaziland	2,617	7,374	0	4,037	1,945	0	0	5,497	0	5,521	4,068	0	
Sweden	53,244	62,370	89,971	108,548	133,584	170,965	202,356	224,896	204,621	233,221	427,363	673,707	
Switzerland	94,902	66,670	74,667	135,145	103,998	156,107	237,495	522,015	2,499,717	2,651,988	1,188,503	397,725	
Syrian Arab Republic	1,520	1,298	3,609	2,765	9,358	11,547	17,276	43,812	49,381	33,675	36,386	42,965	
Taipei, Chinese	805,997	817,689	749,168	890,569	935,016	968,729	1,139,387	1,401,386	1,120,643	1,442,842	1,843,298	2,081,513	
Tajikistan	70	44	94	8	196	235	336	0	0	0	1,031	2,166	
Tanzania, United Republic of	8,278	6,074	20,662	25,042	22,485	22,586	18,475	26,590	29,016	35,670	24,131	37,279	
Thailand	322,771	227,251	335,411	518,050	862,978	897,551	1,030,035	1,288,547	1,314,225	1,182,842	1,938,259	2,832,178	
Timor-Leste	1,877	2,411	4,834	9,647	12,354	12,182	15,566	58,889	99,412	52,856	13,017	34,408	
Togo	2,976	1,375	1,450	4,956	5,792	7,283	7,950	27,225	18,399	29,928	36,294	29,642	
Tokelau	897	908	0	0	23	0	0	0	0	0	0	0	
Tonga	21	169	0	0	32	183	190	0	0	0	0	0	
Trinidad and Tobago	1,011	117	296	983	993	1,333	1,265	5,959	3,852	3,687	3,583	5,427	
Tunisia	753	747	1,580	1,133	2,398	3,612	6,165	12,657	9,601	10,688	22,456	43,687	
Turkey	11,657	23,566	31,316	46,756	60,209	141,920	201,804	330,492	284,325	528,661	771,727	862,727	
Turkmenistan	6	11	0	53	319	161	2,627	15,382	11,312	5,679	6,101	13,328	
Turks and Caicos Islands	88	11	0	0	5	0	0	0	0	0	0	0	
Tuvalu	0	14	6	0	12	0	0	0	0	0	0	0	
Uganda	1,317	113	486	610	1,415	3,982	2,104	4,541	4,604	9,231	2,752	4,396	
Ukraine	26,053	30,388	26,422	33,389	39,192	64,602	116,357	256,560	129,189	115,729	194,524	220,907	
United Arab Emirates	33,133	41,209	65,993	93,581	121,545	140,572	234,048	357,573	360,080	508,285	921,975	2,078,323	
United Kingdom	511,565	571,631	754,767	1,010,301	1,015,760	1,179,695	1,431,320	1,581,045	1,329,234	1,681,884	2,398,191	3,033,601	
United States Minor Outlying Islands	5,910	15,354	543	1,462	6,494	3,382	2,753	0	2,821	3,828	0	0	
United States of America	1,065,693	2,453,230	3,939,559	5,026,606	5,927,444	7,850,415	10,111,428	11,902,834	11,415,618	14,250,850	16,970,422	19,680,929	
Uruguay	1,699	931	455	1,150	2,383	3,424	6,055	9,221	8,653	16,355	27,383	23,102	
Uzbekistan	1,028	293	67	322	201	479	942	2,769	0	1,942	5,705	3,552	
Vanuatu	8	33	2,043	159	4	0	0	0	0	0	0	1,849	
Venezuela	5,875	4,119	1,169	4,708	7,176	11,668	11,819	19,890	13,878	21,399	27,273	26,609	
Wallis and Futuna Islands	0	39	6	0	0	0	0	0	0	0	0	0	
Western Sahara	138	72	6	0	503	0	0	0	0	0	0	0	
Yemen	9,270	236	1,382	10,885	6,639	14,553	14,330	22,486	16,108	14,961	14,604	21,790	
Zambia	475	133	767	925	1,523	2,084	0	3,402	2,997	3,450	3,257	5,157	
Zimbabwe	146	66	75	15	225	48	675	0	0	4,421	1,015	3,144	
