List of importing markets for a product exported by Luxembourg Product: TOTAL All products
"Importers"	"Exported value in 2001"	"Exported value in 2002"	"Exported value in 2003"	"Exported value in 2004"	"Exported value in 2005"	"Exported value in 2006"	"Exported value in 2007"	"Exported value in 2008"	"Exported value in 2009"	"Exported value in 2010"	"Exported value in 2011"	"Exported value in 2012"	"Exported value in 2013"	
World	8,259,975	8,592,956	9,987,082	12,167,836	12,714,922	14,183,096	16,197,287	17,380,797	12,542,133	13,911,259	16,307,879	13,747,546	13,800,394	
Afghanistan	6	130	21	68	504	137	561	103	861	2,345	210	564	399	
Africa not elsewhere specified	4	36	27	24	0	0	0	0	62	0	0	87	0	
Albania	691	390	428	988	1,206	701	1,996	656	496	375	236	136	37	
Algeria	5,056	4,427	9,771	26,297	25,838	11,763	17,367	27,339	29,213	33,252	26,939	30,561	32,477	
Andorra	993	1,204	988	1,350	1,351	1,061	788	184	636	868	3,290	2,363	1,661	
Angola	714	1,336	1,000	2,420	514	357	598	10,479	11,089	2,118	2,944	5,483	4,875	
Anguilla	0	0	0	0	0	0	0	0	2	0	0	0	0	
Antigua and Barbuda	0	9	0	0	404	0	0	0	0	12	1	0	0	
Area Nes	9,771	33,944	59,553	25,743	0	4,293	4,844	6,915	4,680	248	0	101	771	
Argentina	3,146	793	2,617	7,774	3,678	11,933	4,468	6,378	4,967	3,234	12,201	8,837	6,904	
Armenia	17	24	14	424	859	680	805	156	2,673	53	54	103	154	
Aruba	27	10	11	663	50	4	8	0	55	26	39	15	1	
Australia	16,128	12,485	15,631	18,851	22,513	30,271	34,743	44,326	35,324	28,653	38,748	38,708	51,418	
Austria	95,799	108,232	159,327	293,277	356,373	407,681	260,915	267,418	176,516	176,686	229,763	180,745	214,722	
Azerbaijan	1,665	1,510	1,467	4,586	4,917	3,900	1,882	1,522	3,231	88,822	116,604	97,024	23,208	
Bahamas	34	157	157	1	3	3,423	1	1	1	10	1	0	5	
Bahrain	740	351	969	4,206	20,256	4,157	3,388	1,131	1,166	853	725	3,077	2,560	
Bangladesh	417	163	603	279	229	1,598	336	935	2,850	1,070	2,639	3,055	6,881	
Barbados	160	745	944	1,724	2,756	877	133	262	142	274	17	478	298	
Belarus	2,972	3,726	2,295	1,718	2,641	2,162	1,706	1,361	2,932	2,943	5,123	3,456	22,785	
Belgium	991,117	1,036,611	1,238,593	1,458,095	1,446,885	1,739,515	2,022,681	2,269,793	1,697,846	1,752,958	2,024,079	1,774,512	1,821,043	
Belize	0	0	0	0	690	252	0	0	0	239	63	0	0	
Benin	402	367	148	242	12	72	976	404	421	255	296	593	159	
Bermuda	11	17	15	62	70	74	2	1	448	111	7	2	11	
Bhutan	18	0	0	6	2	1	2	0	0	0	30	37	0	
Bolivia	10	16	14	9	15	397	26	21	64	95	153	88	217	
Bosnia and Herzegovina	1,012	1,250	1,152	1,258	1,550	1,517	1,313	1,869	1,424	2,083	729	1,223	871	
Botswana	0	19	22	101	38	3	6	9	26	0	4	2	188	
Brazil	22,179	8,749	7,674	31,514	48,760	35,211	43,867	32,201	21,975	44,416	42,341	42,710	58,834	
British Indian Ocean Territories	0	0	0	0	0	0	0	0	0	0	0	0	0	
British Virgin Islands	62	7	0	0	0	31	0	94	37,201	0	20	0	0	
Brunei Darussalam	55	856	38	0	115	201	498	335	363	310	944	3,314	1,125	
Bulgaria	4,693	8,128	5,113	5,854	4,195	8,506	19,027	24,933	9,708	12,653	15,517	16,310	25,225	
Burkina Faso	228	167	110	283	247	167	511	217	415	600	767	1,505	8,431	
Burundi	153	153	72	184	234	146	68	6	63	54	8	49	120	
Cabo Verde	1,556	1,471	1,520	217	313	76	108	45	108	326	45	80	371	
Cambodia	1,313	1,886	2,976	4,437	4,276	5,095	6,136	8,564	5,705	8,083	202	1,181	862	
Cameroon	1,442	1,043	839	937	737	577	1,060	2,310	2,215	1,442	1,524	2,325	4,670	
Canada	46,681	43,187	33,798	58,451	68,009	75,481	84,476	79,620	74,973	81,243	115,065	98,843	90,621	
Cayman Islands	6	96	1	39	0	27,939	0	0	0	0	0	0	0	
Central African Republic	27	93	7	34	48	41	8	2	64	5	8	44	98	
Chad	51	209	137	0	11	11	232	65	33	1	5	239	81	
Chile	4,922	11,636	11,075	13,095	12,830	10,276	6,158	9,383	4,962	9,169	20,035	25,833	10,974	
China	50,890	53,955	143,327	119,696	165,534	267,452	252,329	221,035	180,398	176,231	234,379	251,497	215,448	
Christmas Islands	0	0	0	0	0	0	0	0	0	0	0	0	0	
Cocos (Keeling) Islands	0	0	0	0	0	0	19	0	0	0	0	0	0	
Colombia	1,756	1,372	984	1,018	2,313	1,390	1,265	4,313	10,991	6,222	5,523	4,535	7,593	
Comoros	67	226	302	307	0	0	56	0	0	3	14	0	0	
Congo	424	441	1,419	901	1,423	1,426	1,776	1,109	932	1,040	129	1,418	2,100	
Cook Islands	0	0	0	27	0	0	0	0	0	0	0	0	0	
Costa Rica	201	392	155	474	1,155	1,921	3,957	96	201	220	444	23	122	
Côte d'Ivoire	10,734	10,426	7,805	7,956	6,054	6,159	5,583	3,850	5,212	3,308	3,713	4,121	2,873	
Croatia	5,102	4,455	5,363	5,440	5,388	5,532	6,270	9,438	6,728	5,613	5,078	4,136	3,082	
Cuba	310	2,664	84	190	358	241	788	1,825	388	111	84	283	85	
Cyprus	1,630	1,215	1,040	3,631	6,875	37,926	12,957	10,556	9,121	9,742	25,205	34,592	22,063	
Czech Republic	54,890	74,930	86,243	99,159	92,492	126,734	169,622	179,708	100,797	117,877	151,202	142,272	142,450	
Democratic Republic of the Congo	577	779	836	1,079	1,421	1,375	1,545	1,422	329	534	1,408	568	3,111	
Denmark	46,859	50,133	52,332	81,511	134,093	149,693	161,695	172,831	103,968	88,449	127,611	116,799	100,316	
Djibouti	0	6	109	30	14	369	18	532	58	0	1	634	4,601	
Dominica	0	0	13	0	0	0	0	43	0	0	0	0	3	
Dominican Republic	883	2,519	1,481	2,069	3,459	1,201	1,842	968	582	1,560	552	1,354	1,626	
Ecuador	4,497	6,400	10,499	13,131	13,573	10,867	8,245	8,383	10,031	2,044	6,737	15,155	12,743	
Egypt	6,569	5,316	7,434	5,225	9,595	9,705	10,864	18,646	18,981	18,503	8,191	18,254	19,401	
El Salvador	248	1,129	2,769	15	1,106	1,032	106	32	6	3,416	621	59	22	
Equatorial Guinea	13,589	71	12	847	260	582	1,060	1,061	1,125	458	0	13	119	
Eritrea	29	5	33	0	0	42	13	41	94	70	25	274	901	
Estonia	1,934	2,122	3,648	5,633	8,558	9,601	12,394	14,771	7,479	7,717	10,724	9,461	11,165	
Ethiopia	257	299	284	461	1,259	2,313	1,501	2,274	15,576	644	3,039	889	2,032	
Europe Othr. Nes	117,708	112,650	0	0	0	0	0	254,278	171,157	209,595	285,478	227,563	224,489	
Falkland Islands (Malvinas)	0	0	0	0	74	0	10	0	0	0	0	0	0	
Faroe Islands	709	70	270	78	25	125	634	12	8	14	0	0	4	
Fiji	7	0	154	33	20	131	41	84	23	4	5	1	24	
Finland	75,259	61,891	66,762	72,735	90,289	68,942	84,921	93,129	53,439	52,357	66,571	52,984	52,846	
France	1,588,502	1,687,207	2,005,227	2,416,047	2,190,331	2,363,488	2,716,009	2,955,551	2,172,956	2,253,582	2,532,658	2,028,330	2,038,271	
Free Zones	0	0	0	0	0	0	0	108	406	25	15	0	20	
French Polynesia	738	753	457	572	811	676	1,481	1,302	817	1,407	1,131	437	1,273	
French South Antarctic Territories	0	0	0	0	0	0	0	0	48	0	0	37	0	
Gabon	436	561	528	983	462	923	1,323	1,752	1,705	3,222	6,320	4,633	5,075	
Gambia	203	104	125	22	23	23	169	64	31	65	58	159	190	
Georgia	2,567	949	256	566	635	260	411	1,148	188	994	1,670	1,904	2,663	
Germany	1,913,347	2,103,989	2,650,502	3,187,581	3,223,635	3,490,086	4,158,464	4,643,947	3,399,663	3,950,325	4,527,573	3,754,905	3,825,584	
Ghana	1,766	2,025	5,353	4,019	4,287	2,510	3,377	2,033	1,682	2,992	5,920	5,628	5,297	
Gibraltar	2	1	133	5	0	0	104	102	1,479	19	34	116	9,618	
Greece	26,033	31,453	32,971	34,044	35,572	43,038	44,255	66,481	25,420	25,039	25,047	31,336	33,753	
Greenland	0	0	331	41	41	1,457	0	0	0	355	1	2	0	
Grenada	0	19	0	0	751	0	211	0	0	0	0	313	0	
Guatemala	658	939	529	298	556	147	49	71	5	463	1,020	34	242	
Guinea	8,070	4,042	4,823	3,104	3,494	5,229	3,154	4,669	3,304	4,552	7,890	7,940	5,415	
Guinea-Bissau	5	8	19	8	9	0	0	162	0	0	0	5	2	
Guyana	2,166	700	2,933	1,512	2,777	1,089	158	126	251	210	1,856	1,632	6,519	
Haiti	112	35	2	18	111	11	156	39	50	199	68	848	1,523	
Honduras	2	3	585	374	6,087	27	338	79	533	11	19	160	696	
Hong Kong, China	19,745	16,584	65,825	18,270	42,933	50,583	63,523	29,685	115,311	186,897	75,096	115,698	73,003	
Hungary	25,778	32,989	47,439	55,732	53,463	60,771	105,085	95,261	50,967	57,511	63,276	54,423	55,144	
Iceland	4,268	4,979	4,112	12,683	10,090	10,712	12,110	4,834	3,123	586	1,102	3,070	2,043	
India	11,989	9,742	11,777	13,856	18,465	32,949	40,083	39,672	46,890	57,919	75,053	66,682	50,641	
Indonesia	3,621	3,210	3,429	3,333	13,259	5,985	3,157	4,194	5,822	5,177	14,558	6,995	8,187	
Iran (Islamic Republic of)	3,919	6,205	14,557	22,768	11,213	9,757	8,115	32,868	8,405	10,735	7,553	9,571	3,511	
Iraq	261	3,794	129	23	1,319	534	2,391	3,363	1,063	2,976	7,815	2,394	2,194	
Ireland	100,741	24,508	28,944	42,221	40,500	40,003	52,500	52,968	26,590	31,486	29,991	31,821	56,805	
Israel	15,709	20,698	12,752	12,966	15,480	19,276	20,623	19,345	21,835	16,796	18,827	16,301	16,105	
Italy	495,153	480,386	592,973	820,161	795,708	782,799	866,416	836,531	582,345	676,891	701,460	518,113	509,371	
Jamaica	818	2,010	3,197	4,547	844	4,407	537	87	4,587	54	128	906	702	
Japan	46,833	41,787	48,075	43,556	42,998	30,774	44,990	48,591	42,733	53,679	57,409	82,558	73,928	
Jordan	894	571	434	642	1,554	618	649	689	2,265	3,816	2,125	7,021	874	
Kazakhstan	2,281	10,058	2,807	5,538	8,777	4,520	10,125	6,913	7,494	18,163	9,651	8,226	8,380	
Kenya	521	408	544	603	1,222	715	904	2,149	1,313	2,403	1,828	5,912	1,662	
Kiribati	29	0	1	4	7	6	0	0	0	0	0	0	7	
Korea, Democratic People's Republic of	26	3	0	128	1	23	22	0	16	49	58	11	102	
Korea, Republic of	12,737	15,541	27,201	48,569	54,341	56,491	48,081	56,777	36,273	29,953	31,479	40,051	52,114	
Kuwait	1,455	3,041	4,989	4,374	9,770	4,420	3,170	4,755	6,129	5,453	10,049	9,961	4,367	
Kyrgyzstan	66	78	69	55	111	797	139	154	35	93	273	275	254	
Lao People's Democratic Republic	291	12	26	34	50	80	148	2,879	116	56	124	188	123	
Latvia	4,274	5,037	5,125	6,377	6,583	8,964	11,137	10,878	3,495	3,957	5,864	9,334	13,103	
Lebanon	819	1,303	2,139	2,093	1,732	467	1,531	620	1,418	3,519	2,180	2,414	3,281	
Lesotho	11	37	39	110	0	0	0	0	0	0	0	0	15	
Liberia	263	235	187	29	18	15	16	14	0	600	1,671	255	699	
Libya	546	572	10	1,163	2,658	387	1,249	1,369	2,366	2,051	1,046	1,660	2,250	
Lithuania	6,819	11,995	10,594	27,569	10,728	8,656	21,917	21,758	8,173	7,166	17,546	15,620	14,873	
Macao, China	115	1	2	9	569	0	47	84	64	60	64	135	34	
Macedonia, The Former Yugoslav Republic of	93	415	199	613	168	508	691	1,342	683	694	696	667	1,162	
Madagascar	591	356	714	1,639	2	114	392	326	1,603	330	95	117	1,003	
Malawi	2	267	8	38	58	1	71	25	820	144	40	8	39	
Malaysia	5,891	6,509	8,576	10,304	8,858	13,577	18,094	26,062	4,032	9,736	11,085	9,691	9,409	
Maldives	53	6	276	37	75	25	0	18	4	0	466	19	267	
Mali	136	563	658	314	522	1,013	598	182	113	873	596	994	227	
Malta	569	856	835	585	712	19,205	6,165	1,375	4,372	7,825	2,558	3,942	1,922	
Marshall Islands	1	0	5	0	0	0	0	0	0	0	0	0	0	
Mauritania	291	872	498	131	401	188	328	204	291	413	2,651	459	1,249	
Mauritius	224	133	431	353	376	1,088	826	265	128	308	832	2,323	1,763	
Mayotte	80	19	47	84	49	66	133	128	50	19	6	2	0	
Mexico	15,819	14,554	15,723	35,598	53,766	56,032	77,855	71,863	63,007	74,186	78,125	64,570	58,214	
Micronesia (Federated States of)	0	0	0	0	0	0	0	0	0	0	0	0	0	
Mongolia	0	43	654	33	47	2	2	14	14	196	177	198	979	
Montenegro	0	0	0	0	0	541	910	1,024	327	143	146	51	150	
Montserrat	0	18	69	11	1	24	0	0	0	0	0	0	0	
Morocco	13,668	9,391	9,321	10,596	7,881	7,970	9,520	21,387	9,059	11,047	20,723	16,884	22,689	
Mozambique	200	86	102	85	99	347	728	455	324	787	723	1,073	513	
Myanmar	243	368	44	58	32	76	9	172	114	230	261	134	184	
Namibia	351	531	439	438	66	58	12	13	136	116	237	604	1,255	
Nauru	0	0	0	0	0	0	62	0	0	0	0	0	0	
Nepal	0	563	13	205	751	3	0	9	100	404	6	3	824	
Netherland Antilles	66	97	115	133	2,010	283	243	171	407	337	896	311	0	
Netherlands	356,842	376,923	462,649	555,004	582,116	711,016	881,517	1,031,644	603,939	673,960	872,003	707,593	709,251	
New Caledonia	822	2,920	167	940	420	425	885	1,192	4,272	230	767	689	741	
New Zealand	3,615	4,175	7,449	7,509	2,749	2,509	3,501	3,398	2,132	2,746	5,479	3,455	2,347	
Nicaragua	678	19	24	84	9	164	509	106	86	48	298	75	70	
Niger	211	14	152	341	177	3,121	82	145	445	91	58	1,059	632	
Nigeria	5,971	9,771	11,297	8,004	9,600	8,375	9,985	21,061	10,269	7,392	4,729	20,323	10,939	
Niue	0	0	0	0	0	40	0	0	0	0	0	0	0	
Norfolk Island	0	0	0	0	0	0	0	0	0	0	0	0	0	
Northern Mariana Islands	0	0	0	104	0	0	0	0	0	0	0	0	0	
Norway	27,441	38,471	37,372	57,884	50,931	72,432	75,664	70,382	53,248	65,733	80,166	75,172	83,270	
Oman	300	211	168	1,323	844	1,710	3,066	1,153	1,328	781	2,725	3,017	1,764	
Pakistan	875	1,724	1,676	1,806	9,045	2,709	4,807	1,861	1,900	9,803	4,450	11,672	13,719	
Palestine, State of	0	0	0	1	0	0	1	2	17	11	101	14	0	
Panama	2,255	1,332	511	1,705	1,161	119	67	210	1,812	222	3,350	1,889	611	
Papua New Guinea	97	338	160	109	12	167	400	668	0	0	71	963	49	
Paraguay	19	182	0	934	138	93	21	97	48	434	321	36	171	
Peru	196	937	2,155	482	1,608	2,004	2,879	2,029	1,691	5,149	6,476	1,637	5,741	
Philippines	2,799	1,965	5,688	2,385	4,749	2,467	1,143	10,091	4,723	2,286	3,828	3,485	6,634	
Pitcairn	0	0	5	0	0	0	0	0	0	0	0	0	0	
Poland	84,765	92,517	118,272	128,460	182,756	235,947	265,803	298,331	205,557	277,309	345,751	296,854	320,402	
Portugal	69,900	57,479	52,978	67,164	50,418	72,303	105,502	63,091	47,396	45,977	42,435	32,160	39,991	
Qatar	584	418	758	1,222	5,774	1,889	2,468	2,751	9,380	2,967	5,147	7,987	4,862	
Republic of Moldova	956	782	1,275	367	369	530	400	477	199	1,232	170	418	298	
Romania	10,255	5,716	8,936	18,065	20,678	36,576	52,369	77,485	39,750	46,823	53,789	53,322	51,377	
Russian Federation	28,550	39,274	45,672	84,431	74,533	144,637	196,221	205,069	140,625	132,178	161,460	174,294	199,836	
Rwanda	533	323	528	366	304	719	202	1,510	6	19	25	30	86	
Saint Helena	0	0	0	0	0	0	0	0	0	0	0	0	0	
Saint Kitts and Nevis	0	0	0	0	0	0	0	0	0	0	0	0	0	
Saint Lucia	31	27	73	0	573	1,039	0	0	0	0	0	259	0	
Saint Vincent and the Grenadines	0	9	1	19	247	0	8	32	11	10	6	14	15	
Samoa	0	0	0	4	0	0	0	0	0	0	0	0	0	
Sao Tome and Principe	0	0	0	6	3	4	5	11	0	26	0	0	0	
Saudi Arabia	17,737	27,954	28,828	28,578	28,750	33,451	39,939	53,612	45,096	59,317	59,601	58,430	52,291	
Senegal	2,082	2,727	1,826	2,451	2,037	1,740	1,925	1,168	454	3,101	4,560	799	4,549	
Serbia	0	0	0	0	0	3,845	8,095	7,376	4,914	6,928	8,710	8,204	5,898	
Serbia and Montenegro	2,065	2,214	3,227	4,432	7,629	0	0	0	0	0	0	0	0	
Seychelles	9	6	35	1	28	33	4	0	850	237	1,032	288	122	
Ship stores and bunkers	0	0	0	0	0	36	0	2,361	0	41	0	0	0	
Sierra Leone	372	382	176	153	25	5	5	630	226	350	201	377	292	
Singapore	11,978	8,582	14,048	14,873	9,526	15,834	30,966	17,310	23,478	61,260	38,894	40,772	35,190	
Slovakia	3,736	6,210	9,632	19,098	28,182	31,840	48,317	78,939	42,136	56,057	57,900	52,532	55,462	
Slovenia	23,094	18,419	22,832	33,464	38,685	41,818	34,303	42,114	23,146	41,517	58,297	46,712	40,212	
Solomon Islands	0	49	17	55	136	117	3	49	0	15	4	0	0	
Somalia	0	76	0	0	0	255	0	0	0	0	23	51	1	
South Africa	11,621	14,005	16,786	19,503	24,652	27,551	24,090	21,165	35,770	40,323	63,267	48,995	50,191	
Spain	239,434	386,107	289,395	447,610	454,086	457,198	565,151	418,732	272,791	265,119	296,370	260,059	295,333	
Special categories	39,617	33,942	2	2	238,532	278,994	305,139	57,991	23,769	10,483	19,491	18,678	11,908	
Sri Lanka	48	30	130	137	123	177	389	2,793	702	1,841	936	502	678	
St. Pierre and Miquelon	37	143	69	26	103	34	12	14	0	18	26	79	14	
Sudan (North + South)	98	141	157	137	46	34	174	84	419	428	259	74	894	
Suriname	498	988	428	578	1,604	297	1,100	389	856	1,215	719	799	1,333	
Swaziland	8	82	27	458	0	0	85	0	28	0	6	0	0	
Sweden	81,028	95,040	144,319	157,272	171,073	183,284	234,834	248,511	167,352	170,302	217,995	187,647	201,920	
Switzerland	113,870	105,608	133,938	159,215	189,550	174,834	194,125	237,968	158,925	203,129	409,223	153,716	166,326	
Syrian Arab Republic	1,450	829	1,975	1,734	2,213	1,157	693	893	1,104	509	430	127	184	
Taipei, Chinese	9,681	8,510	13,572	24,449	25,177	16,360	19,976	15,633	17,441	17,299	26,639	6,686	13,074	
Tajikistan	0	8	1	19	0	723	10	1,732	1,847	147	31	755	38	
Tanzania, United Republic of	239	684	1,121	972	1,941	1,967	3,362	2,694	2,480	1,199	3,072	3,470	2,133	
Thailand	4,162	3,462	4,604	6,115	6,640	6,645	4,800	10,356	11,099	17,992	8,440	113,243	15,964	
Timor-Leste	0	0	0	0	0	0	0	0	0	0	13	82	44	
Togo	113	130	219	466	82	449	217	169	21	133	308	1,207	612	
Tokelau	0	0	0	0	0	0	0	0	0	0	0	0	0	
Tonga	0	0	0	0	0	0	0	0	0	0	0	0	0	
Trinidad and Tobago	849	1,732	4,119	4,761	3,331	1,641	1,703	4,709	2,250	1,836	3,979	4,828	2,767	
Tunisia	10,050	6,083	4,751	7,370	4,543	3,174	5,419	4,459	3,959	6,281	2,485	3,514	3,771	
Turkey	26,012	27,314	32,088	75,356	92,484	114,134	176,775	117,087	70,604	130,545	172,209	140,326	127,311	
Turkmenistan	138	198	477	163	1,521	11	69	34	5,479	4,130	6,595	3,130	1,818	
Turks and Caicos Islands	0	0	0	0	0	0	0	0	0	0	0	0	0	
Tuvalu	0	0	0	0	0	2	0	0	0	0	0	0	0	
Uganda	593	164	139	262	105	28	173	776	126	1,198	389	2,152	810	
Ukraine	15,670	14,206	22,949	18,763	26,432	47,430	30,361	21,764	8,216	19,740	53,112	11,706	24,642	
United Arab Emirates	11,266	18,050	33,178	30,083	35,590	81,146	66,764	68,763	48,185	70,162	104,617	94,823	52,051	
United Kingdom	795,691	656,598	595,583	604,582	656,482	650,996	755,219	820,115	499,338	562,736	566,519	487,933	482,866	
United States Minor Outlying Islands	0	0	1	15	168	49	89	26	11	25	205	21	38	
United States of America	283,210	266,899	255,293	313,065	388,404	456,715	397,069	427,817	419,887	376,296	550,483	401,828	468,476	
Uruguay	292	177	103	58	147	497	254	748	202	200	458	177	190	
Uzbekistan	42	371	1,302	1,462	3,275	2,436	2,555	3,211	8,050	1,843	378	3,306	4,549	
Vanuatu	3	1	9	97	0	0	0	0	0	0	0	0	0	
Venezuela	1,544	2,038	1,500	2,332	2,146	1,212	1,849	7,927	4,005	4,800	2,028	5,725	1,225	
Viet Nam	1,541	3,104	6,055	3,252	667	362	3,856	8,455	2,268	5,341	6,912	4,692	6,540	
Wallis and Futuna Islands	0	7	0	0	0	0	0	0	0	0	0	0	0	
Yemen	32	197	733	648	1,225	3,341	2,795	267	266	177	138	314	1,558	
Zambia	40	647	64	258	40	90	945	529	37	49	374	609	222	
Zimbabwe	53	3	49	76	11	18	4	49	19	597	1,005	1,122	54	
