List of importing markets for a product exported by Finland Product: TOTAL All products
"Importers"	"Exported value in 2001"	"Exported value in 2002"	"Exported value in 2003"	"Exported value in 2004"	"Exported value in 2005"	"Exported value in 2006"	"Exported value in 2007"	"Exported value in 2008"	"Exported value in 2009"	"Exported value in 2010"	"Exported value in 2011"	"Exported value in 2012"	"Exported value in 2013"	
World	44,300,008	44,517,738	52,503,237	60,915,848	65,238,316	77,279,103	89,798,885	96,896,071	62,919,385	69,550,512	79,205,286	73,156,106	74,259,826	
Afghanistan	7	367	547	274	1,359	2,551	3,801	7,010	2,016	1,656	6,246	2,291	2,166	
Africa not elsewhere specified	0	0	0	0	0	0	192	17	0	0	0	0	0	
Albania	24,220	2,772	3,137	11,568	3,622	4,782	4,993	7,277	5,213	6,257	4,570	3,612	2,511	
Algeria	67,816	72,192	92,427	120,045	89,348	130,835	204,975	170,448	151,491	224,310	194,642	213,957	267,973	
Andorra	579	429	169	418	331	510	67	115	156	554	165	105	506	
Angola	1,326	1,087	1,032	2,850	1,332	2,773	11,696	19,096	32,261	64,469	15,824	14,252	3,658	
Anguilla	95	8	74	18	2,539	3,149	553	6,785	28	44	26	50	65	
Antigua and Barbuda	299	408	13,742	1,437	1,286	16,606	9,497	3,730	1,348	1,798	3,300	281	184	
Area Nes	1,251,833	1,258,224	1,551,057	1,995,337	1,079,482	2,712,258	0	0	0	0	0	0	0	
Argentina	64,737	20,867	52,923	60,051	105,535	86,987	106,322	149,179	68,509	110,856	162,227	131,057	99,541	
Armenia	1,989	2,284	2,584	4,736	5,348	5,362	6,434	10,884	12,981	7,982	9,452	13,853	13,756	
Aruba	136	33	38	162	1,124	11,854	1,199	8,586	1,431	6,682	19,933	450	444	
Australia	362,377	344,532	370,795	491,071	541,703	507,625	659,586	852,031	387,736	527,310	824,284	757,177	620,447	
Austria	460,142	431,583	510,678	516,178	471,859	574,207	642,984	620,687	421,648	484,082	560,962	519,435	475,113	
Azerbaijan	5,584	6,468	8,432	17,003	64,167	186,871	112,812	165,771	56,870	56,285	49,542	48,610	69,161	
Bahamas	133	2,044	16,944	3,521	1,703	5,294	7,534	4,011	6,137	4,691	8,918	6,564	19,538	
Bahrain	10,727	16,273	25,735	65,757	49,049	57,064	119,471	43,562	9,503	7,852	13,729	8,866	9,688	
Bangladesh	16,309	11,708	8,561	23,376	16,644	27,854	45,354	100,851	31,136	161,363	212,618	50,325	96,747	
Barbados	622	277	290	681	983	1,006	276	442	99	232	114	48	400	
Belarus	22,636	22,172	31,206	44,357	45,659	70,828	87,038	190,726	97,483	103,669	84,534	82,312	126,141	
Belgium	1,041,584	1,152,319	1,385,185	1,522,578	1,489,527	1,657,257	2,194,346	2,418,915	1,590,159	1,773,095	2,078,672	2,051,948	2,350,843	
Belize	41	4	0	5	738	9,555	282	289	636	567	62	52	5,930	
Benin	1,215	818	812	2,281	920	732	1,049	642	505	390	68,007	201	419	
Bermuda	179	10,054	551	649	3,146	1,109	156	56	270	505	746	158	210	
Bhutan	14	23	15	17	20	21	0	4	60	206	4,162	19	132	
Bolivia	3,590	3,501	844	3,160	4,524	6,531	8,411	9,616	2,541	3,748	8,354	4,424	4,496	
Bosnia and Herzegovina	1,509	1,841	4,977	3,121	5,496	11,357	6,454	8,297	3,197	1,544	2,725	3,267	3,259	
Botswana	2,389	2,078	1,251	3,463	1,442	1,131	9,572	2,263	529	243	2,910	2,400	139	
Brazil	385,323	329,125	235,096	376,114	293,059	510,818	660,541	894,644	777,740	666,039	693,652	879,662	580,638	
British Antarctic Territories	0	0	0	0	0	0	0	0	0	0	0	0	0	
British Indian Ocean Territories	4	2	2	0	0	0	3	0	45	0	0	0	0	
British Virgin Islands	4,307	2,690	5,911	3,985	1,157	5,222	9,546	7,742	4,354	51	20,786	25,695	4,312	
Brunei Darussalam	324	263	1,583	401	216	277	353	209	144	345	219	539	392	
Bulgaria	39,338	28,206	27,082	30,788	37,632	74,296	113,270	127,305	72,585	62,861	60,488	71,826	50,001	
Burkina Faso	42	1,737	364	7,404	982	1,703	1,758	5,898	20,584	4,916	3,928	26,821	885	
Burundi	96	9	20	23	112	93	11	32	73	19	171	91	167	
Cabo Verde	144	28	35	48	100	268	483	633	270	890	13,402	1,834	408	
Cambodia	210	248	215	11,285	18,851	10,099	325	1,871	392	238	277	201	184	
Cameroon	7,913	4,990	45,133	10,077	5,013	4,591	7,818	33,661	10,447	7,260	14,544	40,908	7,621	
Canada	347,552	366,838	565,793	596,530	675,244	646,298	687,993	681,284	622,325	810,572	1,215,704	694,667	878,139	
Cayman Islands	4,576	1,219	11,700	23	0	5,857	1,444	14	807	81	373	11,051	10	
Central African Republic	10	49	138	176	34	15	83	82	0	0	36	11	92	
Chad	92	105	596	171	9,565	454	821	1,158	1,969	20,857	57,170	209	1,783	
Chile	71,986	106,665	192,440	152,641	387,280	211,303	199,634	218,338	207,615	165,673	315,525	368,360	276,824	
China	1,157,044	1,121,489	1,432,124	2,429,889	1,927,224	2,468,972	2,961,719	3,044,208	2,480,876	3,497,039	3,556,593	3,190,071	3,489,020	
Christmas Islands	0	1	0	2	0	8	0	0	0	0	0	0	0	
Cocos (Keeling) Islands	1	0	0	0	0	0	28	0	64	0	231	0	0	
Colombia	37,516	37,461	62,116	64,091	146,443	132,406	97,564	123,259	77,118	66,899	84,040	95,236	159,885	
Comoros	0	0	20	4	0	0	7	0	419	0	0	0	0	
Congo	1,214	851	798	1,042	1,091	3,019	3,157	8,397	2,381	1,536	4,025	7,786	5,883	
Cook Islands	2	6	13	0	0	14	0	2	76	0	0	3	0	
Costa Rica	8,972	15,332	26,803	25,239	14,921	14,935	12,667	7,900	6,717	10,867	4,696	9,808	7,579	
Côte d'Ivoire	9,906	8,579	7,529	4,888	5,454	6,362	8,344	8,134	51,691	6,547	4,910	5,563	5,848	
Croatia	32,342	31,635	35,518	40,454	32,728	46,782	66,982	89,848	55,902	53,748	46,458	31,689	24,624	
Cuba	3,028	1,610	1,635	5,068	9,982	8,258	5,354	5,692	2,853	2,430	3,062	6,406	6,112	
Cyprus	14,867	13,287	14,388	77,321	176,413	63,977	40,989	271,133	274,173	27,135	23,434	25,240	216,056	
Czech Republic	214,843	195,499	234,231	252,068	271,680	393,376	501,625	518,531	303,728	301,733	353,523	318,285	304,259	
Democratic Republic of the Congo	492	129	792	1,232	1,408	741	2,287	8,133	1,243	820	2,414	7,823	1,783	
Denmark	1,063,844	1,060,525	1,147,602	1,332,325	1,535,620	1,615,840	1,775,536	2,030,782	1,060,351	1,156,676	1,370,147	1,125,536	1,168,411	
Djibouti	304	564	1,043	1,800	4,963	6,373	6,663	2,304	3,497	3,233	4,982	1,773	389	
Dominica	477	57	33	0	14	12	288	172	0	6	819	9	7	
Dominican Republic	8,310	12,211	8,308	26,478	7,996	26,705	18,217	39,031	19,806	29,643	55,554	124,189	19,732	
Ecuador	13,470	57,740	68,143	39,415	54,230	28,046	42,060	48,272	48,413	48,709	48,821	64,419	27,232	
Egypt	145,027	148,866	124,295	187,952	258,035	299,460	363,862	402,124	338,699	443,889	327,648	431,290	333,867	
El Salvador	26,914	7,502	8,531	9,238	10,211	31,422	15,310	50,429	11,970	11,560	9,446	4,321	5,707	
Equatorial Guinea	63	1,854	633	171	34	73	174	1,075	1,486	956	4,874	2,456	124	
Eritrea	823	602	921	1,331	646	406	130	961	135	89	1,128	3,087	324	
Estonia	970,303	1,148,777	1,270,517	1,707,465	1,685,016	2,215,273	2,403,466	2,124,339	1,151,429	1,402,264	1,753,570	2,080,570	2,201,020	
Ethiopia	3,466	2,152	9,605	29,973	12,636	15,460	10,465	8,122	4,103	1,909	8,354	6,663	14,336	
Europe Othr. Nes	259,503	249,467	0	0	0	0	0	0	0	0	0	0	0	
Falkland Islands (Malvinas)	0	1	4	55	0	14	280	204	114	122	31	0	1	
Faroe Islands	1,077	3,018	1,298	2,832	1,521	1,560	3,603	4,496	1,695	2,636	1,501	1,541	4,037	
Fiji	5,787	69	139	94	335	136	296	173	193	120	2,536	255	178	
France	1,974,071	1,974,389	1,892,054	2,068,978	2,209,759	2,467,017	3,020,076	3,383,948	2,167,032	2,230,970	2,330,352	2,072,693	2,254,719	
French Polynesia	65	10,920	1,300	1,751	766	1,281	4,491	8,830	1,718	8,435	760	1,425	671	
French South Antarctic Territories	0	34	0	18	2	424	25	27	589	68	2,549	1,725	2,244	
Gabon	459	608	652	939	208	6,380	1,958	6,512	1,749	1,387	19,871	2,566	11,709	
Gambia	103	100	60	93	157	308	472	598	210	8,350	4,459	545	1,353	
Georgia	9,905	4,097	3,082	8,192	21,511	21,567	21,583	32,114	13,183	15,529	10,092	12,664	11,125	
Germany	5,331,358	5,123,508	6,027,678	6,269,271	6,800,766	8,187,571	9,806,281	9,692,068	5,898,408	6,365,063	7,164,252	6,191,956	6,675,633	
Ghana	6,078	5,603	7,947	18,348	12,126	22,070	17,361	23,510	59,327	24,131	35,953	35,062	38,996	
Gibraltar	128	170	336	9,781	1,188	219	8,347	2,753	23,828	26,166	21,216	9,472	43,329	
Greece	323,592	360,318	435,281	373,125	329,754	387,582	505,547	488,405	305,516	232,988	196,238	137,337	150,445	
Greenland	1,727	1,902	2,243	1,849	2,561	4,361	5,628	6,983	4,925	4,346	4,021	4,517	2,210	
Grenada	196	83	140	484	4,474	126	655	1,018	1,843	194	413	2	0	
Guatemala	7,662	105,717	10,463	16,321	16,472	12,213	18,714	17,624	11,964	17,003	6,162	5,510	4,438	
Guinea	382	961	5,729	24,547	6,701	3,732	1,916	1,642	11,925	1,541	3,012	694	1,777	
Guinea-Bissau	3	0	6	0	53	0	129	59	155	0	160	11	0	
Guyana	153	258	185	1,350	182	6,148	1,395	91,002	23,489	1,264	22,641	6,029	25,820	
Haiti	671	292	446	239	529	134	329	437	69	2,229	430	9,923	164	
Honduras	2,320	280	12,449	125,442	7,809	22,293	11,269	15,121	5,135	3,603	1,835	1,466	3,791	
Hong Kong, China	432,319	498,062	456,348	449,670	398,821	410,353	337,380	377,680	295,869	526,296	504,296	452,054	532,045	
Hungary	288,567	316,286	396,151	533,600	423,685	517,971	484,646	519,531	317,533	294,573	334,948	450,540	262,002	
Iceland	32,692	31,568	37,257	43,400	55,552	64,733	78,281	64,173	54,092	199,331	35,358	35,214	33,121	
India	194,972	177,985	226,581	311,575	335,307	390,564	621,975	782,082	591,093	765,093	812,411	582,954	609,912	
Indonesia	74,633	62,016	77,831	150,778	237,051	233,896	224,948	248,304	121,147	127,090	188,951	244,070	159,257	
Iran (Islamic Republic of)	88,024	68,219	162,022	175,094	200,418	246,392	169,697	206,539	104,122	84,905	80,004	69,384	68,498	
Iraq	9,296	7,989	24,481	23,048	171,247	116,708	154,339	272,765	44,597	23,223	45,276	26,823	66,972	
Ireland	343,596	332,346	256,220	270,684	410,312	282,783	315,748	444,298	233,944	217,194	163,311	143,920	126,417	
Israel	159,796	165,838	139,561	153,230	190,489	219,693	237,312	273,856	241,807	209,257	202,667	193,937	202,445	
Italy	1,543,844	1,434,723	2,017,739	1,743,936	1,976,094	2,373,800	2,513,312	3,193,727	1,776,995	1,627,991	1,722,602	1,620,872	1,639,172	
Jamaica	4,632	1,254	9,791	7,419	5,746	28,895	5,045	7,218	2,869	2,030	23,562	743	464	
Japan	760,993	894,551	1,003,680	959,449	917,564	1,055,513	1,610,024	1,745,429	743,686	830,805	1,016,360	1,088,386	1,137,972	
Jordan	29,310	29,828	32,064	84,620	171,889	240,273	322,004	180,281	78,330	46,098	70,651	70,111	190,336	
Kazakhstan	89,909	64,591	88,194	185,621	218,366	281,491	460,309	560,943	349,205	236,523	225,296	208,596	196,305	
Kenya	14,344	14,025	7,775	18,860	13,145	29,531	58,994	75,860	16,798	95,615	20,083	13,487	28,403	
Kiribati	0	1	0	3	0	0	0	0	0	0	0	0	0	
Korea, Democratic People's Republic of	1,095	169	1,285	71	2,336	250	281	180	385	573	8	149	11,178	
Korea, Republic of	342,994	338,061	331,422	352,869	481,239	461,102	793,673	843,537	708,766	809,582	685,876	793,643	1,025,093	
Kuwait	32,896	56,735	58,519	102,201	128,192	127,707	173,953	163,221	30,923	25,640	30,751	24,537	34,301	
Kyrgyzstan	3,975	3,132	1,872	4,483	3,412	13,550	15,833	18,828	13,033	7,126	31,926	58,311	3,839	
Lao People's Democratic Republic	1,197	295	81	14,926	290	477	705	7,777	408	650	4,632	31,797	751	
Latvia	272,519	296,997	351,184	415,984	514,984	583,324	646,508	598,399	254,036	394,127	601,980	606,632	652,405	
Lebanon	34,660	38,812	30,657	69,950	49,127	46,467	84,049	49,752	34,855	30,887	27,333	29,458	110,601	
Lesotho	74	0	0	19	0	126	39	0	35	0	411	145	1	
Liberia	333	32	239	349	171	970	1,012	1,368	804	611	814	428	2,554	
Libya	4,434	10,174	8,868	8,660	17,156	19,293	18,935	27,043	45,582	15,109	8,522	11,583	19,349	
Lithuania	205,063	249,863	289,232	324,158	385,352	463,480	566,990	562,651	238,850	265,032	442,897	376,090	437,040	
Luxembourg	35,207	35,864	46,888	68,748	71,088	42,569	47,702	58,309	14,408	15,248	22,313	19,070	23,410	
Macao, China	990	2,782	1,682	522	1,905	1,459	1,850	2,335	1,478	1,815	1,423	2,489	1,714	
Macedonia, The Former Yugoslav Republic of	6,096	4,879	7,623	7,984	7,743	8,052	11,906	13,601	10,467	3,326	4,300	2,316	3,760	
Madagascar	712	65	551	1,073	241	6,069	30,063	3,557	1,691	2,266	1,861	811	1,151	
Malawi	1,746	614	507	1,456	4,197	2,559	8,096	2,203	3,660	1,707	1,343	1,656	2,398	
Malaysia	146,787	119,606	112,621	163,865	180,468	203,551	273,141	242,861	142,493	160,477	194,212	226,053	272,279	
Maldives	3,871	1,453	188	1,761	870	479	221	413	354	455	536	400	393	
Mali	1,619	2,626	1,753	6,053	351	390	1,460	1,700	2,664	19,513	8,022	3,493	3,385	
Malta	3,242	42,579	3,882	3,430	8,108	17,975	7,949	8,019	35,434	28,572	27,381	4,113	3,672	
Marshall Islands	2	6	0	3	4	25	22	35	7,769	113	12	4,147	16,287	
Mauritania	72	111	104	294	2,221	2,195	3,523	1,457	18,186	1,453	2,418	18,411	20,960	
Mauritius	3,183	4,483	12,779	84,722	180,292	95,580	29,265	20,343	3,365	4,322	3,647	2,606	1,057	
Mayotte	196	14	16	91	547	152	15,663	1,586	157	135	18	491	8,707	
Mexico	216,933	97,130	150,072	154,876	164,079	222,461	272,650	265,193	140,627	235,833	225,357	281,032	439,581	
Micronesia (Federated States of)	0	1	0	0	0	0	4	130	0	0	44	0	0	
Mongolia	2,585	1,551	2,110	1,749	2,169	3,182	7,518	3,887	3,001	14,040	10,671	15,015	21,071	
Montenegro	0	0	0	0	0	551	9,211	4,103	1,861	1,134	625	242	419	
Montserrat	0	0	0	0	0	0	0	0	0	0	0	121	0	
Morocco	69,477	56,154	57,598	98,508	80,238	93,892	142,237	301,709	102,830	94,317	127,600	118,132	115,306	
Mozambique	1,546	1,878	2,620	1,889	7,588	7,865	10,405	5,701	3,722	1,962	3,548	1,561	34,291	
Myanmar	798	874	217	711	573	281	102	660	396	509	111	19,919	2,644	
Namibia	1,058	1,311	925	1,559	1,219	8,124	18,174	3,512	2,938	3,534	3,408	46,251	2,854	
Nauru	64	5	0	0	0	0	22	12	6	0	0	0	0	
Nepal	1,250	374	908	815	811	704	1,091	594	456	3,100	3,107	2,993	2,239	
Netherland Antilles	6,565	1,761	3,372	3,104	6,287	4,352	5,356	8,521	28,996	21,440	4,709	1,086	1,662	
Netherlands	1,636,234	1,930,738	2,339,129	2,965,434	3,077,685	3,883,359	5,007,204	4,981,841	3,573,114	4,260,676	5,186,171	4,383,648	4,406,875	
New Caledonia	670	526	2,129	1,613	2,710	4,500	2,923	2,153	1,166	5,292	1,870	3,515	3,989	
New Zealand	64,475	46,112	62,882	102,227	95,635	76,574	83,740	91,934	65,980	74,156	102,211	94,958	86,118	
Nicaragua	570	626	981	1,599	1,568	2,167	1,720	1,525	1,217	711	1,008	617	780	
Niger	2,165	266	254	375	1,930	526	431	729	391	577	384	1,375	1,230	
Nigeria	19,998	19,603	14,608	35,015	61,406	123,995	142,954	99,860	85,845	63,120	31,149	70,416	38,135	
Niue	18	8	1	0	0	0	0	3	0	0	0	0	0	
Norfolk Island	0	1	0	0	0	0	0	0	0	0	0	0	0	
Northern Mariana Islands	20	19	42	56	82	37	34	45	8	8	14	2	1	
Norway	1,092,669	1,033,339	1,223,352	1,794,297	1,624,717	1,982,144	2,801,503	2,910,723	1,735,330	1,676,786	2,006,411	2,092,975	1,979,190	
Oman	13,582	17,125	14,771	19,097	21,187	34,041	73,226	67,790	19,697	53,073	26,607	24,342	25,337	
Pakistan	18,119	27,892	37,330	108,623	115,844	121,365	158,626	182,785	121,536	85,911	70,179	68,892	44,353	
Palau	0	0	0	2	1	24	31	0	0	0	0	0	0	
Palestine, State of	121	81	0	23	88	58	945	225	284	473	1,000	868	983	
Panama	7,636	10,850	5,826	8,468	12,357	10,816	21,919	18,949	13,644	21,702	19,358	9,631	11,915	
Papua New Guinea	2,215	1,632	655	407	302	413	1,275	2,265	28,460	5,321	3,617	13,090	1,090	
Paraguay	475	631	758	1,483	3,037	1,376	4,510	6,178	1,328	3,042	2,072	2,613	4,064	
Peru	41,674	32,302	27,950	44,314	60,537	55,542	67,180	138,872	48,193	72,538	90,248	113,787	111,176	
Philippines	345,588	112,490	169,834	146,515	87,282	126,338	120,488	136,628	109,643	120,980	151,252	177,648	177,950	
Pitcairn	0	3	7	92	0	0	0	0	4	0	0	0	0	
Poland	809,302	721,369	940,792	983,983	1,257,310	1,469,876	2,120,085	3,125,094	1,824,914	1,593,700	1,945,097	1,602,015	1,620,266	
Portugal	239,101	263,411	301,968	300,529	347,935	244,585	318,263	463,195	410,928	198,095	202,162	142,321	139,339	
Qatar	5,562	9,191	8,054	30,709	45,240	92,027	142,720	112,421	86,486	29,123	30,255	37,956	33,369	
Republic of Moldova	4,550	8,969	31,505	12,969	18,656	10,933	14,133	18,431	12,682	9,685	14,193	24,772	8,420	
Romania	29,912	37,248	55,316	56,684	113,238	159,245	228,572	283,122	183,403	172,523	197,394	147,340	188,799	
Russian Federation	2,540,082	2,891,986	3,861,577	5,321,518	7,070,632	7,718,014	9,203,062	11,255,832	5,420,213	6,026,708	7,175,632	7,047,567	6,864,856	
Rwanda	454	163	358	126	16	215	2,443	22,698	3,014	381	19,333	1,876	270	
Saint Helena	0	1	28	0	0	25	13	0	0	6	0	0	0	
Saint Kitts and Nevis	21	5,416	21	20	209	42	134	246	63	281	44	3	1,171	
Saint Lucia	714	282	596	25,301	17,609	201	363	257	1,350	781	102	8,849	22	
Saint Vincent and the Grenadines	30	10,086	9,718	52	688	165	252	75	390	635	933	831	321	
Samoa	800	1	5	0	2	0	0	0	2	3	0	19	30	
Sao Tome and Principe	2	66	92	7	0	0	64	310	2	0	19	5	0	
Saudi Arabia	246,802	349,196	429,657	247,824	802,159	1,019,254	1,075,046	913,189	345,572	253,766	409,617	446,622	457,643	
Senegal	1,692	16,125	2,664	3,555	17,527	50,950	14,386	45,385	11,075	19,951	16,587	36,319	8,381	
Serbia	0	0	0	0	0	21,456	60,194	61,494	27,641	31,278	39,014	49,907	27,444	
Serbia and Montenegro	5,038	7,243	15,302	18,094	14,809	0	0	0	0	0	0	0	0	
Seychelles	410	6,890	345	939	1,185	5,654	18,086	1,003	1,445	14,707	1,033	457	749	
Ship stores and bunkers	0	0	0	0	0	69,766	58,661	33,738	23,741	27,845	424,880	364,270	352,755	
Sierra Leone	103	557	428	629	458	859	3,766	1,620	421	14,013	6,833	1,581	2,222	
Singapore	239,580	145,413	197,787	278,461	199,304	280,344	349,363	361,506	316,662	330,017	311,414	283,684	296,739	
Slovakia	70,421	78,809	96,587	84,932	76,460	130,605	164,979	209,625	129,443	144,475	142,860	143,092	121,526	
Slovenia	27,529	34,474	34,725	45,509	73,151	137,618	144,983	184,447	98,495	92,712	118,276	78,341	76,864	
Solomon Islands	0	18	0	0	192	38	41	40	13	5	380	3	13	
Somalia	40	1	60	14	82	3	132	136	73	41	8	9	187	
South Africa	244,151	213,996	292,798	358,913	465,427	641,309	749,011	642,598	283,242	337,748	436,951	613,889	459,482	
Spain	1,025,157	1,057,467	1,391,771	1,535,142	1,581,115	1,818,266	2,470,054	2,789,293	1,277,205	1,234,420	1,200,267	925,718	917,129	
Special categories	0	0	0	0	0	0	0	0	4,308,984	5,352,722	6,610,058	5,423,298	5,145,657	
Sri Lanka	11,703	12,870	33,815	40,431	10,108	25,535	11,503	6,757	6,545	7,869	8,235	18,144	6,037	
St. Pierre and Miquelon	0	0	1	0	0	0	0	0	1	0	0	0	9,180	
Sudan (North + South)	16,849	2,774	19,275	55,029	59,597	7,282	38,295	70,563	11,176	56,189	30,148	6,021	7,236	
Suriname	902	4,979	342	583	1,261	581	550	10,563	1,932	975	497	895	18,416	
Swaziland	16	551	19	15	32	25	42	190	32	94	154	18	14	
Sweden	3,660,099	3,720,891	5,086,943	6,604,143	6,981,888	8,050,438	9,629,543	9,741,141	5,841,349	7,464,827	8,755,054	7,517,183	8,010,286	
Switzerland	642,630	602,343	499,757	595,099	587,292	772,084	851,292	840,613	679,372	796,555	955,785	650,244	561,132	
Syrian Arab Republic	25,194	28,120	37,103	35,693	47,195	40,782	60,151	96,486	60,725	87,185	41,977	12,179	8,898	
Taipei, Chinese	211,156	123,929	325,096	348,989	254,069	343,444	496,481	319,626	290,568	267,244	233,726	232,245	238,109	
Tajikistan	553	297	765	1,120	454	2,205	2,284	2,195	4,168	4,197	3,089	2,761	1,247	
Tanzania, United Republic of	9,190	10,745	14,349	18,284	14,531	18,010	107,938	91,450	29,900	11,756	14,180	9,412	13,371	
Thailand	362,350	246,204	145,572	188,474	182,980	206,598	207,782	214,391	120,053	231,318	195,624	199,779	169,219	
Timor-Leste	2	0	0	0	0	0	0	0	3	3	16,964	45,097	15	
Togo	91	318	99	391	266	160	467	1,439	59,124	4,386	1,261	206,272	37,429	
Tokelau	84	180	21	23	323	102	73	494	92	487	151	0	0	
Tonga	4	0	0	0	0	0	4	0	7	111	55	8	0	
Trinidad and Tobago	3,854	744	2,649	520	1,400	3,369	9,273	36,220	2,937	3,663	3,008	749	2,338	
Tunisia	44,055	44,912	58,866	70,907	58,323	57,934	89,584	87,579	58,427	69,307	66,984	58,508	67,012	
Turkey	218,956	312,021	399,226	526,905	760,828	828,563	914,864	948,896	644,336	966,856	1,042,189	844,827	859,585	
Turkmenistan	1,730	1,716	3,148	2,714	4,003	6,245	7,782	9,714	6,131	35,037	38,429	21,528	11,490	
Turks and Caicos Islands	137	23	13	85	59	59	117	271	4	7,593	5,133	142	9	
Tuvalu	0	6	0	0	0	262	0	95	0	0	0	0	0	
Uganda	2,093	1,673	3,852	5,369	10,475	22,158	57,407	28,029	7,980	4,382	2,655	2,551	3,895	
Ukraine	138,199	166,794	217,498	306,189	374,626	559,971	712,941	927,871	375,576	389,536	472,949	470,088	410,916	
United Arab Emirates	363,692	542,006	1,247,074	1,240,181	1,393,228	1,027,723	1,153,101	946,858	364,650	322,807	526,454	299,522	228,753	
United Kingdom	4,181,823	4,192,091	4,140,061	4,172,223	4,332,729	4,820,989	5,248,753	5,310,146	3,009,539	2,964,642	3,722,026	3,356,889	3,580,490	
United States Minor Outlying Islands	43	20	10	20	330	55	72	213	118	694	199	284	551	
United States of America	4,182,412	3,877,749	4,148,626	3,717,590	3,721,668	4,763,606	5,740,607	6,128,781	4,613,669	4,480,113	3,643,265	4,292,541	4,347,992	
Uruguay	8,548	3,850	4,619	6,217	11,630	198,722	93,514	40,262	26,623	40,898	36,740	247,783	68,083	
Uzbekistan	19,004	14,327	11,834	12,006	19,385	17,565	27,316	78,090	39,493	25,876	21,754	31,940	25,609	
Vanuatu	37	1	21	54	0	50	44	34	78	137	109	3	33	
Venezuela	97,272	51,242	21,427	28,181	42,461	72,804	79,829	102,314	83,363	53,666	53,721	68,432	63,477	
Viet Nam	28,462	34,545	41,132	71,882	43,551	52,759	84,050	103,955	95,246	84,259	88,316	90,940	115,759	
Wallis and Futuna Islands	0	0	0	42	1	0	0	0	0	58	0	0	0	
Yemen	3,208	26,510	6,823	63,292	20,174	22,745	14,544	19,210	37,213	32,244	3,123	4,473	8,271	
Zambia	10,759	9,778	10,819	10,434	9,707	35,937	32,683	33,047	8,805	44,566	54,504	36,245	32,334	
Zimbabwe	4,581	6,178	7,046	4,407	3,275	3,342	8,479	9,903	6,636	6,331	12,132	7,801	6,365	
