List of importing markets for a product exported by Azerbaijan Product: TOTAL All products
"Importers"	"Exported value in 2001"	"Exported value in 2002"	"Exported value in 2003"	"Exported value in 2004"	"Exported value in 2005"	"Exported value in 2006"	"Exported value in 2007"	"Exported value in 2008"	"Exported value in 2009"	"Exported value in 2010"	"Exported value in 2011"	"Exported value in 2012"	
World	2,314,282	2,167,500	2,591,719	3,615,450	4,347,151	6,372,165	6,058,319	47,756,229	14,688,728	21,278,420	26,480,189	23,827,186	
Afghanistan	191	694	615	2,195	11,679	32,210	47,580	81,207	57,581	69,420	100,194	119,916	
Albania	2	0	0	1,654	0	637	11,191	8,348	2,735	6,940	10	0	
Algeria	62	0	178	0	1	4	0	31,402	385	39,487	2,242	2,867	
Andorra	0	0	0	0	0	0	0	0	0	0	0	0	
Angola	88	35	0	342	0	98	7	2	15	25	2	23	
Anguilla	0	0	15	0	0	525	0	53	42	0	0	0	
Area Nes	0	0	0	13	0	0	0	465	140,740	454	718	991	
Argentina	15,022	2,081	0	6	115	91	70	96	56	17	13,422	25	
Aruba	0	0	0	0	0	0	0	0	0	29	145	84	
Australia	13	1	88	90	14	18	119	114	211	26,321	107	31,172	
Austria	64	12	434	1,121	1,566	2,126	2,542	2,630	9,022	779	3,965	139,980	
Bahamas	0	0	0	0	0	0	0	64,676	0	0	0	0	
Bahrain	0	0	0	0	5	4	5	7	0	510	8	15	
Bangladesh	0	0	0	1	0	0	0	0	0	9	0	0	
Barbados	0	0	0	0	0	0	0	0	0	0	0	0	
Belarus	1,029	914	954	789	1,175	1,471	2,324	5,205	5,171	7,210	666,771	11,691	
Belgium	619	1,223	1,434	692	6,307	9,541	14,820	1,061	17,088	1,287	2,889	2,684	
Belize	0	0	0	0	0	0	0	0	0	0	25	0	
Benin	0	0	0	0	0	0	0	0	0	15,873	0	0	
Bermuda	0	0	0	0	0	0	0	0	32	18	15	42	
Bolivia	17	0	0	0	0	0	0	0	0	0	0	0	
Bosnia and Herzegovina	3	5	0	0	0	0	0	0	0	2	0	2	
Botswana	0	0	0	0	0	0	0	0	0	0	0	0	
Brazil	247	6,894	0	14	7	29	69,175	182,709	86	186	96	316	
British Indian Ocean Territories	0	0	0	0	0	0	0	0	0	0	0	0	
British Virgin Islands	46	781	0	0	44	6,281	1,509	339	53	0	0	0	
Brunei Darussalam	9	0	0	0	0	0	0	0	0	8	26	3	
Bulgaria	1,785	2,587	13,934	49,310	100,860	6,308	5,693	194,441	128,471	136,536	410,411	597,562	
Burkina Faso	0	0	263	0	0	0	0	0	0	0	0	0	
Cambodia	1	13	0	0	0	0	0	0	0	7	0	0	
Cameroon	55	41	0	5	0	0	0	0	3	0	0	0	
Canada	547	295	321	238	306	716	2,263	566,529	587,482	317,068	226	8,482	
Cayman Islands	0	0	0	0	0	0	0	0	0	12	15	9	
Central African Republic	0	0	0	0	0	0	0	0	0	0	0	0	
Chile	0	29	0	0	0	0	114,629	933,981	0	0	0	0	
China	2,439	1,312	19,286	31,718	99,238	6,390	10,104	498,968	129,873	338,850	39,011	183,769	
Colombia	0	0	0	0	2	37	373	23	91	6	4	46	
Comoros	0	0	0	0	0	0	0	0	0	0	0	0	
Congo	0	59	0	27	0	0	80	0	0	29	26	15	
Cook Islands	0	0	0	0	0	0	0	0	0	0	0	0	
Costa Rica	0	0	0	0	0	0	0	0	0	0	0	0	
Côte d'Ivoire	0	0	0	0	0	0	0	0	0	0	0	0	
Croatia	24,348	7,277	61,076	109,169	176,910	3,559	39,864	542,657	193,741	787,169	347,711	330,589	
Cuba	1,117	705	1,271	712	407	471	260	304	242	140	0	0	
Cyprus	1	221	3,823	7,731	3,822	26,995	34,389	23,423	1,098	37,906	68,022	23,392	
Czech Republic	62	152	678	238	787	44	373	2	1,492	234	203,904	511,763	
Democratic Republic of the Congo	0	0	0	0	0	0	0	0	0	45	0	0	
Denmark	71	58	32	107	70	52	216	16	819	241	1,422	2,167	
Djibouti	0	176	0	0	0	0	0	0	0	0	0	0	
Dominica	0	0	0	0	0	0	0	0	0	0	0	0	
Dominican Republic	0	0	0	0	0	0	0	0	0	0	0	0	
Ecuador	1	2	0	0	0	0	0	0	0	0	1	16	
Egypt	5,260	175	31	568	38,887	30	39	35,049	14,312	108,439	161,089	24,464	
El Salvador	0	0	0	0	0	0	0	0	0	0	0	0	
Equatorial Guinea	0	264	104	0	0	0	0	0	0	252	1	2	
Eritrea	0	0	0	0	0	0	0	0	0	0	0	0	
Estonia	262	24	180	98	1,463	525	501	761	396	462	664	379	
Ethiopia	0	0	0	0	0	0	0	0	0	6	0	0	
Falkland Islands (Malvinas)	0	0	0	0	0	0	0	0	0	0	0	0	
Fiji	0	0	0	0	0	0	0	0	0	0	0	0	
Finland	64	1	57	28	140	0	81	160,782	294	25	69	49	
France	66,474	166,282	209,725	66,890	406,717	347,580	258,843	2,322,668	1,326,112	1,856,524	4,036,653	1,775,644	
French Polynesia	0	0	0	0	0	0	0	0	0	0	0	0	
Gabon	0	5	0	0	0	0	0	0	0	0	10	12	
Georgia	103,236	80,828	111,460	188,851	208,436	285,275	343,820	490,740	395,008	410,969	535,309	570,726	
Germany	12,864	28,773	7,307	37,597	34,802	9,005	19,731	205,486	86,748	9,906	523,364	964,767	
Ghana	0	3,775	0	0	0	0	0	0	0	2	66	43	
Gibraltar	3,037	95	0	648	5,904	27,775	28,740	0	0	0	0	0	
Greece	50,831	54,124	71,426	20,226	95,673	181,983	115,077	290,884	179,745	255,013	208,124	833,834	
Grenada	0	0	0	0	0	0	0	0	0	0	0	0	
Guatemala	0	0	0	0	0	0	0	0	0	0	0	0	
Guinea	0	0	160	0	684	0	0	0	0	0	0	0	
Guyana	0	0	0	0	0	0	0	0	0	0	0	0	
Haiti	0	0	0	0	0	0	0	0	0	0	0	0	
Honduras	0	0	0	0	0	0	0	0	0	0	0	0	
Hong Kong, China	74	36	7,206	18,067	12,648	50,631	45,763	75,631	7,246	12	0	759	
Hungary	0	2	0	0	1	7	0	6	50	70	35	57	
Iceland	85,854	0	0	0	0	0	0	0	11	6	0	20	
India	803	2,245	1,309	5,385	1,625	1,008	144,948	2,432,497	266,870	299,643	366,848	1,890,656	
Indonesia	14	0	28	129,357	0	13	390,293	1,411,086	660,653	782,161	913,153	1,757,318	
Iran (Islamic Republic of)	9,144	29,884	49,129	153,545	166,468	295,902	434,731	355,648	90,072	124,981	144,829	87,342	
Iraq	0	3	1,479	3,564	10,372	11,994	33,799	59,636	47,233	31,320	99,096	418,427	
Ireland	18	1	1	77	3	14	11	0	4	27	42	27,697	
Israel	164,130	154,057	138,113	323,738	195,063	684,829	369,846	3,605,830	1,236,197	1,744,822	817,575	1,666,619	
Italy	1,324,065	1,082,720	1,345,948	1,614,856	1,315,742	2,845,408	940,929	19,220,144	3,788,439	7,044,154	9,340,999	5,547,998	
Jamaica	0	0	0	0	0	0	0	0	0	0	0	0	
Japan	188	263	19,799	347	18	45	1	145,887	84	164	440	959	
Jordan	26	406	206	4	0	0	138	0	265	20	58	45	
Kazakhstan	6,617	11,570	10,133	9,418	17,166	105,656	127,594	290,249	142,149	44,591	58,281	52,870	
Kenya	0	0	0	1	0	0	0	0	0	0	0	0	
Kiribati	0	0	0	0	0	0	0	0	0	0	0	0	
Korea, Democratic People's Republic of	0	0	1	13	0	0	0	0	0	0	0	0	
Korea, Republic of	1,189	1	966	3,786	489	68,354	124,771	696,815	148,203	218,386	444,220	1,132	
Kuwait	0	0	0	0	0	2	0	0	667	19	60	14	
Kyrgyzstan	256	1,102	175	341	1,835	7,032	2,698	3,585	4,558	40,541	21,151	26,677	
Lao People's Democratic Republic	0	112	0	230	0	0	0	0	0	0	0	0	
Latvia	2,682	2,542	11,116	11,524	5,373	8,378	3,614	3,975	3,363	3,896	14,013	5,716	
Lebanon	8,569	2,573	6,713	15	4,453	15,175	6,004	14,612	17,589	53,556	32,328	31,179	
Liberia	0	0	0	0	0	0	0	0	0	0	0	0	
Libya	0	0	1,351	0	397	28	61	33,903	128,618	162,230	1	142,448	
Lithuania	1,240	3,121	4,872	6,047	4,941	2,774	5,115	5,318	1,276	2,056	5,026	2,685	
Luxembourg	0	4,538	7,731	13,542	5,828	0	0	0	51,263	127	131	173	
Macao, China	0	0	0	0	0	0	0	0	0	0	0	0	
Macedonia, The Former Yugoslav Republic of	0	47	1	0	0	0	0	0	0	1	0	0	
Madagascar	0	0	0	0	0	0	0	0	0	0	0	0	
Malawi	0	0	0	0	0	0	0	0	0	0	0	0	
Malaysia	0	4	1	17	246	0	40	0	387,557	740,784	663,990	370,669	
Maldives	0	0	0	0	0	0	0	0	0	0	0	5	
Malta	8,669	30,173	12,510	15,980	41,688	22,442	119,637	113,451	83,473	116,510	268,578	51,685	
Marshall Islands	424	0	0	0	0	0	0	0	0	0	0	0	
Mauritania	0	0	0	0	0	25	0	0	0	0	0	0	
Mauritius	0	0	0	0	0	0	0	0	0	0	0	0	
Mexico	0	0	992	2	0	0	18	5	21	95	32	544	
Mongolia	316	0	0	0	60	14	23	28	520	348	484	578	
Montenegro	0	0	0	0	0	0	0	0	0	0	4	2	
Morocco	24,282	0	0	0	22	0	0	0	49,306	0	99,244	0	
Mozambique	0	0	0	0	0	0	0	0	0	6	331	0	
Myanmar	0	0	0	0	0	0	1	0	0	0	0	0	
Namibia	0	0	0	0	0	0	0	0	0	70	0	0	
Nauru	0	0	0	0	0	0	0	0	0	0	0	0	
Nepal	0	1	0	0	1	0	97	0	0	0	0	0	
Netherland Antilles	0	0	0	0	0	0	0	0	0	6	0	0	
Netherlands	15,607	9,578	6,373	14,324	2,803	14,642	7,352	1,353,423	66,099	128,902	6,808	10,849	
New Caledonia	0	0	0	0	0	0	0	0	0	0	0	0	
New Zealand	2	0	2	12	3	5	2,521	2,873	1,733	104	55	120	
Nicaragua	0	0	0	0	0	0	0	0	3	0	0	0	
Niger	0	282	0	0	0	0	0	0	1	0	0	0	
Nigeria	604	385	0	2	992	55	2	24,182	10	67	29	33	
Niue	0	0	0	0	0	0	0	0	0	0	0	0	
Norway	1,798	1,030	2,264	1,174	1,605	686	66	109,083	92	1,171	269	2,510	
Oman	0	5	0	0	0	370	14	1	30	30	4,226	1,709	
Pakistan	3,584	2,530	20	4	679	925	1,236	25	140	85	7	15	
Palestine, State of	0	0	0	0	0	0	0	0	0	0	0	0	
Panama	0	0	0	0	32	0	26	4,250	254	17	46	281	
Papua New Guinea	0	0	13	0	0	0	0	0	0	0	0	1	
Paraguay	0	0	0	0	0	0	16	0	0	0	0	0	
Peru	0	0	0	0	0	96	0	0	0	0	1	10	
Philippines	2	0	0	4	0	4	15	0	0	24	646	35	
Poland	1,507	1,636	2,831	2,640	7,365	4,066	3,792	89,925	7,505	5,771	3,110	3,483	
Portugal	0	2,984	31	2,933	8,546	19,215	0	260,992	28,457	224,613	324,860	243,085	
Qatar	0	214	6	6	0	120	10	5	1	63	24	1,525	
Republic of Moldova	70	160	140	141	202	339	109	320	3,746	178	2,543	252	
Romania	9,041	28,354	1,642	82,295	119,120	80,122	85,401	161,078	55,024	94,250	53,042	59,601	
Russian Federation	77,558	95,688	147,822	209,760	285,416	344,259	527,122	582,871	744,952	773,552	1,187,357	959,838	
Rwanda	0	2	0	0	0	0	0	0	0	0	0	0	
Saint Kitts and Nevis	0	0	0	0	0	0	0	0	0	0	0	0	
Sao Tome and Principe	0	0	0	0	0	0	0	0	0	0	0	0	
Saudi Arabia	41	0	78	0	63	1	0	116	1,175	144	10,560	89	
Senegal	0	0	0	7,727	0	0	0	0	0	0	0	0	
Serbia	0	0	0	0	0	0	0	0	0	3	15	22	
Serbia and Montenegro	1,291	2,606	0	0	0	0	0	0	0	0	0	0	
Seychelles	0	0	578	3,077	0	0	7	0	0	0	56	1	
Sierra Leone	0	17	0	0	0	0	0	0	0	40	33	84	
Singapore	33	821	101	2,771	123,094	33,969	9,227	23,730	5,423	510,877	887	250,362	
Slovakia	266	985	983	709	956	162	40	55	1,052	355	146	5	
Slovenia	1,689	4,811	7,084	11,450	3,764	3,463	0	82,121	60,454	4	6	18	
Somalia	0	0	0	0	0	0	0	0	0	0	0	0	
South Africa	45	0	91	9	0	1	2	59,934	55	10	0	4	
Spain	101,816	103,990	43,329	5,611	75,975	52,838	52,826	1,497,693	316,598	178,522	283,793	66,912	
Sri Lanka	14	2	69	5	0	10	0	0	0	0	0	0	
Sudan (North + South)	0	0	0	0	109	20	1,160	340	5	0	0	11	
Suriname	0	38	0	0	0	0	0	0	0	0	0	0	
Swaziland	0	0	0	0	0	0	0	0	0	0	0	0	
Sweden	64	0	6	9	282	78	38	62,842	4,081	99	601	82	
Switzerland	7,720	20,368	297	2,487	1,712	4,827	5,253	1,123	1,903	12,638	86,084	1,215	
Syrian Arab Republic	0	51	916	6,622	288	5	18,057	13	13	110	84	13	
Taipei, Chinese	13	1	0	20	4	13	28	353,921	680,392	294,606	8	650,104	
Tajikistan	12,113	27,979	34,442	46,487	78,937	130,897	51,565	45,602	8,094	8,181	13,212	43,990	
Tanzania, United Republic of	0	0	0	0	0	0	0	0	0	0	3	4	
Thailand	3	304	1	56	13	34,787	5	77,209	285	194,397	135,375	343,709	
Togo	0	0	0	0	0	0	0	25,034	0	0	0	0	
Trinidad and Tobago	32	0	0	0	0	6	7	3	6	17	1	44	
Tunisia	1,931	0	0	228	0	15,423	161	0	0	2,086	0	247,233	
Turkey	67,382	83,397	107,036	182,622	275,959	388,145	1,056,323	626,157	107,588	170,894	455,761	600,025	
Turkmenistan	12,047	8,667	5,827	143,421	273,584	9,525	13,600	21,002	37,477	200,678	43,922	58,916	
Turks and Caicos Islands	0	0	14	0	0	0	0	12	0	0	0	0	
Tuvalu	0	2	0	0	0	0	0	0	0	0	0	0	
Ukraine	6,841	12,982	21,204	12,256	35,794	38,404	29,188	172,126	184,043	888,638	909,326	86,228	
United Arab Emirates	10,214	7,162	6,027	7,983	15,430	11,620	4,716	32,217	20,206	14,913	13,757	14,291	
United Kingdom	35,443	9,087	7,660	6,599	4,500	5,596	3,083	925,926	196,883	6,442	15,872	326,657	
United States Minor Outlying Islands	0	0	0	0	0	0	0	0	0	0	0	0	
United States of America	13,662	51,975	63,864	25,992	43,158	98,191	289,170	6,014,258	1,746,805	1,706,574	2,274,530	1,600,830	
Uruguay	0	0	0	0	0	0	0	0	0	0	0	0	
Uzbekistan	3,108	3,830	1,476	2,806	2,844	6,858	4,455	7,454	5,769	20,301	21,882	11,523	
Vanuatu	0	0	0	0	0	0	0	0	0	0	0	0	
Venezuela	0	10	0	6	0	421	98	0	12	8	0	103	
Viet Nam	317	242	183	49	70	249	17,081	24,944	7,532	42	13,565	19,440	
Yemen	0	13	4,677	2,219	3,394	2,239	0	35	0	0	0	108	
Zambia	0	0	0	0	0	0	0	0	0	0	0	0	
Zimbabwe	0	0	0	0	0	0	0	0	0	0	0	0	
