List of importing markets for a product exported by Costa Rica (Mirror) Product: TOTAL All products
"Importers"	"Exported value in 2001"	"Exported value in 2002"	"Exported value in 2003"	"Exported value in 2004"	"Exported value in 2005"	"Exported value in 2006"	"Exported value in 2007"	"Exported value in 2008"	"Exported value in 2009"	"Exported value in 2010"	"Exported value in 2011"	"Exported value in 2012"	"Exported value in 2013"	
Total	6,335,965	7,680,162	10,618,750	11,839,338	13,048,342	14,640,073	16,784,657	17,874,791	19,385,114	26,640,108	31,267,007	36,222,232	32,648,789	
Albania	79	1	789	16	508	657	55	119	102	880	762	1,025	465	
Algeria	1,030	1,118	2,919	2,407	1,519	4,800	1,104	1,254	2,883	8,521	12,841	13,391	25,716	
Andorra	61	11	108	3										
Anguilla	13	28	10											
Antigua and Barbuda					230		359		1,117	780	550	549	643	
Argentina	6,175	2,170	5,886	17,028	2,624	21,424	20,767	17,575	29,349	34,670	47,948	51,399	52,791	
Armenia	0	1,019	0	0	0	835	603	420	516	853	987	3,399	3,108	
Aruba					2,530				5,991	7,204	5,868	8,202		
Australia	6,888	7,487	13,104	21,736	21,684	35,365	49,099	99,310	72,931	100,058	133,971	151,473	129,927	
Austria	22,441	28,790	35,776	43,950	46,472	51,735	53,695	75,513	5,394	7,835	2,412	1,275	868	
Azerbaijan	1	1	2	13	10	318	522	148	347	129	134	178		
Bahamas	278	79	415	209	432	1,333	1,530	1,620	10,026	5,811	7,542	6,406		
Bahrain	107	61	66	73	103	31	474	476	421	410	316			
Bangladesh	3,714	3,738	890	1,407	1,117	1,870	2,923							
Barbados	2,334	2,400	3,987	4,159	6,557	6,649	6,395	7,909	7,293	12,079	9,527	9,171	9,978	
Belarus	3,217	150	327	2,956	2,894	2,797	3,416	4,319	8,209	31,782	6,277	10,787	16,691	
Belgium	193,373	208,993	295,499	390,070	373,252	363,664	577,639	676,810	521,887	466,188	496,351	441,711	476,895	
Belize	1,946	2,415	2,809	3,869	4,931	6,387	5,647	6,183	7,431	7,182	8,077	10,985	13,712	
Benin	10	0	0	0	2	22	9	1	0	0	0	0	5	
Bermuda												854	598	
Bolivia	643	438	311	542	606	646	1,408	1,778	1,376	1,756	2,130	2,181		
Bosnia and Herzegovina			694	442	343	408	919	1,320	977	1,661	2,763	3,973	3,510	
Botswana	0	0	0	0	0	0	0	0	0	0	0	0	70	
Brazil	36,922	33,278	49,095	77,406	92,357	117,704	154,843	211,280	305,843	388,400	445,228	504,341	448,497	
Bulgaria	605	769	1,982	2,831	1,563	2,512	4,512	4,147	3	729	163	65	78	
Burkina Faso	0	0	0	0	0		9	26	0	2	14	88		
Burundi	0	0	0	0	43	134	0	75	0	0	0	0	14	
Cabo Verde	0	0	9	33	21	50	27		7	8	10	12	15	
Cambodia	0	7	0	24	0	119	42	151	122	378	271	366		
Cameroon	1,502	2,664	2,141	7,068	8,542	4,589	9,330	9,478	10,175	7,281	10,375	2,400		
Canada	121,957	157,304	212,136	242,949	291,617	343,803	344,264	354,768	315,173	423,567	480,808	513,884	573,757	
Central African Republic	0	0	0			0	0	0	0	0	0	0	0	
Chile	2,931	4,094	9,455	9,299	9,500	8,739	20,315	21,588	18,367	30,572	28,855	28,889	26,973	
China	26,508	184,494	560,900	641,290	922,082	1,747,274	2,306,640	2,270,521	2,646,447	3,106,845	3,844,030	5,270,200	4,758,049	
Colombia	14,857	15,792	18,874	19,096	25,139	35,670	38,421	54,212	33,644	52,418	57,580	71,812	83,375	
Congo							18	15	75	70	947	0	8	
Costa Rica	0	0	0	0	27,382	0	0	0	0	0	0	0	0	
Côte d'Ivoire	9	15	23	27	100	84	114	447	86	1,065	478	202		
Croatia	1,926	1,587	2,183	2,750	2,080	2,955	3,947	4,061	3,956	6,254	7,222	7,246	8,339	
Cuba	12,361	13,510	16,705	15,505	14,604	9,959								
Cyprus	141	247	315	66	66	7	66	118	234	243	138	276	68	
Czech Republic	31,668	223,215	174,548	136,447	70,682	55,680	56,957	65,205	65,628	95,792	119,867	325,237	442,896	
Denmark	3,427	4,535	7,603	10,158	12,746	14,464	2,529	4,652	2,694	2,829	2,154	4,570	3,588	
Djibouti									1					
Dominica	762	427	742	607	574	602	631	623	437	465	456	455		
Dominican Republic	63,444	64,405	47,524	50,743	96,305	118,086	159,588	217,263	187,115	221,728	241,688	253,615	260,945	
Ecuador	11,192	14,293	15,556	12,684	20,608	21,507	22,142	30,364	28,050	25,975	41,311	54,954	75,647	
Egypt	24	0	10	7	0	0	0	173	91	697	1,472	1,005	4,692	
El Salvador	163,457	149,320	157,359	174,462	188,258	224,455	247,129	261,306	225,244	261,142	293,155	296,156	282,889	
Estonia	733	1,662	1,651	2,275	1,958	1,364	1,653	3,130	2,574	4,742	3,440	4,771	4,267	
Ethiopia	0	0	0	0	119	0	42	75	154	191	41	68		
Faroe Islands	194	214	388	687	502	522	463	675	330					
Fiji		0	20	0	0	0	68	7	1	0	8	1		
Finland	37,274	48,100	73,683	76,015	74,933	42,382	47,768	47,492	1,926	923	1,244	9,008	10,405	
France	143,890	119,309	75,130	114,334	123,301	130,583	163,398	189,565	196,057	194,561	197,961	248,850	261,391	
French Polynesia	8	26	39	40	86	91	122	140	130	217	234	343	334	
Gabon	4	0	21	0	0	0	0	0	0					
Georgia	0	134	0	0	0	465	1,480	0	149	302	126	139	1,544	
Germany	276,995	282,981	324,090	436,872	484,542	551,228	641,222	624,246	477,568	475,840	555,354	579,952	620,534	
Ghana	2		133		25	62	270	85	208	436	594	399		
Greece	1,029	1,593	7,568	6,748	1,822	5,362	4,413	1,515	4,236	6,680	7,810	14,403	20,231	
Greenland	0	0	69	0	8	28	54	3	8	13	12	11	20	
Grenada	83	133	711	544	732	456	531	430						
Guatemala	232,152	216,249	302,036	319,776	256,756	178,772	405,613	422,401	313,410	427,686	455,533	476,934	519,813	
Guinea	0	0		0	0	3	5	2		139	131	0		
Guyana	1,588	1,051	3,437	2,737	4,290	3,419	5,698	3,885	5,192	5,129	6,450	9,364	11,179	
Honduras	64,394	131,590	141,769	170,510	209,666	119,484	280,280	342,023	279,559	272,510	301,364	301,975	291,661	
Hong Kong, China	45,508	90,805	343,139	272,103	264,000	351,592	497,930	412,922	623,484	993,606	1,166,838	1,415,808		
Hungary	2,442	20,191	61,838	3,334	6,760	1,815	2,421	1,279	1,225	1,131	1,331	1,645	3,001	
Iceland	910	1,658	2,189	1,997	2,213	2,417	4,254	4,126	3,285	4,211	4,118	5,714	2,754	
India	1,023	4,191	13,916	37,892	32,214	47,937	87,233	61,923	92,280	102,320	159,736	219,798	220,078	
Indonesia	81	907	1,457	2,381	2,535	1,964	2,191	12,298	6,245	8,955	9,422	8,513	27,663	
Iran (Islamic Republic of)	0	61	30	33	923	0				1,378	159			
Ireland	102,890	172,610	57,744	33,942	43,744	50,853	22,433	41,842	79,432	74,830	42,621	58,993	60,938	
Israel	1,479	1,494	2,059	8,963	4,555	1,843	2,309	2,131	3,520	3,755	2,690	1,538	18,871	
Italy	85,669	90,833	117,801	126,289	118,846	123,543	162,921	166,634	140,411	154,960	189,490	235,372	241,642	
Jamaica	32,417	33,779	49,106	38,785	49,657	50,780	50,913	59,339	51,117	52,830	54,651	56,943		
Japan	169,535	134,694	209,237	175,516	220,980	274,513	286,254	341,912	327,155	344,774	238,722	291,809	339,742	
Jordan	70	8	137	41		238	660	409	379	1,571	438	471	1,316	
Kazakhstan	38	50	62	436	526	455	1,131	1,439	1,051	2,947	5,955	8,970	5,550	
Kenya	1	121	12	125	8	324	156	143	164	173	95			
Korea, Republic of	33,760	39,245	66,482	28,591	35,124	58,070	113,637	131,852	137,726	140,460	184,380	293,039	267,247	
Kuwait	570	931	1,064	1,459		1,795	2,301	2,852						
Kyrgyzstan	9	0	113	29	2	0	1	29	57	67	845	2,908		
Latvia	10	5	7	30	71	54	3	89	29	19	126	200	527	
Lebanon	889	1,512	893	1,008	898	1,255	2,282	2,435	4,598	3,976	4,035	4,302	5,524	
Libya							139	92	684	7,056				
Lithuania	1,099	984	1,770	1,231	320	172	347	123	590	50	146	236	1,450	
Luxembourg	1	5	2	131	1,088	612	0	1,469	2,025	4,268	4,850	4,556	3,816	
Macao, China	18	41	145	64	7	9	26	22	12	28		80		
Macedonia, The Former Yugoslav Republic of	40	146	1,511	836	554	776	519		682	984	936	1,412	3,107	
Madagascar	2	0	29	46	3	82	126	65	1	0	31	47	46	
Malawi	3	6	1	0	0	0	0	0	0	21	49	0	9	
Malaysia	60,577	77,055	240,429	190,614	230,844	411,549	430,772	360,845	758,176	1,286,268	1,351,269	1,204,552	1,803,996	
Maldives	0	0	0	7	0	0	3	10	8	35	10	30	13	
Mali	11	0	15	0	5	0	5	0		0	2	14		
Malta	271	234	268	293	1,134	237	14	12	14	92	20	426	88	
Mauritania	0	0	0	0	0		0	0	0	0	0	0		
Mauritius	16	256	96	371	235	362	316	267	246	283	207	368	352	
Mayotte	1	0	0	1	2	21	40	136	13					
Mexico	184,086	416,155	584,101	852,160	883,244	789,126	740,462	775,892	923,323	1,901,960	2,650,125	3,259,369	3,174,397	
Mongolia	0		0	0	2	140	0						213	
Montenegro						140	128	168	162	210	218	1,298	746	
Montserrat	3	1	3	11	6	0	3	3	0			0	0	
Morocco	605	518	554	696	2,076	1,381	2,127	4,053	3,484	4,993	3,114	3,546	2,787	
Mozambique	0	0	0	2	0	4	0	7	24	212	288	6	4	
Myanmar										1,054				
Namibia	1	0	2	0	3	0	11	0	0	2	0	0	0	
Nepal			39						125	32	9			
Netherland Antilles					2,178	2,987	3,222	4,182						
Netherlands	119,312	112,843	1,043,849	1,482,903	1,663,886	1,746,865	1,700,991	2,275,590	2,284,195	3,119,967	3,727,495	4,180,615	1,883,678	
New Caledonia	52	62	37	79	117	87	97	202	212	233	356	381	462	
New Zealand	636	966	2,257	1,906	2,949	2,494	3,478	3,554	4,298	6,317	7,404	9,366	12,029	
Nicaragua	188,019	170,397	164,966	189,287	235,325	147,802	303,511	322,109	318,682	343,793	432,738	461,558	444,659	
Niger	1	2	0	0	1	0	0	7	4	4	8	12	6	
Nigeria	71	181	583			417	1,145	133	40	1,173	394	29		
Norway	13,889	26,178	36,821	45,257	54,152	49,950	54,633	58,401	39,842	37,994	47,793	60,451	58,167	
Oman	175	321	0	44	0	56	89	126	799	204	894	797	153	
Pakistan			1	107	316	65	15	358	452	49	85	180	174	
Palestine, State of							662	1,215	1,081	898	1,188	1,377		
Panama	108,828	127,758	151,064		194,623	254,643	336,245	469,828	455,232	475,179	598,791			
Papua New Guinea	0	0	0	0							4	117		
Paraguay	95	365	46	173	248	324	315	741	351	372	833	717	1,804	
Peru	4,309	3,735	5,995	5,457	9,966	13,039	18,865	25,451	20,283	25,284	28,172	34,298		
Philippines	51,214	25,123	28,438	21,776	48,258	48,700	48,115	22,135	2,466	3,788	3,590	4,312	2,155	
Poland	24,441	24,302	19,947	40,142	53,863	46,640	64,735	69,673	47,251	55,909	74,521	95,558	93,115	
Portugal	44,589	44,357	55,090	53,530	38,538	46,477	63,410	76,868	69,822	71,285	75,408	57,602	70,556	
Qatar	25	0	156	100	1,602	636	1,130	2,158	2,087	2,555	2,382	3,469	4,798	
Republic of Moldova	75	28	84	85	121	163	106	464	578	933	1,525	2,076	2,989	
Romania	2,088	1,483	7,341	9,957	13,474	14,729	4,409	4,310	1,938	2,543	2,742	2,714	1,233	
Russian Federation	21,654	9,749	9,788	5,632	30,286	30,597	32,849	105,300	58,025	100,847	101,519	164,979	126,804	
Rwanda	36	57	5	2	0	0	0	2	0	0	2	19	5	
Saint Kitts and Nevis	71	78	185	253	283	348	341	704	416	475	584			
Saint Lucia	565	983	1,353	1,040	1,210	1,366	934	1,355						
Saint Vincent and the Grenadines	240	372	526	716	618	461	603	744	596	496	494	584		
Samoa	0	0	0	0	0	0	0	0	0	0	0	2	0	
Saudi Arabia	790	675	3,925	6,685	15,915	26,915	15,468	11,041	15,815	34,178	15,710	20,637		
Senegal	6	8	0	2	13	47	1	9	1	1,767	534	467	229	
Serbia					1,983	1,983	3,214	4,262	3,865	7,987	8,247	9,257	10,779	
Serbia and Montenegro	350	918		4,548										
Singapore	20,022	17,353	75,537	161,941	176,420	214,374	230,237	284,245	265,062	555,325	656,063	745,637	613,751	
Slovakia	2,461	7,608	18,151	26,244	40,752	23,459	38,259	57,417	31,373	13,072	13,233	11,328	9,753	
Slovenia	1,617	1,247	2,618	3,858	3,203	5,103	13,265	4,537	4,778	6,327	12,485	10,326	9,944	
South Africa	7,328	9,224	16,406	35,570	44,802	34,935	28,885	24,970	31,249	28,709	35,164	34,600	35,322	
Spain	71,261	68,130	70,386	68,789	75,197	84,883	122,286	142,497	109,616	106,916	134,354	142,659	145,495	
Sri Lanka	0	0	0	0	3	2	29	267	148	5	216	631		
Sudan (North + South)	59	539	38	59	0	0		0	9	329	167			
Suriname	807			1,006	560	1,549	2,183		14,442	7,602	6,546			
Sweden	39,279	35,533	49,626	88,556	81,659	71,414	69,710	49,749	46,249	42,897	43,801	36,714	65,404	
Switzerland	39,846	56,209	62,674	51,927	54,340	54,822	66,586	61,245	54,314	59,687	87,980	105,925	111,963	
Syrian Arab Republic	60	310	1,269	333	147	4,252	0	1,390	7,418	9,908				
Taipei, Chinese	13,279	27,860	79,392	84,693	108,457	139,637	130,519	122,756	125,223	211,352	267,221	348,397	540,132	
Tanzania, United Republic of	7	320	10	54	39	68	16	56	121	257	133	3	74	
Thailand	1,849	4,222	11,782	22,477	29,652	24,581	28,903	58,295	33,090	50,472	62,167	68,523	79,478	
Timor-Leste				0	0									
Togo	0	18	0	0	0		0	33	1	4	0	0	7	
Tonga	0	0	0					0	0	0	0	2		
Trinidad and Tobago	3,103	3,408	10,389	11,173	15,225	18,663	25,248	26,856	32,308	34,949				
Tunisia	356	184	187	655	625	554	407	624	1,141	2,933	2,276	1,523	1,110	
Turkey	2,806	21,186	31,597	45,593	53,338	47,564	41,169	40,479	60,452	60,506	79,367	76,288	82,286	
Uganda	50	0	0	15	94	1	71	0	28	4	58	47	0	
Ukraine	1,635	336	1,432	1,454	4,695	9,846	4,482	9,082	8,294	15,562	16,425	42,753	41,800	
United Arab Emirates					3,585		4,208	6,318						
United Kingdom	214,602	494,800	731,366	1,041,196	1,034,822	946,819	1,038,654	857,734	392,179	329,538	339,424	279,119	312,225	
United States of America	3,091,280	3,339,334	3,581,708	3,504,063	3,601,787	4,083,806	4,208,643	4,189,311	5,803,271	8,943,999	10,370,086	12,302,982	12,175,668	
Uruguay	1,137	627	673	891	1,261	996	1,803	2,427	2,426	3,045	3,657	6,735	3,906	
Vanuatu						0	1		0	0	0			
Venezuela	23,205	20,249	11,893	15,280	32,908	15,121		33,951	45,506	32,051	49,457	84,298	74,575	
Viet Nam	1	131	1,411	1,523	3,429	4,216	5,270	11,648	24,972	26,002	31,325	31,107		
Yemen				0	0	0	1	15	1	1,260	0	31		
Zambia	0	0	0	20	15	3	0	247	241	28	82	117	38	
Zimbabwe	0	0		0	0	0	3	0	0	0	1	0	0	
