List of importing markets for a product exported by Argentina Product: TOTAL All products
"Importers"	"Exported value in 2001"	"Exported value in 2002"	"Exported value in 2003"	"Exported value in 2004"	"Exported value in 2005"	"Exported value in 2006"	"Exported value in 2007"	"Exported value in 2008"	"Exported value in 2009"	"Exported value in 2010"	"Exported value in 2011"	"Exported value in 2012"	"Exported value in 2013"	
World	26,610,055	25,709,371	29,938,752	34,575,706	40,106,386	46,546,224	55,779,580	70,018,851	55,672,119	68,187,227	84,051,151	80,927,108	76,633,914	
Afghanistan	0	84	165	451	494	248	144	421	2,462	1,209	2,568	1,255	165	
Albania	107	1,965	4,150	2,535	1,745	558	2,117	6,541	9,208	4,200	2,405	1,288	6,990	
Algeria	158,442	114,033	207,962	448,574	452,468	537,743	765,294	891,612	709,994	1,010,684	1,698,629	1,502,938	1,563,936	
America not elsewhere specified	0	0	0	0	1,703	0	0	0	0	0	0	0	0	
Andorra	0	59	48	64	40	136	150	102	174	60	40	22	0	
Angola	18,234	29,102	63,879	79,916	139,262	138,458	165,894	213,165	163,737	145,058	221,636	199,806	128,652	
Antigua and Barbuda	121	1,388	58	173	552	405	192	352	408	450	599	588	518	
Area Nes	399,898	276,867	1,096,396	1,303,713	722,284	805,201	956,111	1,424,273	920,693	1,264,550	1,835,145	2,044,226	2,169,770	
Argentina	0	0	0	0	0	0	0	0	0	0	0	0	0	
Armenia	51	694	400	2,319	1,687	2,595	5,108	2,288	2,849	1,753	4,124	5,848	5,875	
Aruba	0	0	3,666	3,936	0	7,169	4,399	3,250	3,788	3,577	3,880	3,625	2,900	
Australia	66,179	95,114	115,919	123,251	145,160	135,366	210,411	309,376	242,347	286,341	588,849	621,640	736,648	
Austria	4,390	6,806	7,775	12,084	10,871	9,914	16,676	18,234	12,507	14,034	15,165	14,268	14,427	
Azerbaijan	543	287	118	373	783	981	3,306	3,424	3,385	5,626	10,833	6,634	5,384	
Bahamas	8,357	7,403	1,494	26,511	19,969	5,197	2,193	23,187	12,174	17,409	1,710	47,452	31,523	
Bahrain	18,862	2,285	8,724	9,873	5,289	5,992	3,675	5,688	3,165	3,349	15,818	19,721	4,861	
Bangladesh	100,850	82,972	140,422	142,692	162,691	140,011	310,312	204,628	214,004	214,861	485,617	361,416	309,841	
Barbados	541	11,467	897	2,512	2,352	1,647	2,183	2,371	2,039	2,534	3,513	1,982	1,271	
Belarus	306	666	853	2,603	4,307	4,904	9,480	6,726	4,359	5,782	6,642	7,115	9,490	
Belgium	291,429	250,181	232,449	249,662	261,968	298,300	408,753	543,068	456,787	348,823	465,102	443,098	300,231	
Belize	1,370	953	2,109	1,006	1,288	1,898	2,295	180	234	369	414	339	844	
Benin	334	1,039	1,925	3,231	2,382	4,928	4,808	5,051	2,842	2,052	5,158	13,891	3,344	
Bhutan	0	0	0	0	0	14	0	0	0	0	0	0	14	
Bolivia	265,259	299,987	241,509	287,735	379,554	380,545	462,686	606,851	580,918	608,375	757,410	954,534	792,963	
Bosnia and Herzegovina	212	396	836	4,671	12,564	3,223	5,915	10,574	7,885	5,573	10,617	4,194	4,987	
Botswana	0	0	12	30	1,874	32	126	74	69	47	1	208	0	
Brazil	6,205,630	4,827,791	4,663,289	5,411,830	6,328,294	8,140,972	10,486,056	13,273,283	11,379,426	14,424,644	17,347,028	16,494,960	16,216,124	
British Indian Ocean Territories	0	0	0	0	50	0	0	0	0	0	0	0	0	
Brunei Darussalam	113	44	427	155	357	456	190	369	665	484	87	71	3,039	
Bulgaria	5,649	21,088	22,347	21,888	90,041	75,095	14,497	16,024	11,088	77,093	108,937	105,239	158,871	
Burkina Faso	19	73	63	483	462	2,303	912	3,550	1,162	1,458	1,994	1,327	828	
Burundi	0	0	0	144	52	16	0	0	0	0	670	0	10	
Cabo Verde	0	41	234	496	1,970	2,033	1,221	6,623	1,357	2,558	8,497	5,041	3,505	
Cambodia	827	446	178	1,238	1,816	1,736	2,986	4,168	6,569	11,136	14,628	14,077	16,306	
Cameroon	1,015	3,046	1,886	3,551	7,220	10,615	11,229	15,593	24,456	18,488	43,034	37,601	47,972	
Canada	223,650	190,089	216,420	175,985	295,017	437,451	347,449	470,702	466,850	1,401,201	2,383,288	2,194,076	1,702,854	
Central African Republic	19	0	0	45	71	22	156	0	72	68	98	0	0	
Chad	329	0	510	454	391	207	553	600	1,043	1,472	1,500	951	1,015	
Chile	2,851,693	2,961,084	3,536,326	3,830,577	4,497,161	4,404,623	4,176,201	4,713,567	4,386,659	4,492,820	4,844,722	5,064,777	3,906,689	
China	1,122,612	1,092,354	2,478,423	2,630,447	3,154,289	3,475,853	5,166,609	6,354,957	3,666,461	5,798,690	6,232,117	5,021,348	5,510,627	
Colombia	186,445	188,623	226,503	273,011	360,635	550,873	576,032	810,320	874,364	1,302,447	1,806,019	2,067,289	1,530,470	
Comoros	0	0	0	195	108	342	481	1,055	868	654	246	1,665	2,118	
Congo	4,868	11,367	21,935	35,731	42,974	44,752	54,824	52,031	74,205	28,715	47,869	48,503	63,507	
Costa Rica	34,162	26,997	35,460	59,132	55,683	99,508	103,405	130,075	159,580	174,287	139,567	99,897	106,600	
Côte d'Ivoire	5,923	7,471	3,595	5,297	14,423	11,683	17,227	35,585	15,516	21,187	23,184	25,967	7,433	
Croatia	2,583	5,170	8,232	22,191	19,216	36,717	41,449	43,843	27,504	27,614	40,906	37,934	22,613	
Cuba	48,765	22,086	23,250	91,143	96,841	95,800	100,639	84,442	52,087	88,556	112,916	106,021	307,423	
Cyprus	19,441	21,088	24,924	18,764	14,873	24,421	25,637	27,966	29,894	29,677	32,701	22,255	15,885	
Czech Republic	2,848	16,920	19,482	19,825	20,846	22,596	33,624	49,469	14,824	23,757	52,316	42,524	15,882	
Democratic Republic of the Congo	1,684	1,975	473	16,550	12,742	35,314	27,292	45,487	20,699	29,561	38,971	40,377	0	
Denmark	228,116	207,896	259,724	282,100	290,430	292,164	350,193	497,006	440,166	344,334	425,163	446,140	277,185	
Djibouti	0	72	4,972	5,339	100	165	361	560	154	182	10,505	38,260	956	
Dominica	167	77	217	263	679	472	387	224	594	786	414	597	924	
Dominican Republic	61,739	69,766	69,665	116,491	122,842	149,169	197,485	179,968	139,637	156,466	232,212	243,994	258,408	
Ecuador	103,055	162,448	135,749	194,455	264,554	302,420	345,274	458,072	454,574	501,243	484,925	415,658	346,952	
Egypt	345,309	405,342	446,612	593,899	558,732	324,130	577,358	1,075,235	591,613	979,115	1,745,911	1,013,419	1,254,551	
El Salvador	50,918	10,313	19,009	56,732	59,906	95,409	93,072	37,012	13,332	13,772	14,846	30,462	31,706	
Equatorial Guinea	1,023	623	775	757	1,595	1,229	2,692	3,384	5,466	5,975	18,347	29,579	23,308	
Eritrea	0	0	0	77	2,047	19	22	0	0	0	0	317	650	
Estonia	643	4,056	4,058	3,463	4,283	5,248	6,280	6,178	5,052	7,889	6,482	9,168	9,513	
Ethiopia	46	13	10	105	144	150	507	799	680	826	988	1,063	1,739	
Fiji	121	1,193	1,991	59	85	109	199	349	84	267	459	811	720	
Finland	54,231	61,723	83,588	99,618	58,301	111,984	141,546	31,986	18,240	17,103	52,345	51,195	86,055	
France	258,064	312,997	330,117	297,043	385,300	553,406	604,559	913,969	446,245	527,216	576,096	396,339	431,029	
Free Zones	0	0	0	0	0	0	0	0	40,122	51,750	73,375	88,379	95,361	
French Polynesia	0	0	0	0	2,864	0	0	0	0	0	0	0	0	
Gabon	4,653	2,165	5,438	5,738	8,270	12,312	10,251	13,673	7,315	5,843	8,368	9,187	16,586	
Gambia	0	693	988	1,838	1,198	2,141	4,333	2,661	3,568	743	1,458	361	665	
Georgia	28	102	516	642	1,423	3,972	3,116	6,869	6,209	12,742	18,152	15,242	32,898	
Germany	463,769	631,649	720,761	779,278	800,602	1,124,427	1,221,235	1,507,967	1,391,486	1,831,923	2,485,960	1,981,089	1,637,388	
Ghana	2,268	7,194	10,369	13,196	26,074	20,515	32,359	38,215	36,685	27,139	19,074	32,718	47,941	
Gibraltar	7	0	0	4	14	73	10	0	0	3	230	130	24	
Greece	66,137	71,505	116,974	114,229	70,145	76,961	121,646	117,661	141,546	111,446	127,887	109,702	130,934	
Greenland	0	0	0	17	0	0	0	0	0	0	0	0	0	
Grenada	203	239	394	551	348	507	565	732	501	499	611	402	336	
Guatemala	43,762	47,461	75,165	87,488	126,248	171,814	154,302	107,247	92,423	79,551	99,656	133,714	150,675	
Guinea	326	504	251	854	1,741	2,125	3,899	1,608	1,575	855	1,804	1,990	726	
Guinea-Bissau	260	0	268	53	292	465	0	818	2,563	542	493	44	228	
Guyana	164	652	1,477	1,174	1,575	2,246	1,977	3,997	928	618	1,787	2,946	1,042	
Haiti	19,988	10,898	12,035	12,738	11,505	21,632	14,615	16,059	32,214	31,525	31,489	26,462	18,015	
Honduras	7,393	8,606	9,827	32,333	47,575	85,697	61,477	27,557	16,678	12,086	24,086	33,522	30,712	
Hong Kong, China	99,881	83,213	97,757	105,928	142,865	170,047	192,845	207,436	282,029	317,832	322,790	314,372	325,749	
Hungary	8,505	9,879	10,190	11,143	9,122	10,226	11,605	14,879	12,510	8,786	12,940	10,027	12,663	
Iceland	197	84	235	371	811	979	1,638	2,061	2,331	1,532	2,292	29,416	2,084	
India	440,437	442,781	558,477	575,407	723,060	908,613	858,817	829,749	648,331	1,321,491	1,086,773	1,183,325	1,089,096	
Indonesia	43,219	72,444	73,572	234,777	370,345	316,883	408,666	405,710	603,956	852,442	1,542,229	1,634,159	1,468,972	
Iran (Islamic Republic of)	417,868	338,876	46,506	1,130	188	6,391	319,286	1,081,974	855,368	1,453,125	1,092,425	983,661	1,102,961	
Iraq	52,997	50,023	15,447	34,307	18,770	30,941	16,854	20,393	132,054	23,200	61,347	104,051	116,105	
Ireland	23,566	30,893	68,623	45,971	61,302	93,211	115,763	158,681	73,650	118,273	206,601	216,405	252,821	
Israel	86,451	62,138	99,682	173,879	208,409	134,854	212,511	219,643	267,239	223,064	232,871	224,424	199,470	
Italy	852,167	847,238	930,828	948,428	983,057	1,095,605	1,386,910	1,688,006	1,501,360	1,586,088	2,018,502	1,172,322	1,080,770	
Jamaica	10,223	4,178	5,129	9,821	10,041	16,616	13,117	14,311	10,245	7,800	10,228	10,737	14,231	
Japan	364,148	408,007	344,024	404,784	284,753	398,009	666,244	519,301	493,393	853,639	842,993	1,223,186	1,390,678	
Jordan	120,752	108,018	72,165	73,633	68,079	46,582	25,218	23,656	51,954	65,434	182,121	227,244	245,127	
Kazakhstan	2,613	3,721	52	1,495	3,252	16,930	15,978	32,020	42,097	10,212	18,505	35,957	52,565	
Kenya	43,022	16,889	7,366	77,199	25,524	15,305	50,492	92,881	22,558	5,912	43,524	107,751	11,385	
Korea, Democratic People's Republic of	0	0	0	0	0	0	0	0	0	0	0	0	0	
Korea, Republic of	396,381	355,446	434,131	356,608	344,540	428,629	674,972	587,686	587,775	776,354	981,962	1,378,547	1,002,347	
Kuwait	26,455	17,191	26,143	24,905	30,091	63,267	39,820	30,227	16,283	32,313	25,362	30,690	53,694	
Kyrgyzstan	0	0	0	0	29	0	354	1,135	1,734	0	1,563	199	254	
Lao People's Democratic Republic	0	2	0	56	0	0	43	0	11	5	12	13	0	
Latvia	2,861	3,147	4,499	7,825	30,083	28,447	9,192	35,267	24,984	41,778	135,304	140,478	192,700	
Lebanon	16,576	32,583	31,079	33,331	27,866	27,517	45,946	48,632	48,684	60,326	81,591	81,842	103,256	
Lesotho	0	0	0	0	186	0	0	0	0	4	0	0	0	
Liberia	51	434	5,514	3,562	3,097	3,483	13,790	7,151	7,259	4,743	4,064	4,194	3,508	
Libya	23,940	18,351	21,777	53,546	60,224	83,793	122,532	192,438	110,515	137,323	60,487	98,801	128,751	
Lithuania	4,320	5,327	10,519	14,390	16,032	14,294	18,803	29,414	21,719	25,294	76,535	168,588	117,225	
Luxembourg	3,786	899	462	776	840	888	1,399	1,581	1,582	1,432	1,652	1,498	1,871	
Macao, China	0	0	0	54	0	104	3	2	1	9	0	1	0	
Macedonia, The Former Yugoslav Republic of	524	297	823	1,945	1,670	2,715	2,531	3,544	3,815	3,296	5,259	4,709	4,453	
Madagascar	3,770	3,851	4,464	21,128	13,532	14,420	30,561	38,150	5,221	4,181	4,322	4,525	11,816	
Malawi	492	41	124	2,012	2,858	4,707	8,682	4,774	2,773	1,104	847	1,379	1,089	
Malaysia	293,528	218,218	216,180	282,154	420,041	531,547	567,989	461,821	551,661	813,082	993,595	1,029,191	962,620	
Maldives	0	0	6	84	232	31	67	181	58	88	206	182	815	
Mali	97	2,501	451	1,167	1,447	4,752	1,733	2,429	2,808	1,754	13,384	3,829	4,526	
Malta	1,951	2,566	2,779	5,103	1,536	4,205	1,739	5,889	2,908	1,836	2,696	1,848	748	
Marshall Islands	52	0	0	35	0	0	561	0	0	0	0	0	0	
Mauritania	618	1,347	292	3,682	4,115	1,832	10,418	3,387	1,180	1,295	16,807	37,625	5,727	
Mauritius	21,449	27,943	20,705	23,849	26,439	45,089	25,690	35,902	63,724	45,834	71,840	74,814	55,351	
Mayotte	0	0	0	0	11,435	0	0	0	0	0	0	0	0	
Mexico	484,272	669,804	796,212	1,032,298	1,157,631	1,519,175	1,433,739	1,336,504	935,186	1,230,443	921,056	889,448	1,063,993	
Mongolia	0	81	219	236	766	691	902	2,265	1,041	1,803	3,240	2,289	376	
Montenegro	0	0	0	0	0	0	0	5,932	3,110	1,317	2,261	1,401	987	
Morocco	117,073	98,162	175,276	208,870	199,615	232,664	353,113	491,221	123,898	235,464	433,892	520,559	484,526	
Mozambique	15,427	11,587	18,593	48,614	31,337	35,929	59,546	55,366	19,722	43,442	102,059	73,042	42,084	
Myanmar	20	0	61	108	40	120	369	226	487	442	468	841	2,605	
Namibia	4,983	4,899	160	2,911	1,246	1,834	3,217	9,241	3,302	5,333	6,321	12,520	3,927	
Nauru	0	0	0	0	0	0	0	0	0	0	0	0	0	
Nepal	87	97	2,400	665	117	100	27	33	165	246	5,507	163	2,205	
Netherland Antilles	0	0	4,292	46,622	0	117,809	43,902	198,801	62,403	66,033	15,577	10,360	5,418	
Netherlands	798,559	1,037,897	1,094,351	1,219,772	1,349,375	1,444,648	1,796,550	2,961,680	2,392,143	2,369,585	2,626,768	2,235,774	1,912,585	
New Zealand	5,608	9,836	11,009	11,050	14,623	14,371	30,683	39,007	45,916	49,998	87,793	116,849	128,525	
Nicaragua	1,590	3,069	7,023	13,284	47,032	56,434	54,601	18,255	12,911	11,607	35,517	25,976	37,875	
Niger	80	1,602	2,262	5,679	8,129	11,072	7,472	13,526	11,695	15,436	23,478	13,277	10,565	
Nigeria	60,160	74,302	70,176	94,265	108,389	158,093	302,734	190,898	94,203	80,671	86,544	151,309	107,017	
Northern Mariana Islands	0	0	9	17	18	13	0	0	0	0	0	0	0	
Norway	16,935	15,681	13,757	22,578	29,630	28,567	24,077	46,078	23,925	31,083	41,390	34,784	20,139	
Oman	34,527	38,164	35,055	26,482	43,688	49,178	25,414	57,383	45,077	39,695	59,003	36,837	34,301	
Pakistan	20,160	58,501	55,223	42,880	39,090	58,348	79,598	153,145	50,021	45,392	40,697	66,760	145,773	
Palestine, State of	0	0	103	275	583	1,146	300	3,386	2,203	1,702	1,559	3,269	3,470	
Panama	36,088	30,726	59,719	78,030	64,168	106,691	132,527	89,065	69,977	73,899	187,745	191,331	113,490	
Papua New Guinea	13	16	31	31	0	53	37	57	229	3	646	110	148	
Paraguay	498,778	340,925	445,172	477,366	508,939	622,707	778,662	1,087,839	845,359	1,154,883	1,367,234	1,365,236	1,297,367	
Peru	393,954	444,305	414,431	497,889	599,278	728,913	957,848	1,312,616	794,705	1,131,782	1,807,973	1,923,608	1,451,477	
Philippines	103,716	154,964	236,283	256,091	284,060	287,206	421,631	561,349	512,104	439,440	608,998	327,982	419,171	
Pitcairn	0	0	0	0	5	0	0	0	0	0	0	0	0	
Poland	32,537	53,481	127,683	180,974	296,417	338,690	416,921	471,497	428,671	460,649	586,911	600,970	620,531	
Portugal	134,684	130,669	135,941	131,574	120,725	79,613	192,929	334,229	121,280	87,389	118,387	70,867	58,291	
Qatar	7,457	7,795	12,118	8,396	29,441	19,512	15,338	16,142	21,619	5,105	13,228	8,899	5,223	
Republic of Moldova	77	16	100	133	585	827	364	3,424	1,172	1,579	2,533	4,471	2,846	
Romania	12,625	8,665	15,591	13,817	18,656	36,141	81,764	96,494	37,824	96,942	59,518	63,600	122,634	
Russian Federation	150,657	149,283	199,101	357,689	670,224	901,391	783,521	969,874	825,020	635,989	767,587	717,040	725,829	
Rwanda	67	0	0	119	29,571	575	9	8,451	40	415	1,524	4,169	63	
Saint Kitts and Nevis	171	189	69	171	242	263	181	129	271	244	286	226	5,104	
Saint Lucia	30	329	1,033	1,111	39,603	557	965	708	797	1,179	913	120,480	653	
Saint Vincent and the Grenadines	143	119	70	336	360	281	226	1,209	455	391	515	402	608	
Samoa	0	0	0	0	0	0	0	25	34	0	346	0	0	
Sao Tome and Principe	0	0	0	200	201	0	38	91	51	24	0	31	0	
Saudi Arabia	57,197	86,921	136,883	174,119	232,868	343,677	372,486	445,415	312,114	309,258	626,298	788,876	1,162,995	
Senegal	13,914	23,268	15,054	20,463	3,221	72,943	56,238	80,454	79,229	79,951	101,973	117,261	53,776	
Serbia	0	0	0	0	0	8,384	0	17,566	7,557	5,630	9,651	7,669	6,071	
Serbia and Montenegro	2,905	1,357	2,105	2,112	2,837	0	0	0	0	0	0	0	0	
Seychelles	2	0	2	111	273	229	192	166	186	49	105	441	537	
Sierra Leone	383	503	1,031	3,827	0	8,154	6,337	7,307	4,577	1,697	3,889	2,770	3,213	
Singapore	28,468	15,965	9,763	14,333	16,696	44,108	26,466	57,791	35,676	37,610	62,154	64,140	114,429	
Slovakia	171	273	722	39	273	2,605	3,840	689	1,630	1,296	3,747	2,390	1,942	
Slovenia	11,839	2,694	14,045	12,750	16,163	28,426	46,256	19,185	16,920	7,591	18,084	4,089	2,260	
Solomon Islands	0	0	0	0	0	0	0	0	0	22	41	73	130	
Somalia	0	0	0	0	0	0	0	0	0	0	0	42	167	
South Africa	315,220	291,788	0	0	491,186	916,536	999,362	1,009,938	665,822	878,875	1,130,612	1,050,060	684,575	
Spain	1,099,533	1,145,845	1,387,896	1,362,930	1,564,775	1,825,812	2,060,903	2,767,884	1,852,418	2,241,788	3,090,483	2,652,191	1,717,639	
Sri Lanka	3,399	9,294	891	54,137	32,737	2,525	2,003	8,334	1,186	2,470	3,653	3,334	2,673	
Sudan (North + South)	5,184	4,324	880	4,584	13,384	4,088	5,177	5,566	21,359	8,268	8,395	20,881	6,914	
Suriname	819	1,044	2,355	3,363	3,703	4,327	5,367	9,726	6,734	8,934	11,607	10,022	9,889	
Swaziland	3	10	158	273	164	48	449	827	1,073	909	0	0	0	
Sweden	23,201	41,548	70,212	56,360	27,336	34,759	55,085	45,960	40,224	49,430	57,008	70,301	70,786	
Switzerland	30,371	19,106	22,036	20,737	97,151	518,547	535,000	757,984	946,327	1,017,039	567,021	657,942	561,182	
Syrian Arab Republic	101,401	112,526	132,643	126,359	163,446	129,757	144,108	256,338	385,936	246,346	386,355	219,442	155,174	
Taipei, Chinese	31,156	83,542	125,891	81,445	107,724	83,769	85,684	74,346	68,141	221,000	173,825	304,232	382,983	
Tajikistan	0	550	706	0	543	0	297	222	38	70	444	37	42	
Tanzania, United Republic of	1,366	3,131	2,168	25,820	24,249	20,279	45,219	37,638	21,767	19,167	51,901	94,620	10,018	
Thailand	304,227	312,206	434,652	287,260	312,159	285,314	366,708	395,066	421,117	440,937	525,424	726,390	924,547	
Timor-Leste	0	0	186	84	0	0	0	0	0	0	0	0	0	
Togo	541	281	1,287	2,016	4,018	9,400	7,596	4,657	2,677	2,579	3,184	4,594	1,697	
Tonga	0	0	0	0	0	9	30	30	34	20	0	0	0	
Trinidad and Tobago	6,403	6,515	16,013	23,430	26,534	29,070	27,455	35,451	21,747	22,222	26,609	20,973	15,115	
Tunisia	83,363	92,533	101,207	113,849	111,294	132,457	166,508	349,988	110,018	122,819	283,545	175,900	206,701	
Turkey	55,150	78,250	167,619	239,573	211,117	243,529	271,824	518,604	183,205	199,355	563,679	299,536	451,433	
Turkmenistan	0	0	0	0	6	0	1,984	5,426	150	0	1,957	8,725	155	
Uganda	99	182	259	1,724	745	2,323	5,884	6,054	3,222	5,601	8,440	17,077	2,801	
Ukraine	2,962	6,688	11,735	24,439	47,136	48,903	80,050	120,267	36,443	72,222	85,131	80,987	76,853	
United Arab Emirates	100,147	112,172	182,277	192,324	216,647	159,636	191,211	356,852	237,340	272,193	337,236	277,274	256,368	
United Kingdom	292,023	382,370	384,379	406,723	374,544	490,633	693,415	814,217	761,806	755,599	791,798	848,345	645,918	
United States Minor Outlying Islands	0	0	0	0	6	95	27	0	0	35	0	0	4	
United States of America	2,900,129	2,957,202	3,133,533	3,707,822	4,570,411	4,119,115	4,344,407	5,401,769	3,680,361	3,668,604	4,300,957	4,132,598	4,289,600	
Uruguay	743,587	541,608	531,297	687,425	861,529	1,198,721	1,204,876	1,800,421	1,608,261	1,553,931	1,995,759	1,982,518	1,781,871	
Uzbekistan	0	1,556	1,829	1,759	6	0	5,259	300	3,861	2,801	2,382	5,958	20,172	
Vanuatu	0	9	0	0	193	263	135	67	104	138	179	133	25	
Venezuela	234,487	148,415	139,721	431,771	509,739	809,480	1,176,183	1,419,684	1,042,566	1,425,273	1,867,144	2,225,392	2,155,636	
Viet Nam	60,310	71,821	137,123	149,146	197,308	204,581	330,843	328,142	547,244	655,730	706,145	869,791	1,184,311	
Yemen	37,248	39,134	0	0	68,118	68,845	101,723	50,409	140,186	101,813	185,564	232,542	204,470	
Zambia	546	399	0	0	784	440	328	575	652	328	708	2,139	449	
Zimbabwe	2,770	960	0	0	13	98	72	127	401	1,422	6,681	9,677	1,524	
