List of importing markets for a product exported by Guinea (Mirror) Product: TOTAL All products
"Importers"	"Exported value in 2001"	"Exported value in 2002"	"Exported value in 2003"	"Exported value in 2004"	"Exported value in 2005"	"Exported value in 2006"	"Exported value in 2007"	"Exported value in 2008"	"Exported value in 2009"	"Exported value in 2010"	"Exported value in 2011"	"Exported value in 2012"	"Exported value in 2013"	
Total	932,543	936,241	917,691	1,034,752	1,262,795	1,429,504	2,205,595	1,750,666	1,099,604	2,090,913	2,013,568	1,644,168	1,862,173	
Albania	0	1	0	0	6	2	4	650	0	0	19	120	394	
Algeria	360	220	6,641	1,453	1,004	3,524	7,081	3,651	11,234	6,399	11,427	6,633	1,781	
Andorra	7	127	0	0										
Antigua and Barbuda					2		9		0	0	0	0	0	
Argentina	1	0	0	0	0	5	5	0	0	0	3	6	4	
Armenia	0	0	0	138	40	77	40	90	0	0	1	1	0	
Australia	4	6	10	8	13	20	45	55	915	903	1,004	268	362	
Austria	896	1,249	851	1,207	2,374	1,750	1,755	1,561	16	141	13	0	4	
Azerbaijan	176	0	0	24,125	32,469	40,431	11,673	22,225	0	0	0	7,969		
Bahrain	0	0	0	0	0	0	0	174	0	19	18			
Bangladesh	0	0	243	0	171	198	325							
Barbados	0	1	3	2	15	0	0	1	3	0	7	1	2	
Belarus	5	56	51	1,372	350	30	0	62	6	0	1,060	0	0	
Belgium	131,826	92,753	57,464	54,134	65,507	48,282	54,603	43,444	33,059	69,359	47,627	56,594	44,104	
Belize	0	0	0	0	0	0	0	0	12	105	6	0	0	
Benin	16	6	91	131	53	38	29	62	78	314	92	1,221	4,433	
Bermuda												1	1	
Bolivia	1	0	0	0	0	0	1	0	0	2	1	1		
Bosnia and Herzegovina			0	144	2	9	1	18	18	4	0	0	1	
Botswana	0	0	1	6	1,092	143	19	0	2	10	0	1	0	
Brazil	3,026	13	0	4	0	3	375	1	0	0	0	4,277	1	
Bulgaria	7	2	232	41	70	29	10	22	140	0	15	0	0	
Burkina Faso	3	43	150	92	139		7	56	20	456	298	476		
Burundi	0	0	0	1	0	0	0	0	1	0	16	170	0	
Cabo Verde	15	46	83	100	78	182	79		56	12	75	14	0	
Cambodia	0	0	8	0	0	0	15	0	0	0	0	0		
Cameroon	33,812	13,724	25,864	5,741	737	4,337	16	0	0	19,077	0	0		
Canada	17,492	25,929	26,427	19,505	24,037	29,709	35,054	65,650	55,172	46,786	58,669	72,537	48,426	
Central African Republic	0	0	43			0	0	0	0	0	2	0	0	
Chile	0	0	0	4	0	0	0	0	6	429,049	606,155	190,873	7	
China	43	11,536	10,452	14,795	3,002	12,281	92,357	25,303	6,240	54,997	15,567	10,995	84,612	
Colombia	356	40	0	0	0	10	2	0	7	0	0	668	1,217	
Comoros	0	0	0	14	0	0	0	1	0					
Congo							34	32	636	599	90	272	541	
Costa Rica	0	1	0	0	0	20	3	0	26	0	0	0	0	
Côte d'Ivoire	9,911	3,286	5,315	8,423	9,478	10,227	18,152	26,906	22,511	15,997	16,586	22,538		
Croatia	59	72	45	57	62	161	259	188	81	89	976	177	37	
Cuba	0	0	169	0	0	0								
Cyprus	3	0	0	0	0	0	0	0	0	0	1	374	0	
Czech Republic	520	266	642	300	918	626	1,869	1,139	655	1,383	1,108	1,790	593	
Denmark	94	126	176	92	26,968	152	329	81	9	90,826	143	195	221	
Dominica	6	0	0	0	0	1	0	0	0	0	0	0		
Dominican Republic	0	0	0	308	0	0	0	97	292	1,194	851	116	0	
Ecuador	0	0	0	0	0	1	0	0	0	0	32	68	371	
Egypt	0	47	8	0	0	1,129	3,065	4	1,340	629	290	455	1,022	
El Salvador	0	0	0	0	18	0	0	0	0	0	0	0	0	
Estonia	0	0	41	165	0	15	2	0	2	0	0	128	5	
Ethiopia	7	2	3	0	89	0	2	2	0	0	132	23		
Faroe Islands	0	11	0	0	0	0	0	0	0					
Fiji		0	0	0	0	1	0	0	0	0	0	0		
Finland	0	30	1	13	32	277	9	4	2	1	4	17	9	
France	86,091	64,877	78,736	58,709	84,261	117,747	139,288	102,624	49,625	53,981	84,544	103,424	81,922	
French Polynesia	0	0	0	47	0	0	0	0	0	0	0	0	2	
Gabon	134	0	21	7	8	41	9	3	19					
Gambia	50	45	244	130	167	175	207	581	626	1,076	2,119			
Georgia	0	0	0	27	38	0	0	0	0	0	42	0	0	
Germany	47,056	45,757	49,340	62,840	73,320	81,713	140,793	164,597	113,738	88,604	127,218	132,144	111,676	
Ghana	937		1,037		169	23,094	1,023	3,414	5,569	6,395	2,038	4,393		
Greece	4,764	2,296	2,839	2,089	1,143	2,038	3,786	451	187	78	22	3	33	
Grenada	3	0	0	0	0	0	0	51						
Guatemala	0	0	0	0	2	0	0	0	6,878	1	0	0	0	
Guinea-Bissau			256	161	382									
Guyana	0	0	6	0	0	0	0	0	0	0	0	0	0	
Honduras	0	38	0	48	72	0	40	138	1	0	67	113	1	
Hong Kong, China	3,204	2,124	2,949	4,352	3,328	3,565	3,699	5,048	3,848	5,921	7,496	7,432		
Hungary	2,416	321	2,011	886	22	117	283	313	1	2	6	1	3	
Iceland	0	2	2	0	0	0	0	0	0	5	0	1	0	
India	5,123	13,087	15,529	26,555	20,193	226,954	762,204	326,947	63,643	359,514	124,076	210,894	588,797	
Indonesia	130	486	361	491	125	290	231	1,430	509	265	5,924	828	284	
Iran (Islamic Republic of)	0	282	0	0	0	0				0	0			
Ireland	95,773	78,343	67,941	87,428	88,223	76,576	100,468	102,239	96,711	132,346	124,382	125,267	129,397	
Israel	248	19	43	2	123	575	0	35	1,537	5	744	459	3	
Italy	9,965	26,090	8,038	8,960	8,557	12,848	13,960	35,962	7,293	5,638	13,921	10,150	8,860	
Jamaica	0	0	0	0	0	0	0	0	0	0	0	0		
Japan	8,359	572	1,146	1,361	1,169	697	318	262	1,489	453	333	461	195	
Jordan	0	0	0	0		33	0	0	0	1	5	3	33	
Kazakhstan	115	2	0	14	0	3	0	70	0	0	0	2	0	
Kenya	11	105	62	74	8	99	191	325	1,509	6	41			
Korea, Republic of	43,924	162,672	127,942	116,548	164,917	132,451	132,081	8,742	37,097	51,590	10,323	10,803	180,027	
Kuwait	0	3	0	0		1	2	0						
Latvia	5	3	1	0	0	0	360	0	0	0	0	9	0	
Lebanon	364	152	106	129	85	170	3,515	6,473	467	1,651	3,077	304	4,455	
Lesotho	16	0	0					0	0	1				
Libya							0	0	0	0				
Lithuania	0	1	264	0	70	76	0	0	0	17	198	136	0	
Luxembourg	0	0	31	1	0	0	0	9	8	10	11	8	3	
Macao, China	0	0	0	1	0	0	0	0	0	0		0		
Macedonia, The Former Yugoslav Republic of	0	0	0	0	0	0	3		0	21	5	147	0	
Madagascar	55	0	0	475	0	67	8	28	16	1,614	0	1	134	
Malawi	22	2	11	0	10	7	0	4	3	5	53	0	70	
Malaysia	64	17	16	51	180	104	1,867	7,880	1,217	5,224	3,092	6,432	2,582	
Mali	783	559	3,129	6,036	6,575	10,893	11,489	8,038		4,867	3,220	10,862		
Malta	13	0	0	0	0	0	0	516	0	0	0	0	0	
Mauritania	0	11	0	226	150		88	292	1,313	579	361	2		
Mauritius	1	2	73	10	128	136	88	7,511	155	10,630	50	40	2,388	
Mayotte	0	4	7	24	0	9	0	0	17					
Mexico	376	1	1,369	21	46	13	35	19,697	5,979	110	64	26	39	
Montenegro						153	0	3	0	2,187	3,521	1	6	
Morocco	8,406	5,888	6,481	6,555	7,279	14,978	12,243	10,501	16,964	9,076	14,502	25,281	14,635	
Mozambique	0	0	3	0	0	1	0	9	0	0	8	0	162	
Myanmar										13				
Namibia	35	5	1	0	0	0	0	22	5	23	0	12	103	
Nepal			1						14	52	900			
Netherland Antilles					0	0	1	0						
Netherlands	4,303	5,438	3,212	383	4,560	2,623	35,916	1,518	1,246	1,529	513	11,045	2,563	
New Zealand	59	4	15	5	8	45	43	229	60	23	10	20	191	
Nicaragua	0	275	0	90	9	0	0	0	0	0	0	0	0	
Niger	0	14	4	22	18	42	310	120	578	249	151	80	119	
Nigeria	11,249	5,691	24,829			1,438	1,278	371	148	1,249	0	48		
Norway	177	225	108	2	73	3	162	44	94	123	131	11	222	
Oman	0	0	133	1	0	0	0	0	0	0	0	0	0	
Pakistan			0	33	1,191	239	217	240	35	345	235	187	792	
Palestine, State of							0	0	14	7	90	0		
Papua New Guinea	0	0	0	0							0	5		
Paraguay	0	0	0	0	0	0	0	0	0	0	0	0	0	
Peru	0	0	2	0	1	1	4	1	0	67	0	710		
Philippines	20	171	147	0	0	0	0	0	0	0	0	31	0	
Poland	1,290	1,496	5,001	2,055	1,893	2,805	2,179	3,824	2,689	8,799	11,750	7,209	4,117	
Portugal	4,604	2,000	2,576	2,000	3,018	2,966	271	909	103	84	169	838	705	
Qatar	0	0	0	0	0	105	15	177	83	0	0	0	48	
Republic of Moldova	0	0	0	2	0	9	0	25	0	0	8	0	0	
Romania	8,888	23,010	23,216	36,304	40,949	26,361	1,591	160	7,314	680	3,410	29,021	25,020	
Russian Federation	79,683	61,980	78,697	165,718	213,648	173,229	198,365	227,236	115,746	155,402	184,643	68,914	233	
Rwanda	8	0	1	1	0	1	2	19	10	1	4	0	0	
Saint Kitts and Nevis	24	0	0	0	0	178	0	0	0	0	0			
Saint Lucia	6	16	0	14	0	8	0	0						
Saint Vincent and the Grenadines	0	0	0	0	0	0	0	0	0	4	2	2		
Saudi Arabia	334	8	21	99	52	1	37	0	230	0	0	192		
Senegal	193	640	738	1,408	2,173	2,318	2,987	3,834	2,621	2,230	301	293	613	
Serbia					207	85	75	49	28	33	69	145	91	
Serbia and Montenegro	354	699		734										
Sierra Leone		634												
Singapore	133	105	53	409	180	533	1,176	1,533	306	1,949	1,973	668	192	
Slovakia	30	4	38	59	24	8	58	103	7	7	0	5	1	
Slovenia	4,472	37	84	272	379	15	0	1	7	21	17	4	0	
Solomon Islands								0	3	0	2			
South Africa	491	426	771	1,633	1,751	1,952	2,913	3,086	1,155	21,331	41,353	4,308	338	
Spain	102,012	92,792	92,679	131,602	149,044	135,295	163,095	242,428	220,373	174,320	226,604	195,393	173,430	
Sri Lanka	0	0	0	0	0	0	0	0	1	0	0	41		
Sudan (North + South)	11	431	0	0	0	0		5	11	7	254			
Sweden	10,763	1,312	133	9	5	248	264	775	257	1,221	372	355	267	
Switzerland	113	98	655	1,877	1,702	118	156	93	2,616	248	101	146	114	
Syrian Arab Republic	0	0	1,161	0	0	0	0	0	0	4				
Taipei, Chinese	158	1,512	508	682	619	459	1,489	2,318	501	1,557	564	81	82	
Tanzania, United Republic of	25	44	82	44	37	149	179	274	25	2,082	46	24	242	
Thailand	160	38	360	4,162	476	1,529	96	2,219	750	1,092	1,506	2,846	53,819	
Togo	3	2	20	13	42		722	448	404	4	2,106	2,398	944	
Trinidad and Tobago	0	0	25	0	0	0	0	0	0	0				
Tunisia	339	0	24	0	25	16	18	0	0	3,185	10	1,945	987	
Turkey	121	300	293	33	179	397	717	6,038	922	2,655	1,954	4,803	12,518	
Uganda	85	13	33	20	8	17	18	112	31	66	231	53	30	
Ukraine	78,465	60,979	45,940	44,510	115,865	95,279	76,316	88,879	92,730	106,105	100,725	116,532	129,910	
United Arab Emirates					2,693		13,523	9,623						
United Kingdom	226	37,736	43,813	41,604	1,536	4,288	2,768	3,858	749	3,287	4,854	3,706	2,500	
United States of America	106,075	84,670	87,248	79,639	89,698	115,372	138,970	139,583	94,695	113,514	121,793	145,193	138,070	
Uruguay	0	0	0	0	0	0	63	0	0	0	0	0	0	
Venezuela	0	0	21	0	0	0		0	0	0	0	0	9	
Viet Nam	577	81	40	2,675	1,249	2,078	4,070	4,823	3,970	7,114	12,960	16,740		
Yemen				2	7	0	1	0	0	0	0	0		
Zambia	3	0	0	3	0	0	22	15	110	5	5	1,556	34	
Zimbabwe	0	1		0	0	0	0	2	5	2	1	2	14	
