List of importing markets for a product exported by Switzerland Product: TOTAL All products
"Importers"	"Exported value in 2001"	"Exported value in 2002"	"Exported value in 2003"	"Exported value in 2004"	"Exported value in 2005"	"Exported value in 2006"	"Exported value in 2007"	"Exported value in 2008"	"Exported value in 2009"	"Exported value in 2010"	"Exported value in 2011"	"Exported value in 2012"	"Exported value in 2013"	
World	82,097,697	91,992,367	104,971,878	123,009,911	130,929,632	147,856,286	172,078,120	200,614,754	172,474,146	195,609,280	234,819,262	225,948,762	229,156,592	
Afghanistan	70	1,260	806	1,828	2,589	861	945	1,774	8,621	5,274	10,803	12,236	9,673	
Africa not elsewhere specified	5	0	0	0	0	0	6,421	4,760	6,841	1,283	3,525	3,998	4,704	
Albania	6,389	14,024	13,401	25,878	20,631	24,009	26,524	34,776	36,584	32,862	40,591	33,080	34,441	
Algeria	85,083	91,695	105,476	155,176	119,325	198,301	328,808	479,196	570,820	479,495	525,203	423,157	456,145	
Andorra	6,931	6,894	7,769	5,494	7,420	4,869	5,420	5,939	7,910	7,863	6,571	5,622	14,325	
Angola	14,689	8,279	5,700	9,686	11,912	22,313	34,005	30,703	39,265	23,656	25,976	70,172	36,527	
Anguilla	66	17	50	51	100	76	2,447	242	202	102	25	411	1,297	
Antigua and Barbuda	3,254	1,559	2,733	3,895	4,525	5,202	4,388	4,397	2,328	2,718	2,511	2,314	2,265	
Area Nes	0	41,030	4,067	90	0	0	0	0	0	0	0	0	0	
Argentina	201,691	113,721	185,518	207,432	252,792	289,157	309,905	368,712	329,073	437,381	514,164	532,255	805,891	
Armenia	5,166	8,924	6,177	5,808	9,434	11,976	19,227	30,963	36,445	33,921	29,150	40,664	35,011	
Aruba	4,345	6,381	8,056	12,088	10,194	6,489	89,081	13,481	7,004	11,734	12,360	16,338	13,812	
Australia	652,787	679,328	780,621	1,036,388	1,149,812	1,314,041	1,655,167	1,975,680	1,811,280	2,094,219	2,818,133	2,662,922	2,584,084	
Austria	2,651,428	3,050,609	3,465,888	3,946,775	4,152,307	4,668,304	5,267,567	5,572,476	5,044,122	6,219,004	7,473,518	6,622,639	7,132,607	
Azerbaijan	9,615	15,666	16,757	42,957	33,485	81,193	70,676	128,789	95,142	136,622	236,538	189,428	244,908	
Bahamas	46,179	65,754	96,465	50,147	55,271	79,975	114,392	77,798	100,897	87,800	181,094	134,925	83,271	
Bahrain	58,589	125,924	86,620	141,758	110,985	140,549	191,362	200,048	289,931	262,036	264,482	261,832	335,016	
Bangladesh	52,860	44,491	46,360	72,179	75,300	77,899	80,485	122,832	66,800	79,596	135,611	112,041	110,430	
Barbados	2,056	2,087	3,175	7,037	7,628	11,244	13,653	16,621	6,797	7,867	10,722	7,938	11,300	
Belarus	18,127	16,775	20,759	35,423	57,451	55,386	80,520	133,905	102,956	92,051	195,098	175,853	165,757	
Belgium	1,608,390	1,942,165	2,050,836	2,299,739	2,355,622	2,584,776	3,274,844	3,889,317	3,582,977	3,724,554	4,764,392	5,224,977	5,767,093	
Belize	142	847	461	902	1,837	1,681	4,643	8,361	5,409	8,561	14,582	10,178	14,051	
Benin	21,272	16,405	15,786	9,498	8,853	12,859	20,214	31,504	24,835	33,821	33,224	23,304	31,443	
Bermuda	10,221	10,726	41,641	21,614	17,514	25,923	11,964	53,279	55,096	5,472	4,868	4,076	3,176	
Bhutan	321	332	478	589	371	1,290	636	2,198	1,708	1,710	10,263	3,911	5,768	
Bolivia	6,404	5,349	5,838	6,026	8,989	6,524	12,948	10,085	11,612	12,264	17,510	37,203	25,084	
Bosnia and Herzegovina	17,002	22,890	27,237	31,589	36,197	40,622	63,374	68,069	57,564	58,446	64,550	57,757	53,497	
Botswana	1,334	2,035	25,281	53,027	1,631	2,161	2,989	3,798	3,086	1,424	2,931	33,103	1,895	
Brazil	732,878	711,075	866,133	1,007,242	915,131	1,165,554	1,559,374	2,237,198	1,837,193	2,227,543	2,513,052	2,509,408	2,402,260	
British Indian Ocean Territories	0	20	71	6	15	245	561	2	0	114	763	30	8	
British Virgin Islands	12,378	50,838	113,087	120,703	74,959	60,130	95,569	188,640	106,395	98,789	117,384	141,846	147,920	
Brunei Darussalam	2,872	2,796	5,921	2,616	1,506	13,231	16,069	7,200	2,407	8,399	2,968	1,580	2,836	
Bulgaria	83,978	101,612	135,640	231,124	186,829	253,971	247,624	333,712	247,591	252,469	300,841	317,308	353,819	
Burkina Faso	672	921	1,207	1,424	1,331	2,083	2,222	3,613	3,608	3,234	3,251	8,954	7,103	
Burundi	539	510	414	556	7,778	2,701	589	938	321	1,218	1,628	1,029	740	
Cabo Verde	447	574	351	368	518	595	988	1,146	402	1,474	2,709	1,957	1,916	
Cambodia	4,579	3,043	5,589	4,710	4,714	7,540	7,750	7,511	4,282	5,471	5,510	7,774	9,982	
Cameroon	9,038	8,095	8,640	12,447	10,680	18,217	11,711	14,450	11,697	19,270	23,145	13,929	13,863	
Canada	816,294	1,003,818	1,069,102	1,605,887	1,822,356	2,197,868	2,418,344	2,246,689	2,318,064	2,779,285	3,126,479	3,455,987	3,494,479	
Cayman Islands	9,032	13,186	19,422	27,232	21,939	25,163	23,839	18,243	29,081	20,197	34,023	14,471	21,877	
Central African Republic	344	174	70	171	592	1,280	210	1,086	294	987	320	315	354	
Chad	1,414	463	504	1,374	1,733	11,891	2,851	2,915	2,111	1,690	1,595	1,892	2,984	
Chile	97,199	91,748	99,441	109,385	131,964	156,698	161,580	204,763	207,326	197,939	311,077	287,602	317,797	
China	988,882	1,332,610	1,848,059	2,501,958	2,784,836	3,277,357	4,512,398	5,676,595	5,074,931	7,178,058	9,971,193	8,350,830	9,448,527	
Christmas Islands	420	2	72	7	0	23	6	2	0	27	122	13	0	
Cocos (Keeling) Islands	74	0	0	15	21	0	86	0	25	0	0	0	0	
Colombia	114,246	122,857	141,099	171,410	188,966	183,294	256,592	283,445	269,177	291,651	388,516	435,622	481,507	
Comoros	12	81	73	85	25	141	137	246	81	120	57	57	33	
Congo	3,011	3,046	10,118	3,172	2,268	3,200	7,257	7,070	5,728	8,657	12,068	8,044	9,460	
Cook Islands	29	0	0	15	19	53	0	82	2	33	36	1	94	
Costa Rica	38,916	41,415	24,017	37,018	37,673	45,248	50,123	70,150	49,752	65,722	75,708	73,905	84,365	
Côte d'Ivoire	18,289	16,947	22,296	33,583	16,592	21,442	47,541	30,510	23,948	50,303	41,004	24,122	46,504	
Croatia	109,808	131,889	159,864	182,559	179,721	216,581	265,721	304,160	234,974	217,387	229,946	213,763	249,761	
Cuba	13,290	3,798	6,951	10,742	15,099	19,858	20,095	18,248	20,000	15,878	17,735	17,787	19,239	
Cyprus	57,401	96,832	60,260	80,635	53,886	59,837	69,345	97,647	72,222	76,452	79,732	64,376	92,935	
Czech Republic	550,171	614,757	774,582	927,958	1,025,332	1,157,426	1,522,360	1,721,249	1,361,066	1,645,433	1,768,426	1,599,377	1,581,871	
Democratic Republic of the Congo	3,497	3,168	3,514	3,952	4,695	3,473	2,613	4,560	8,341	7,770	5,960	11,062	7,670	
Denmark	653,399	672,560	762,749	834,530	905,844	1,091,985	1,111,582	1,261,554	1,091,604	992,965	1,131,388	1,036,912	1,067,078	
Djibouti	80	382	403	1,527	276	451	503	1,028	464	670	868	722	748	
Dominica	224	618	1,188	1,394	834	557	573	883	529	453	348	263	228	
Dominican Republic	12,668	16,397	15,769	11,277	14,501	17,660	15,815	16,989	21,229	21,469	26,564	22,166	22,382	
Ecuador	35,147	34,581	33,681	38,977	44,756	54,577	60,471	84,875	76,915	91,163	132,750	119,039	128,513	
Egypt	316,355	303,141	308,798	315,603	313,504	334,269	390,763	581,268	604,701	678,024	669,113	700,456	809,270	
El Salvador	15,931	11,494	8,272	8,330	8,727	15,428	11,145	11,125	8,193	9,460	14,276	15,630	14,207	
Equatorial Guinea	291	363	369	192	2,606	378	764	1,175	2,345	2,711	986	1,788	1,285	
Eritrea	614	734	854	1,821	1,546	390	292	1,610	677	1,302	299	2,838	599	
Estonia	20,158	23,950	32,317	41,047	56,338	69,491	80,993	96,583	50,089	78,018	114,938	131,251	144,418	
Ethiopia	7,404	103,645	6,173	12,936	20,749	22,130	24,436	26,627	27,278	28,751	27,282	30,567	35,369	
Falkland Islands (Malvinas)	4	37	120	15	0	14	30	64	33	121	2,185	198	409	
Faroe Islands	147	187	50	287	8,687	1,086	8,190	1,184	674	538	924	1,047	406	
Fiji	163	415	1,076	2,307	1,917	906	1,650	4,540	1,442	3,068	2,874	3,193	3,890	
Finland	472,328	468,944	555,789	616,571	678,336	802,916	858,587	1,014,983	846,397	873,330	988,615	934,505	828,989	
France	7,376,254	8,440,241	9,253,958	10,908,996	11,386,733	12,700,851	14,313,013	17,264,122	14,475,685	15,040,329	16,823,255	15,993,801	16,175,736	
French Polynesia	613	584	2,390	829	1,626	1,071	4,220	2,160	958	928	1,199	2,471	1,806	
French South Antarctic Territories	172	1	11	89	160	295	398	168	329	171	42	0	2	
Gabon	4,978	4,612	5,849	9,820	9,037	5,860	3,515	6,092	20,233	7,531	6,013	3,195	4,294	
Gambia	847	2,717	780	1,042	1,132	880	4,236	7,467	8,147	2,944	1,711	1,716	2,024	
Georgia	2,056	3,285	5,657	7,185	8,267	12,300	19,091	30,299	22,473	27,159	33,582	50,834	48,895	
Germany	17,792,194	18,693,565	21,732,555	24,900,677	25,457,784	29,054,828	34,970,043	39,521,637	33,057,280	37,757,588	47,320,037	44,630,123	42,360,459	
Ghana	10,814	11,326	12,050	21,420	19,258	18,228	20,100	34,837	26,857	20,874	42,492	38,019	38,397	
Gibraltar	11,422	21,075	18,555	24,916	19,533	37,609	43,212	14,678	3,132	6,723	6,299	6,036	15,512	
Greece	539,553	623,547	818,783	955,013	929,136	1,042,056	1,346,955	1,553,907	1,334,282	1,237,444	1,239,547	1,010,424	977,677	
Greenland	13	131	177	47	20	84	2,015	260	651	96	637	54	84	
Grenada	233	39	124	70	77	137	518	402	132	92	86	384	418	
Guatemala	22,683	18,196	17,891	22,192	19,156	21,600	23,583	21,999	17,150	27,238	32,928	33,039	40,417	
Guinea	10,468	13,136	18,663	13,296	7,613	5,937	3,787	4,389	5,029	6,369	10,161	4,837	5,418	
Guinea-Bissau	869	428	83	290	1,414	1,083	1,188	921	168	353	1,413	2,569	1,484	
Guyana	513	731	808	760	897	832	524	1,379	1,252	948	801	978	943	
Haiti	795	1,149	1,069	2,358	1,408	1,163	1,077	946	1,640	3,606	3,373	3,472	2,473	
Honduras	14,096	18,952	13,724	15,159	10,820	16,107	21,291	22,806	15,093	18,847	18,575	16,886	13,709	
Hong Kong, China	2,394,470	3,067,715	3,081,969	3,411,911	3,222,662	3,746,920	4,424,423	5,776,522	4,999,492	6,282,026	8,940,196	8,827,245	8,847,452	
Hungary	411,439	462,291	631,937	712,977	777,172	803,906	1,010,294	1,088,315	921,559	921,772	1,064,819	1,067,830	920,715	
Iceland	17,166	20,906	26,232	30,717	48,589	39,004	33,886	30,064	21,625	22,732	34,681	27,571	29,262	
India	388,698	424,472	564,306	832,951	1,114,422	1,506,654	1,928,877	2,235,366	1,986,587	2,464,595	3,364,764	2,836,625	2,170,743	
Indonesia	161,062	189,241	217,687	234,277	262,964	260,453	324,600	376,707	342,051	424,485	496,010	460,937	619,330	
Iran (Islamic Republic of)	263,013	310,535	402,948	470,776	599,134	599,506	637,630	786,297	697,231	674,944	761,475	495,360	358,808	
Iraq	44,080	79,716	28,561	81,290	39,433	61,149	70,291	78,484	102,201	156,556	229,841	331,926	466,040	
Ireland	400,803	579,128	646,270	764,858	728,377	723,940	834,032	787,321	579,009	626,538	991,765	755,183	905,671	
Israel	756,751	476,455	528,041	601,134	623,799	731,897	889,209	1,128,781	854,442	919,792	1,078,418	1,072,884	1,189,161	
Italy	6,548,270	8,222,301	9,511,331	11,047,178	11,909,854	13,050,809	15,106,621	17,448,364	14,577,736	15,375,882	18,380,663	16,013,414	16,208,784	
Jamaica	7,689	12,375	11,879	13,382	12,779	14,347	14,709	13,640	7,934	9,469	14,090	12,945	12,816	
Japan	3,191,079	3,335,741	4,022,361	4,607,973	4,733,076	5,369,598	5,618,910	6,555,739	6,580,400	6,473,997	7,509,215	7,423,266	6,649,423	
Jordan	65,536	64,445	92,291	115,479	120,548	146,600	161,140	178,397	182,482	217,679	234,324	252,659	298,111	
Kazakhstan	27,422	49,369	57,794	84,174	67,739	173,660	153,563	167,464	155,109	168,276	318,080	239,908	209,745	
Kenya	17,046	20,437	20,594	23,622	25,805	42,743	57,344	55,278	52,147	50,577	61,434	73,570	78,824	
Kiribati	0	0	3	2	4	1	0	7	0	0	67	2	4	
Korea, Democratic People's Republic of	8,275	13,194	5,908	4,960	3,608	2,887	2,856	3,935	2,990	2,831	266	2,602	6,050	
Korea, Republic of	627,462	708,778	821,737	1,057,281	1,035,636	1,342,333	1,583,310	1,835,965	1,746,166	2,183,706	2,620,359	2,573,020	2,738,848	
Kuwait	104,076	148,082	181,991	191,044	225,683	269,819	318,279	462,668	302,783	436,200	358,560	389,220	471,066	
Kyrgyzstan	571	1,780	1,475	1,634	3,333	4,925	5,562	10,632	9,351	7,302	9,034	11,819	17,489	
Lao People's Democratic Republic	324	719	571	1,071	1,557	1,765	1,743	2,772	2,075	1,276	1,219	2,001	5,957	
Latvia	49,464	65,437	77,567	99,658	104,717	131,289	192,754	205,838	177,118	184,484	226,295	153,286	147,240	
Lebanon	113,581	187,661	187,314	238,516	240,055	236,382	324,191	412,856	355,499	492,318	475,703	547,740	578,821	
Lesotho	90	48	907	334	92	489	238	190	364	168	276	546	550	
Liberia	9,809	9,992	7,701	10,625	11,795	13,574	10,614	14,296	15,770	18,958	26,364	28,588	47,985	
Libya	66,032	88,599	91,459	153,122	150,389	191,149	232,679	262,293	143,991	105,354	109,848	229,935	374,114	
Lithuania	44,836	49,098	70,597	77,371	86,720	102,471	149,861	145,714	81,434	96,702	150,223	171,579	191,777	
Luxembourg	147,457	105,873	146,925	312,352	463,745	287,313	266,532	300,151	228,966	284,261	365,052	331,267	282,903	
Macao, China	2,647	3,484	5,631	4,574	8,870	15,799	40,133	44,907	20,558	28,297	55,855	67,812	43,819	
Macedonia, The Former Yugoslav Republic of	16,990	26,026	25,848	37,071	36,130	32,808	38,449	61,057	49,370	45,103	57,385	58,568	55,442	
Madagascar	2,707	1,253	2,476	2,614	8,346	2,273	3,152	5,352	2,675	2,773	3,660	3,976	4,913	
Malawi	197	266	507	626	2,111	375	5,022	4,263	11,216	8,443	7,284	6,035	5,482	
Malaysia	328,005	287,354	334,519	505,831	466,459	410,976	536,841	561,263	513,967	617,950	810,203	769,655	823,101	
Maldives	1,481	1,368	1,604	1,959	1,127	1,805	2,444	2,939	2,580	2,076	3,898	3,002	3,415	
Mali	3,015	2,126	1,395	3,753	2,409	2,076	3,382	5,044	3,946	8,018	9,355	4,797	8,214	
Malta	34,352	39,616	57,835	69,271	58,857	72,200	63,110	123,672	180,731	65,922	67,871	55,859	56,327	
Marshall Islands	950	1,142	1,215	1,823	1,417	2,005	1,913	329	117	91	738	3,112	2,114	
Mauritania	7,879	18,490	1,411	1,772	682	1,524	1,792	1,379	1,292	2,066	3,008	10,330	8,068	
Mauritius	26,525	26,917	29,903	37,063	29,692	34,200	57,220	40,377	27,572	41,809	49,946	41,446	41,603	
Mayotte	3	193	3	7	24	8	17	107	40	55	448	345	530	
Mexico	657,769	637,285	679,909	840,813	796,421	1,021,348	1,142,550	1,210,379	1,090,534	1,289,209	1,482,795	1,457,960	1,644,956	
Micronesia (Federated States of)	75	49	1	0	3	0	0	1	152	108	78	29	3	
Mongolia	3,662	2,808	4,684	1,612	817	754	1,739	1,996	4,462	2,700	9,932	11,323	13,237	
Montenegro	0	0	0	0	0	4,083	18,383	16,121	13,875	13,320	12,168	10,895	12,513	
Montserrat	265	159	47	4	37	62	20	11	0	5	76	31	5	
Morocco	91,019	97,335	117,956	150,329	173,997	226,437	225,582	349,620	282,689	286,283	328,096	294,348	283,912	
Mozambique	1,146	3,574	1,387	3,237	2,977	2,037	3,512	10,304	7,682	16,892	13,081	14,650	13,476	
Myanmar	1,719	6,208	2,324	3,493	3,931	3,480	2,445	5,683	5,801	8,696	4,533	3,185	9,197	
Namibia	2,462	1,629	1,793	16,828	764	2,203	1,296	1,317	1,834	5,909	2,287	5,612	5,084	
Nauru	50	86	9	66	5	1,103	8	25	15	3	0	27	2	
Nepal	2,916	2,631	2,399	3,612	4,024	3,907	9,331	6,592	9,087	15,412	16,803	21,611	22,584	
Netherland Antilles	12,079	19,363	20,747	18,721	20,808	22,149	26,491	32,327	21,733	30,843	30,437	27,099	33,107	
Netherlands	2,503,273	2,684,908	3,334,958	3,593,731	4,456,816	4,850,785	5,203,834	5,874,241	4,938,241	5,557,423	5,809,449	5,512,329	5,783,972	
New Caledonia	835	964	720	1,627	2,456	2,256	5,653	1,940	1,997	1,807	3,879	3,120	3,818	
New Zealand	79,829	83,883	111,536	131,366	164,396	141,570	187,279	208,561	175,209	211,516	224,278	229,641	241,259	
Nicaragua	4,992	4,922	1,826	3,049	1,121	1,564	17,558	4,997	2,807	3,174	5,142	3,953	5,094	
Niger	2,738	13,189	10,406	10,539	13,937	19,195	16,976	25,015	18,008	25,386	25,928	21,164	21,394	
Nigeria	86,700	101,930	110,886	115,905	95,374	152,531	174,796	189,291	173,187	258,513	253,713	236,282	249,195	
Niue	69	2	0	3	251	0	11	12	2	0	0	0	0	
Norfolk Island	2	2	12	2	10	47	11	29	9	4	9	3	8	
Northern Mariana Islands	427	257	414	756	210	273	179	111	102	406	33	90	40	
Norway	360,607	347,981	378,951	428,607	480,468	567,902	698,923	983,885	701,096	718,744	961,829	1,116,319	1,029,037	
Oman	80,728	51,630	72,764	62,551	65,384	88,786	155,732	142,162	139,830	200,519	190,162	242,053	255,861	
Pakistan	141,298	132,922	186,632	274,864	288,365	261,409	275,680	376,226	295,107	283,857	315,442	278,580	299,691	
Palau	0	0	2	1	43	0	68	0	1	0	0	1	144	
Palestine, State of	755	2,110	3,950	8,923	11,755	9,228	14,778	23,012	25,694	26,719	31,933	29,170	29,669	
Panama	173,829	191,962	164,499	167,774	185,182	198,736	290,511	322,609	268,824	248,710	207,015	261,162	319,645	
Papua New Guinea	249	479	490	249	531	280	4,413	1,064	387	20,485	3,169	7,795	1,381	
Paraguay	11,894	8,213	8,262	7,523	9,424	9,752	13,003	11,579	10,582	14,507	19,396	24,101	36,550	
Peru	38,610	43,758	46,483	52,792	78,291	69,221	84,862	112,345	87,193	122,962	128,708	172,938	196,066	
Philippines	142,433	152,617	155,018	175,042	169,521	173,438	215,336	256,506	224,761	286,218	300,572	334,606	389,870	
Pitcairn	35	15	28	51	17	0	101	1	0	0	39	78	610	
Poland	717,136	744,472	850,565	1,083,990	1,140,261	1,389,784	1,809,404	2,272,675	1,676,159	1,989,276	2,228,531	2,018,911	2,280,773	
Portugal	520,390	548,128	648,086	698,554	742,877	793,664	908,855	1,006,745	935,185	980,646	993,693	862,876	1,154,081	
Qatar	89,436	75,223	86,979	191,354	191,508	229,819	323,202	470,233	546,531	376,639	435,069	627,236	604,328	
Republic of Moldova	13,371	5,060	13,944	17,421	12,050	17,251	23,031	24,076	17,123	15,881	24,657	28,074	33,522	
Romania	171,663	159,853	242,697	376,112	477,537	655,612	611,618	866,799	682,595	725,485	859,759	845,537	855,053	
Russian Federation	494,088	569,646	802,450	975,977	1,249,334	1,792,427	2,438,657	2,953,875	1,963,036	2,585,728	3,396,477	3,157,953	3,381,974	
Rwanda	363	487	1,763	480	558	5,172	2,303	2,055	2,976	6,199	2,333	3,115	8,203	
Saint Helena	43	5	3	105	50	0	71	73	0	58	4	34	78	
Saint Kitts and Nevis	117	57	119	303	666	1,365	420	596	503	1,498	853	879	990	
Saint Lucia	398	1,183	1,420	3,032	2,643	1,677	3,400	3,672	1,181	2,568	1,469	1,997	2,444	
Saint Vincent and the Grenadines	493	1,448	986	2,289	1,137	6,758	766	3,056	2,863	2,019	4,432	5,086	29,644	
Samoa	53	355	203	128	1	30	33	30	4	9	5	7	104	
Sao Tome and Principe	268	259	475	254	8	30	20	216	69	603	281	345	298	
Saudi Arabia	589,426	858,217	999,513	896,429	895,069	978,559	1,295,653	1,542,984	1,505,456	1,568,789	1,846,816	2,128,591	2,317,603	
Senegal	12,464	10,000	13,093	12,798	14,091	9,967	18,126	16,949	15,873	19,975	25,122	23,232	26,438	
Serbia	0	0	0	0	0	163,208	205,057	266,650	229,576	195,903	199,096	180,023	202,279	
Serbia and Montenegro	74,339	98,356	145,672	175,407	156,268	0	0	0	0	0	0	0	0	
Seychelles	1,528	865	1,265	1,306	1,481	987	1,611	1,109	224,644	2,201	3,527	9,043	9,914	
Sierra Leone	570	948	511	660	553	377	1,466	1,279	7,953	1,570	2,018	1,564	642	
Singapore	936,780	984,893	1,015,334	1,208,505	1,311,822	1,474,432	1,760,944	2,129,310	1,917,180	2,788,032	3,555,687	3,925,340	4,177,712	
Slovakia	151,821	169,385	212,994	238,623	272,567	323,621	454,943	519,139	454,380	486,942	560,370	475,689	556,960	
Slovenia	155,196	171,631	221,029	239,699	248,361	281,512	332,873	408,799	300,220	326,013	356,772	369,440	448,037	
Solomon Islands	23	8	35	36	36	39	300	276	421	59	551	356	236	
Somalia	223	16	94	144	9	83	62	13	0	65	275	95	204	
South Africa	303,318	333,997	390,172	446,317	536,333	582,230	673,470	720,105	617,567	738,253	895,099	768,827	751,641	
Spain	2,586,855	2,932,725	3,655,007	4,821,736	5,304,699	5,570,707	6,326,532	6,861,849	6,012,291	6,134,402	6,552,195	5,871,401	5,756,493	
Sri Lanka	36,543	36,754	42,592	61,849	55,858	61,192	56,261	75,275	65,093	82,567	104,103	106,082	104,686	
St. Pierre and Miquelon	20	224	8	0	2	48	0	2	0	188	155	2	0	
Sudan (North + South)	16,608	17,403	22,513	26,820	33,692	49,172	43,684	48,673	38,706	42,221	52,026	51,692	63,606	
Suriname	404	424	2,030	2,065	1,421	2,112	1,474	1,756	1,207	1,505	2,061	3,381	4,409	
Swaziland	392	932	905	540	1,329	1,017	893	1,711	1,105	2,849	2,406	2,645	2,767	
Sweden	955,517	957,805	1,211,139	1,329,483	1,289,935	1,411,759	1,588,298	1,760,368	1,386,911	1,578,983	1,808,076	1,702,940	1,586,330	
Syrian Arab Republic	65,666	100,229	81,277	106,369	117,311	102,453	152,302	187,877	191,390	260,803	280,259	144,252	34,087	
Taipei, Chinese	775,208	764,795	990,390	1,200,900	1,081,251	1,163,395	1,305,844	1,499,092	1,097,961	1,476,868	2,039,582	1,848,561	1,781,206	
Tajikistan	1,911	994	350	2,684	1,546	1,739	5,243	2,903	2,260	3,355	4,254	2,781	3,516	
Tanzania, United Republic of	4,173	9,060	6,359	8,035	13,317	21,654	25,069	24,879	29,936	24,763	29,945	33,303	20,163	
Thailand	477,359	548,520	609,928	683,067	750,161	824,759	873,175	1,085,923	855,261	1,068,319	1,279,279	1,318,516	1,202,954	
Timor-Leste	267	98	994	225	66	23	27	336	134	357	215	159	88	
Togo	8,642	11,697	12,609	12,691	13,330	16,877	16,748	20,920	14,632	16,719	18,484	18,208	19,278	
Tokelau	185	955	862	27	10	490	65	4	8	0	268	1,634	0	
Tonga	7	12	93	11	3	29	1	372	11	21	6	13	29	
Trinidad and Tobago	5,515	18,534	3,971	7,551	9,614	8,117	7,089	19,634	9,199	10,989	6,227	4,627	6,352	
Tunisia	70,953	79,283	68,853	86,236	76,088	94,923	100,473	133,325	192,597	187,062	258,357	213,826	226,269	
Turkey	713,323	1,078,945	1,258,764	1,608,225	1,650,279	1,852,559	2,202,019	2,295,237	1,660,968	2,030,152	2,421,712	1,960,528	2,151,713	
Turkmenistan	6,178	2,187	4,845	5,020	4,237	7,692	8,582	14,808	29,542	16,039	23,645	33,617	28,311	
Turks and Caicos Islands	504	862	747	1,342	1,435	2,799	4,185	4,194	2,015	2,969	3,072	4,133	4,087	
Tuvalu	14	16	0	10	48	7	3	4	0	0	0	0	0	
Uganda	2,720	2,731	3,854	4,034	2,836	31,271	18,832	11,698	12,400	11,658	12,801	14,433	11,922	
Ukraine	94,091	116,444	150,640	187,639	232,680	340,596	447,318	582,840	335,574	448,021	690,328	543,292	560,580	
United Arab Emirates	489,430	697,273	746,649	912,316	1,126,581	1,400,197	1,645,503	2,639,096	2,051,192	2,163,979	3,142,039	3,389,145	3,509,385	
United Kingdom	4,551,077	4,691,399	5,033,206	6,181,874	7,071,571	7,148,119	8,779,009	10,325,259	8,689,050	11,567,681	11,225,868	12,162,030	11,825,938	
United States Minor Outlying Islands	11,467	12,047	15,727	15,952	21,485	18,469	11,965	11,102	9,118	10,038	12,094	10,815	9,319	
United States of America	9,550,765	11,024,276	11,746,861	12,887,892	14,251,725	16,379,371	16,721,110	19,303,533	17,316,344	19,798,455	24,091,992	25,117,924	26,828,962	
Uruguay	40,634	50,799	59,582	60,176	67,256	83,093	83,406	118,538	104,731	130,601	149,334	247,493	291,193	
Uzbekistan	16,960	23,704	20,359	19,543	26,157	36,005	37,610	88,886	75,513	96,084	100,468	69,717	86,949	
Vanuatu	247	149	77	28	28	18	55	35	114	198	102	40	80	
Venezuela	120,187	128,954	69,973	98,970	133,323	186,658	249,058	267,140	231,273	245,351	422,136	488,578	416,142	
Viet Nam	59,331	74,906	97,939	110,892	93,221	112,124	199,448	232,152	515,136	262,703	289,091	343,957	364,204	
Wallis and Futuna Islands	0	29	0	118	0	6	1	5	11	3	0	2,878	1	
Western Sahara	1	13	10	33	0	0	0	0	2	0	0	0	0	
Yemen	19,854	26,755	31,071	27,492	35,545	34,942	49,320	44,943	65,539	51,440	24,023	37,682	75,623	
Zambia	1,988	1,453	3,331	8,622	6,516	7,425	3,842	9,010	10,258	6,631	9,780	12,273	14,993	
Zimbabwe	7,869	6,391	17,976	6,014	6,664	3,763	7,991	3,226	4,300	6,485	7,107	9,145	8,788	
