List of importing markets for a product exported by Greece (Mirror) Product: TOTAL All products
"Importers"	"Exported value in 2001"	"Exported value in 2002"	"Exported value in 2003"	"Exported value in 2004"	"Exported value in 2005"	"Exported value in 2006"	"Exported value in 2007"	"Exported value in 2008"	"Exported value in 2009"	"Exported value in 2010"	"Exported value in 2011"	"Exported value in 2012"	"Exported value in 2013"	
Total	10,178,508	10,744,470	12,690,495	14,831,540	16,460,718	20,046,359	23,456,257	24,889,004	21,243,665	23,192,763	28,012,557	28,199,793	29,018,913	
Afghanistan								0	13	0	504	0		
Albania	343,305	326,436	373,560	426,124	429,983	480,678	612,466	768,101	705,099	602,571	573,199	462,990	432,955	
Algeria	66,824	59,114	47,705	52,465	40,895	223,723	153,113	252,778	313,556	420,059	576,320	526,760	529,468	
Andorra	109	139	137	139										
Anguilla	0	1	0											
Antigua and Barbuda					19		202		6	1	6	30	2	
Argentina	9,008	4,239	6,534	12,213	7,741	7,096	7,628	8,201	4,172	4,476	17,368	14,376	14,513	
Armenia	13,539	11,953	30,357	31,642	37,786	51,316	40,683	38,812	30,789	50,835	60,602	28,725	22,032	
Aruba					224				0	0	0	0		
Australia	54,589	228,314	150,708	100,704	110,038	114,299	129,578	147,272	122,503	142,078	153,605	175,164	164,003	
Austria	119,469	121,876	155,432	176,749	182,067	178,331	227,878	208,728	161,377	156,046	219,899	190,701	196,847	
Azerbaijan	8,415	5,424	7,774	4,532	5,028	5,369	30,781	6,614	5,680	12,076	8,864	15,205		
Bahamas	43	75	68	1	201	63	0	1	7	7	38	360		
Bahrain	3,956	3,181	3,192	3,639	4,422	2,323	4,739	7,317	3,443	7,114	5,640			
Bangladesh	5,200	1,426	8,621	5,289	9,661	12,630	5,032							
Barbados	257	139	169	35	193	186	609	84	109	134	149	84	95	
Belarus	4,136	5,645	4,935	7,787	9,562	10,225	14,744	16,094	13,096	19,068	19,895	26,070	36,315	
Belgium	301,890	260,399	230,539	250,761	236,636	303,758	390,057	354,936	329,697	335,686	463,610	468,011	437,337	
Belize	2,038	0	0	4	43	18	876	52	26	0	0	26	2	
Benin	1,338	94	108	15	11	18	5,748	356	348	47	22	21,775	11,586	
Bermuda												5	15	
Bhutan					0	0	0	0	0	25	0			
Bolivia	71	53	90	317	84	86	404	183	72	168	772	98		
Bosnia and Herzegovina			15,487	31,304	45,389	29,291	35,794	79,553	77,691	106,170	155,366	119,659	111,471	
Botswana	291	395	341	286	116	354	635	446	238	424	144	9	305	
Brazil	19,063	27,436	24,243	49,232	26,474	59,507	41,226	66,852	34,941	67,792	103,174	42,192	115,106	
Brunei Darussalam	20	8	4	16		206				60	58	134	19	
Bulgaria	412,354	482,186	724,932	830,916	909,887	1,217,741	1,549,359	1,729,456	1,441,904	1,510,525	1,830,847	1,984,960	1,905,843	
Burkina Faso	61	181	157	94	12		45	8	90	65	55	32		
Burundi	227	129	149	121	614	111	5	106	544	54	103	198	898	
Cabo Verde	15	91	50	15	35	841	9		0	854	7	37	26	
Cambodia	0	0	21	140	292	0	48	66	22	39	107	134		
Cameroon	2,584	2,542	11,637	11,500	16,283	2,408	16,687	22,149	115,624	21,025	135,174	46,210		
Canada	67,229	67,474	81,062	99,388	120,033	181,027	125,812	130,713	123,809	138,310	169,932	152,985	148,784	
Central African Republic	0	0	4			0	0	88	0	0	0	66	0	
Chile	5,074	10,384	2,695	4,679	7,594	28,866	9,501	20,640	8,266	6,416	8,974	31,045	15,673	
China	58,500	55,055	74,668	86,309	86,689	104,315	170,450	185,480	213,028	390,396	353,607	427,352	434,858	
Colombia	2,321	1,426	2,144	1,497	5,666	1,236	3,749	3,858	3,848	1,654	6,150	10,821	12,405	
Comoros	0	0	1,748	0	0	0	0	0	0					
Congo							377	52	116	111	1,747	421	475	
Costa Rica	285	446	2,235	334	472	8,562	949	691	455	413	1,562	1,101	2,889	
Côte d'Ivoire	1,567	2,827	5,326	1,264	20,177	14,156	14,411	37,174	3,145	5,176	10,692	23,463		
Croatia	26,982	24,159	74,565	52,904	63,944	89,200	69,269	244,990	94,373	98,438	80,641	52,610	83,479	
Cuba	989	240	1,002	726	1,230	991								
Cyprus	349,554	389,603	535,082	867,574	1,090,163	1,222,283	1,529,622	1,819,348	1,586,595	1,616,341	1,863,825	1,567,318	1,488,383	
Czech Republic	63,795	69,773	72,164	84,761	112,573	147,524	161,962	193,295	144,271	175,013	191,838	167,533	211,575	
Denmark	93,989	109,096	135,448	160,151	164,155	169,597	206,509	175,110	205,531	181,474	173,509	163,695	173,458	
Djibouti									75					
Dominica	7	67	2	0	18	17	0	1	21	0	0	0		
Dominican Republic	1,122	424	335	426	419	503	436	1,113	2,093	1,483	1,921	1,854	2,886	
Ecuador	9,469	956	8,004	740	1,388	1,365	2,135	2,730	1,242	903	2,222	1,628	3,128	
Egypt	95,099	62,627	54,848	126,934	101,497	104,189	135,739	211,819	263,885	417,113	389,796	376,166	706,052	
El Salvador	548	1,291	645	590	1,010	567	501	484	327	346	178	465	1,055	
Eritrea			1,577											
Estonia	4,469	5,735	8,084	7,992	9,599	10,634	13,264	13,733	8,641	8,623	11,123	11,166	19,103	
Ethiopia	15,112	16,219	7,590	7,077	6,598	6,271	9,435	11,489	6,013	6,847	11,819	8,092		
Faroe Islands	295	325	553	496	485	405	586	450	358					
Fiji		914	116	266	314	92	25	0	10	48	85	3		
Finland	74,705	73,995	117,759	137,338	141,280	176,544	278,813	249,054	137,780	167,103	265,293	71,675	76,431	
France	477,468	604,547	561,454	656,464	652,626	945,178	836,012	950,043	740,344	810,628	1,003,783	845,678	799,706	
French Polynesia	360	437	463	394	402	374	383	486	695	1,258	1,750	1,434	1,263	
Gabon	2,045	7,056	1,933	306	14,871	322	32,370	6,226	125					
Gambia	812	0	0	0	0	0	0	0	0	5	11			
Georgia	4,701	8,499	9,412	14,483	18,588	22,856	52,812	57,443	61,955	72,660	61,906	50,949	59,501	
Germany	1,510,357	1,467,352	1,693,521	1,820,385	2,226,513	2,539,910	2,775,870	2,854,826	2,586,976	2,592,119	2,724,195	2,363,289	2,360,162	
Ghana	4,278		3,321		45,081	2,227	3,872	3,036	1,722	2,976	9,689	25,326		
Greenland	0	0	238	0	0	282	3	137	160	121	135	110	114	
Grenada	52	4	23	27	8	3	4	19						
Guatemala	353	212	350	654	1,589	820	2,836	2,012	1,407	1,397	1,799	2,500	3,201	
Guinea	2,319	3,676		3,055	1,207	770	223	15,109		18,756	21,169	9,759		
Guyana	72	0	25	245	28	0	22	0	0	11	11	150	11	
Honduras	12	161	8,758	973	1,625	814	2,415	387	505	1,354	1,997	1,307	1,468	
Hong Kong, China	44,519	44,221	32,174	46,905	40,741	33,061	27,957	34,946	28,832	43,836	52,967	70,895		
Hungary	56,585	66,098	74,043	83,426	73,580	77,424	99,910	106,956	78,002	106,754	125,240	84,716	90,531	
Iceland	1,317	1,383	1,579	16,109	3,701	2,166	2,962	3,254	2,537	2,880	2,732	2,599	3,284	
India	34,206	21,733	48,441	19,387	41,846	70,652	58,421	129,351	152,730	89,528	115,706	107,035	108,247	
Indonesia	18,383	15,711	16,263	21,608	28,353	27,788	29,344	28,032	32,830	66,875	67,651	122,875	90,571	
Iran (Islamic Republic of)	15,077	11,971	7,046	15,985	26,367	12,742				21,285	20,243			
Ireland	40,619	39,430	56,824	49,375	48,586	64,124	66,894	49,204	43,071	38,677	49,068	39,101	40,390	
Israel	139,102	135,486	155,239	173,924	226,567	249,350	284,582	221,418	200,588	199,362	263,535	196,802	195,655	
Italy	1,220,396	1,196,831	1,653,271	1,867,915	1,928,822	2,495,149	2,787,619	2,719,658	2,072,975	2,496,353	2,939,794	2,688,148	3,011,218	
Jamaica	71	54	54	113	192	187	296	163	1,880	421	466	628		
Japan	71,793	76,759	110,239	124,985	115,563	76,519	56,517	102,092	59,987	62,326	183,850	129,643	182,431	
Jordan	35,656	35,973	10,146	9,894		14,357	14,598	14,972	18,434	17,254	27,701	22,224	43,366	
Kazakhstan	63,297	14,276	5,641	8,703	8,290	9,068	16,320	17,650	12,486	16,772	16,110	17,934	19,384	
Kenya	1,453	1,114	2,809	10,502	12,644	10,959	19,150	3,081	2,792	5,340	7,620			
Kiribati					0		0	0	0	1	1	0		
Korea, Republic of	39,321	36,396	104,347	108,204	92,757	83,429	60,122	130,490	56,076	81,642	90,891	247,827	272,244	
Kuwait	13,267	13,624	14,331	13,723		15,737	21,948	18,137						
Kyrgyzstan	289	497	1,090	360	780	477	519	2,852	1,080	1,304	934	2,471		
Latvia	6,636	6,127	5,932	7,454	8,477	11,354	16,392	14,158	7,108	9,795	11,750	10,172	12,739	
Lebanon	142,025	72,451	83,069	68,588	97,410	114,111	143,279	106,925	101,886	248,330	303,526	890,924	607,642	
Lesotho	0	440	278					0	0	7				
Libya							20,673	38,625	117,789	74,385				
Lithuania	6,714	15,086	66,604	29,973	14,687	17,959	20,511	24,046	16,603	17,184	20,772	26,444	33,731	
Luxembourg	4,589	2,602	3,217	6,422	4,680	5,392	7,975	7,533	5,743	7,813	5,828	4,601	4,543	
Macao, China	250	283	538	500	812	1,280	541	435	560	562		1,084		
Macedonia, The Former Yugoslav Republic of	184,393	237,883	300,206	280,568	296,830	319,876	413,348		439,168	448,933	566,276	803,714	697,787	
Madagascar	267	4,181	5,476	4,542	6,052	6,839	4,284	4,134	1,235	1,530	921	1,041	2,554	
Malawi	8	17	390	905	771	2,462	15	83	803	5,730	5,320	860	42	
Malaysia	9,699	8,217	6,421	5,682	7,163	24,971	24,412	11,032	12,021	17,216	14,403	31,104	40,501	
Maldives	289	349	474	436	422	344	879	939	872	554	922	840	643	
Mali	131	8	62	252	30	143	56	122		231	202	763		
Malta	14,189	17,523	16,454	26,164	20,606	27,409	39,118	43,532	43,940	79,307	91,351	128,346	173,358	
Mauritania	40	362	3,554	6,959	8,773		22,115	8,787	5,538	5,392	6,592	5,227		
Mauritius	1,302	1,231	1,030	1,737	1,124	1,120	1,243	810	681	887	729	2,162	2,218	
Mayotte	23	265	49	45	138	212	405	492	579					
Mexico	22,688	29,353	22,908	25,761	31,514	42,887	105,322	277,841	52,703	110,785	129,747	128,412	163,415	
Mongolia	70		248	321	83	39	42						1,483	
Montenegro						83,702	105,584	269,054	139,211	152,072	201,175	204,302	198,867	
Morocco	15,671	21,789	36,903	44,912	38,916	54,605	67,527	121,151	194,635	221,402	88,656	51,856	116,397	
Mozambique	4	131	55	47	366	723	65	2,996	329	5,346	188	25	423	
Myanmar										341				
Namibia	102	53	5	12	220	75	69	191	29	64	52	1,672	289	
Nepal			132						350	184	216			
Netherland Antilles					387	52	98	34						
Netherlands	295,089	329,868	378,388	453,037	412,764	423,800	534,889	636,054	552,947	524,221	653,686	514,542	646,100	
New Caledonia	385	449	873	738	576	618	451	1,060	1,466	1,331	1,413	1,316	2,097	
New Zealand	4,929	6,718	7,763	8,900	14,043	11,861	16,054	15,502	14,233	15,944	20,488	24,936	23,715	
Nicaragua	13	50	154	227	203	289	371	536	270	534	513	788	351	
Niger	98	146	137	30	26	106	194	446	853	805	424	549	497	
Nigeria	43,603	31,982	45,632			143,811	73,828	136,996	557,115	122,649	137,814	132,159		
Norway	46,458	51,665	60,213	56,033	84,192	70,581	155,131	60,443	54,462	42,969	51,002	52,729	64,661	
Oman	2,766	9,219	22,425	2,429	9,947	12,960	27,894	3,207	45,035	5,489	8,602	12,896	112,311	
Pakistan			5,534	14,713	21,851	24,613	55,031	54,643	16,901	10,963	22,358	21,650	46,513	
Palau												69		
Palestine, State of							5,375	0	4,304	4,807	4,467	4,274		
Panama	837	620	350		694	2,978	1,764	1,467	1,071	1,340	2,152			
Papua New Guinea	38	6	26	19							718	177		
Paraguay	1,235	1,518	1,268	1,076	1,408	292	623	141	1,529	3,136	6,750	5,479	3,527	
Peru	2,960	572	1,899	1,701	1,237	1,589	3,763	5,777	7,977	7,284	7,622	9,065		
Philippines	2,025	5,830	5,429	2,479	2,840	6,328	2,209	1,748	13,745	2,561	2,765	4,063	5,559	
Poland	123,388	140,590	148,629	200,449	221,029	250,942	331,897	352,440	259,840	303,889	501,169	359,712	380,111	
Portugal	87,757	87,165	92,631	95,084	90,917	100,214	133,937	150,587	127,024	141,878	169,238	152,748	160,353	
Qatar	7,577	5,730	4,107	2,634	10,868	23,426	9,433	12,578	18,745	19,774	12,623	20,057	48,931	
Republic of Moldova	5,242	13,267	11,468	10,404	10,306	16,733	21,939	31,294	52,650	93,319	68,744	49,989	39,328	
Romania	326,979	264,474	324,325	440,804	464,294	603,778	1,072,343	1,186,793	820,817	826,619	828,341	730,565	802,185	
Russian Federation	144,174	170,865	142,068	167,198	188,276	239,208	311,369	438,946	342,000	421,159	583,588	632,993	611,163	
Rwanda	105	171	31	310	336	248	288	120	753	1,409	85	196	315	
Saint Kitts and Nevis	27	0	0	0	1	0	0	2	0	0	0			
Saint Lucia	157	78	192	41	37	6	2	26						
Saint Vincent and the Grenadines	15	7	6	11	50	13	94	497	5	11	12	9		
Samoa	6	2	1	0	0	0	0	5	0	0	1	1	0	
Saudi Arabia	44,809	51,560	51,536	64,628	83,773	90,060	93,648	113,519	77,334	102,328	147,059	320,403		
Senegal	872	1,591	12,010	3,847	3,726	6,220	7,709	12,388	13,408	2,477	1,564	3,684	1,676	
Serbia					156,924	199,725	280,442	287,610	231,074	228,041	306,387	304,536	299,729	
Serbia and Montenegro	217,976	169,258		252,919										
Seychelles	22	105	2		37	13		234						
Sierra Leone		1,400												
Singapore	36,780	30,232	44,506	49,491	25,031	96,245	123,889	167,365	135,117	151,976	877,599	524,441	268,268	
Slovakia	24,396	27,161	28,117	47,376	51,166	79,344	113,727	121,314	134,291	122,492	124,340	101,527	93,946	
Slovenia	31,379	48,233	41,942	48,780	53,745	257,726	230,245	369,728	153,997	105,443	221,237	155,397	192,175	
Solomon Islands								0	3	1	22			
South Africa	10,336	10,007	14,143	19,147	21,387	32,166	66,233	35,902	30,914	30,062	40,625	37,108	49,343	
Spain	363,162	393,250	506,268	541,011	650,103	824,447	999,246	604,533	466,382	713,119	739,180	912,079	1,128,915	
Sri Lanka	1,550	15,271	8,764	848	1,877	1,287	1,194	1,307	947	476	2,793	4,806		
Sudan (North + South)	12,621	13,784	11,202	26,517	25,044	9,012		3,593	20,924	3,014	4,634			
Suriname	63			37	42	71	49		0	0	0			
Swaziland	0	0	0	0	0	0	0							
Sweden	115,947	128,452	154,579	154,293	171,934	189,217	284,548	255,244	152,769	197,388	217,880	188,615	208,957	
Switzerland	90,717	97,685	114,874	126,326	200,819	252,141	188,755	170,539	210,699	214,199	162,070	172,967	181,420	
Syrian Arab Republic	56,983	38,571	34,308	35,145	43,537	76,856	129,785	138,599	116,562	156,156				
Taipei, Chinese	11,806	14,710	14,212	16,845	23,126	25,100	63,032	90,602	32,857	62,951	132,751	97,205	101,021	
Tanzania, United Republic of	1,425	1,753	1,997	1,680	2,316	706	5,138	628	481	492	1,132	9,539	236	
Thailand	17,494	11,878	11,758	18,718	27,690	20,518	34,788	24,455	23,441	37,091	32,195	65,096	49,821	
Togo	37	131	109	5,554	820		27	6	87	24	58	835	6,806	
Tonga	0	0	0					0	4	0	0	0		
Trinidad and Tobago	601	394	484	313	969	2,177	2,328	2,087	391	531				
Tunisia	45,596	52,805	40,451	61,424	66,289	59,896	46,576	113,751	113,988	107,299	88,294	160,594	119,166	
Turkey	266,254	323,939	427,743	594,351	727,830	1,045,328	950,157	1,150,715	1,129,696	1,541,890	2,569,362	3,539,981	4,206,505	
Uganda	2,213	239	449	1,721	4,522	1,034	973	5,582	943	878	730	589	932	
Ukraine	38,852	38,360	46,997	46,617	67,739	78,119	117,290	171,822	82,798	104,140	128,685	191,974	277,510	
United Arab Emirates					77,693		118,250	196,897						
United Kingdom	677,615	886,714	1,079,440	1,215,183	1,255,534	1,243,735	1,281,181	1,212,473	852,976	1,055,863	1,080,612	1,023,456	1,142,162	
United States of America	554,158	601,392	671,651	809,866	1,004,599	1,069,744	1,296,832	1,090,361	887,634	844,570	910,520	1,051,830	1,022,091	
Uruguay	6,096	2,694	4,061	2,866	2,505	2,625	2,230	1,944	1,829	2,472	3,171	39,420	7,939	
Vanuatu						13	11		215	1	0			
Venezuela	4,741	1,906	2,528	3,393	7,194	2,990		9,401	3,038	3,496	1,703	4,053	11,657	
Viet Nam	926	2,833	1,100	1,959	4,853	1,902	6,921	28,137	5,965	5,788	11,946	22,466		
Yemen				4,642	1,386	1,880	2,178	1,523	1,637	1,776	8,701	13,824		
Zambia	2	259	69	707	502	191	65	23	2,572	10,456	2,011	1,145	979	
Zimbabwe	33	547		149	323	255	106	37	49	230	699	908	1,091	
