List of importing markets for a product exported by Namibia Product: TOTAL All products
"Importers"	"Exported value in 2001"	"Exported value in 2002"	"Exported value in 2003"	"Exported value in 2004"	"Exported value in 2005"	"Exported value in 2006"	"Exported value in 2007"	"Exported value in 2008"	"Exported value in 2009"	"Exported value in 2010"	"Exported value in 2011"	"Exported value in 2012"	"Exported value in 2013"	
World	1,404,472	1,282,913	1,303,668	2,544,642	2,725,999	3,375,927	4,040,274	4,729,337	5,870,620	5,848,292	5,900,941	5,376,995	6,337,216	
Afghanistan	0	0	0	0	0	90	0	0	0	0	0	0	0	
Albania	0	0	2	72	15	0	46	0	0	0	0	0	1	
Algeria	0	0	0	179	399	28	304	0	131	0	0	1	88	
Andorra	3	1	103	24	41	58	80	81	305	6	25	161	65	
Angola	82,089	186,538	324,761	244,578	194,520	192,865	260,861	405,617	663,748	558,965	492,014	500,914	466,225	
Anguilla	7	6	17	45	4	8	110	59	10	69	47	42	37	
Antigua and Barbuda	1	205	1	2	19	27	0	43	144	945	1,869	557	287	
Area Nes	653	452	3,754	615	1,565	1,982	4,125	23,342	135,066	282,621	265,194	245,362	254,130	
Argentina	291	114	28	34	23	3	5	37	19	67	25	649	99	
Armenia	0	0	0	0	0	1	0	1	41	0	0	13	15	
Aruba	0	0	0	0	0	0	0	0	0	0	0	0	0	
Australia	3,485	5,089	5,247	8,440	11,082	7,592	7,905	7,585	7,951	9,112	6,044	8,917	8,185	
Austria	128	168	287	286	444	695	445	406	643	1,141	1,155	781	880	
Azerbaijan	0	0	0	8	3	0	2	0	0	4	758	0	0	
Bahamas	8	11	2	1	0	1	6	5	10,210	253	1,840	380	7,656	
Bahrain	0	0	0	0	0	20	0	0	0	83	20	37	0	
Bangladesh	0	0	0	0	675	0	467	0	0	0	0	0	7	
Barbados	0	4	0	0	0	9	0	2	0	0	1	0	0	
Belarus	0	0	0	0	0	0	0	3	0	0	19	0	0	
Belgium	7,673	7,535	7,112	8,000	9,993	12,225	12,912	50,771	55,963	90,042	327,786	439,207	174,546	
Belize	96	44	127	225	10	240	0	316	147	3,619	5,547	5,764	2,256	
Benin	0	0	46	34	0	0	7	0	4	0	0	6	494	
Bermuda	0	0	0	8	0	0	0	0	0	19	0	2	0	
Bhutan	0	0	0	0	0	7	3	57	80	24	17	4	1	
Bolivia	0	0	0	0	2	1	1	0	1	45	268	0	36	
Bosnia and Herzegovina	0	1	0	15	3	23	6	4	0	0	0	0	1	
Botswana	6,345	6,070	9,078	12,240	11,844	15,180	22,129	24,599	50,525	39,160	39,758	364,686	868,597	
Brazil	134	39	180	74	76	20	54	116	54	74	185	652	379	
British Antarctic Territories	0	0	0	0	0	0	0	0	0	0	0	0	0	
British Indian Ocean Territories	0	0	0	0	10	1	26	6	58	0	9	21	33	
British Virgin Islands	0	1,118	0	4	6,457	688	130	92	0	129	4	0	0	
Brunei Darussalam	0	2	0	1	2	0	0	0	0	0	0	5	0	
Bulgaria	21	19	39	46	11	14	32	45	2,379	183	291	267	268	
Burkina Faso	0	0	0	7	0	0	0	12	0	0	0	1,327	0	
Burundi	0	0	0	0	3	23	40	0	0	0	22	0	0	
Cabo Verde	1	0	104	10	4	0	0	0	0	0	0	0	0	
Cambodia	186	2	1	47	14	23	16	6	110	283	450	42	386	
Cameroon	117	219	581	2,844	407	973	395	264	1,756	2,126	4,940	7,951	8,861	
Canada	465	4,079	12,890	53,802	80,300	127,584	199,266	334,175	254,377	246,631	280,476	214,197	197,465	
Cayman Islands	0	0	0	0	0	0	0	0	0	0	192	0	2	
Central African Republic	0	41	0	31	122	1	2	2	0	908	328	523	288	
Chad	0	0	0	0	0	0	0	131	0	33,523	88	0	0	
Chile	14	1	12	0	175	74	14	489	4	135	34	773	215	
China	6,550	3,719	5,730	31,857	45,445	48,972	123,108	247,726	289,379	170,277	127,116	147,516	143,265	
Colombia	457	850	0	391	4	1,775	275	3	14	42	6,875	92	2	
Comoros	0	30	5	0	0	0	0	0	0	0	3	43	326	
Congo	5,000	9,129	33,762	7,815	15,467	3,500	2,543	1,803	1,825	669	1,030	2,491	1,141	
Cook Islands	2	0	0	0	9	0	0	2	0	1	45	3	2	
Costa Rica	155	0	0	0	0	0	1	67	0	0	6	0	0	
Côte d'Ivoire	178	46	149	282	196	0	121	150	8	0	6	89	99	
Croatia	12	3	12	159	72	20	132	386	68	73	24	7	14	
Cuba	54	54	145	221	255	240	165	198	171	263	2,910	229	81	
Cyprus	77	153	208	1,332	288	1,314	293	117	2,988	1,633	1,036	6,212	1,232	
Czech Republic	11	32	21	26	48	450	698	717	182	275	336	153	60	
Democratic Republic of the Congo	4,275	55	0	10,244	11,804	45,731	43,124	51,196	65,395	68,846	92,656	99,775	147,730	
Denmark	4,087	329	1,053	1,173	1,438	484	300	384	1,993	1,381	4,194	12,114	124,454	
Djibouti	2	0	60	0	5	3	0	1	6	0	21	5	0	
Dominica	0	0	0	0	0	1	0	0	0	0	0	0	0	
Dominican Republic	0	0	0	0	0	1	0	0	6	0	0	0	204	
Ecuador	2	0	131	310	2	0	118	685	0	0	21	0	0	
Egypt	4	4	6	8	209	38	3	34	11	36	5	142	6	
El Salvador	0	0	0	0	0	43	0	0	0	0	2	0	4	
Equatorial Guinea	0	0	0	0	0	27	16	0	3	3	0	40	1,196	
Eritrea	0	0	1	2	0	0	1	0	0	1	929	0	0	
Estonia	0	0	0	88	108	7	8	8	7	11	42	13	32	
Ethiopia	4	64	3	10	10	44	4	117	70	1	9	0	30	
Falkland Islands (Malvinas)	9	0	0	0	0	0	0	0	0	377	8	7	1,255	
Faroe Islands	0	0	0	26	0	0	0	0	10	18	0	30	369	
Fiji	0	0	0	6	0	0	0	313	532	310	0	0	0	
Finland	63	64	99	31	127	129	240	130	435	63	136	191	167	
France	25,236	82,386	23,403	250,006	16,996	53,681	106,395	126,712	148,638	244,492	136,082	208,744	230,653	
Free Zones	0	0	2,792	0	0	0	0	0	0	0	0	0	0	
French Polynesia	0	0	0	0	0	0	0	0	0	0	0	0	0	
French South Antarctic Territories	0	0	0	17	15	15	1	2	1	70	3	16	20	
Gabon	0	21	0	0	35	164	99	5,848	678	150	112	858	525	
Gambia	41	0	11	3	18	0	0	0	0	0	2	0	0	
Georgia	2	0	0	7	506	31	25	0	35	24	58	0	135	
Germany	12,224	14,725	14,531	37,090	94,518	108,985	99,847	48,891	66,327	104,318	79,735	90,384	69,448	
Ghana	1,857	7,075	13,437	1,393	5,208	4,440	67	338	550	420	389	8,509	1,364	
Gibraltar	0	0	0	9	0	0	0	31	0	0	1,126	3	253	
Greece	1,012	581	471	667	509	875	293	1,060	2,152	1,987	1,501	1,548	2,216	
Grenada	0	0	0	7	8	0	0	15	0	0	0	5	41	
Guatemala	0	0	0	0	0	0	9	4	0	0	0	0	0	
Guinea	12	7	0	876	33	3	90	343	5	89	16	1	0	
Guinea-Bissau	0	0	0	0	0	0	0	91	0	0	0	0	0	
Guyana	0	0	0	0	60	6	0	0	0	0	0	0	0	
Haiti	0	643	0	0	0	0	0	0	0	0	0	0	0	
Honduras	9	2	7	0	0	0	0	0	0	0	0	0	0	
Hong Kong, China	405	350	1,349	1,094	912	924	2,244	2,241	1,661	1,944	2,088	10,003	13,008	
Hungary	16	17	82	98	72	119	132	180	413	199	69	172	142	
Iceland	2,744	12,147	7,266	3,436	168	44	10	9	12	21	20	41	8	
India	22	127	45	357	1,501	1,830	303	634	35,960	10,765	12,879	11,297	13,734	
Indonesia	247	645	24	134	419	646	1,416	2,956	833	848	419	660	803	
Iran (Islamic Republic of)	0	16	2	251	53	2	1	119	63	0	283	285	2,287	
Iraq	0	0	0	687	10	9	2	11	3	0	0	0	0	
Ireland	33	61	10	7	33	234	8	2,347	1,953	20	3,030	10,720	10,322	
Israel	983	151	529	4,112	36,905	59,470	83,401	56,954	25,276	46,693	32,299	31,756	38,761	
Italy	24,512	23,342	23,030	43,368	127,779	243,475	570,936	64,059	70,652	269,030	187,025	143,819	81,640	
Jamaica	24	1	0	6	0	7	0	2	24	0	18	5	32	
Japan	9,499	17,182	7,485	16,614	31,840	42,004	17,179	10,710	17,547	54,092	11,429	7,048	8,877	
Jordan	601	616	364	500	557	742	447	618	1,121	0	0	451	42	
Kazakhstan	0	0	0	0	13	6	1	0	4	11	0	3	0	
Kenya	348	1,010	1,399	315	398	176	348	221	124,766	1,002	247	137	3,629	
Kiribati	0	0	0	0	0	17	0	0	0	0	0	0	141	
Korea, Democratic People's Republic of	800	208	1,067	5,305	0	0	0	0	0	0	0	0	2	
Korea, Republic of	194	456	314	9,787	29,779	68,237	69,103	6,301	312	3,067	41,542	47,711	6,389	
Kuwait	0	0	0	40	1,430	152	1	8	3	0	141	48	0	
Kyrgyzstan	0	1	0	0	0	0	0	0	1	0	0	0	0	
Lao People's Democratic Republic	1	0	0	0	0	0	0	0	0	0	0	0	0	
Latvia	0	3	76	10	45	96	57	42	42	36	4	58	49	
Lebanon	0	0	1,130	27	0	0	0	18	27	10	14	149	473	
Lesotho	18	1	4	81	194	174	824	776	1,520	1,367	1,315	1,761	733	
Liberia	55	0	8	214	789	4	169	978	243	1,810	285	17	810	
Libya	0	0	0	14	11	0	5	435	1,380	649	190	225	1,145	
Lithuania	90	50	17	283	938	353	140	266	1,272	2,187	1,803	1,430	1,604	
Luxembourg	12	5	14	5	0	21	9	19	13	195	129	34	1,429	
Macao, China	0	0	0	0	10	0	0	6	19	0	2,223	40	0	
Macedonia, The Former Yugoslav Republic of	0	0	0	0	0	0	0	0	0	0	0	0	0	
Madagascar	34	4	13	0	0	0	16	15	22	11	60	0	169	
Malawi	56	14	22	108	102	377	243	769	3,145	22,180	2,499	2,682	10,496	
Malaysia	765	329	984	3,408	49,780	44,321	2,048	113,812	247,924	25,338	3,906	84,988	3,664	
Maldives	0	0	0	0	0	0	0	0	0	0	110	0	0	
Mali	0	0	0	48	1	2	22	35	18	148	3	52	6	
Malta	0	2	1	0	3	6	0	5	3,702	2,328	2,202	886	1,721	
Marshall Islands	0	0	1	0	0	7	0	27	1,308	872	258	45	889	
Mauritania	0	0	0	11	5	2	4	3	30	8	0	0	207	
Mauritius	257	634	559	553	299	169	228	2,487	1,125	794	1,685	603	983	
Mayotte	0	0	0	0	0	0	0	0	0	0	0	0	0	
Mexico	372	11	8	26	24	69	21	26	154	100	34	287	42	
Mongolia	0	0	0	0	0	0	0	0	65	112	0	0	0	
Montserrat	0	0	0	0	0	0	0	0	0	0	0	0	0	
Morocco	25	27	115	23	1	9	117	13	876	511	2,469	317	2,029	
Mozambique	1,625	1,244	1,602	8,916	18,953	18,639	15,724	19,299	15,735	14,940	31,654	32,835	65,684	
Myanmar	0	0	0	0	1	0	0	0	44	0	0	0	0	
Nauru	0	0	0	0	0	0	0	0	2	0	0	0	1	
Nepal	0	0	0	0	0	0	0	0	0	0	0	0	0	
Netherland Antilles	0	1	1	22	85	16	35	298	236	69	89	137	27	
Netherlands	19,396	17,256	13,908	25,706	43,856	36,722	74,846	75,998	142,430	236,546	159,728	37,046	43,483	
Neutral Zone	0	0	0	0	0	0	0	0	0	0	0	0	0	
New Caledonia	12	0	0	21	214	47	2	4	2	0	6	0	4	
New Zealand	109	107	155	55	48	30	142	281	333	57	26	367	874	
Nicaragua	30	447	0	1,177	5	0	0	0	212	0	5	6	0	
Niger	424	475	35	651	71	231	0	147	14	8	2	0	14	
Nigeria	3,009	3,442	1,521	575	1,456	3,562	3,800	4,306	17,932	8,794	7,131	6,240	11,476	
Niue	0	0	0	0	0	0	0	0	0	0	0	0	0	
Norfolk Island	0	0	0	0	1	0	0	0	0	0	0	0	184	
Northern Mariana Islands	0	0	0	36	0	159	0	0	0	0	0	0	0	
Norway	363	5,400	1,667	1,557	2,210	579	1,761	1,372	9,417	5,723	1,648	4,874	64,364	
Oman	0	0	0	0	0	6	0	55	0	284	6	28	0	
Pakistan	8	79	0	0	206	93	0	13	8	304	29	86	4	
Panama	85	3,073	433	376	138	361	520	420	2,018	18,412	18,840	4,250	5,884	
Papua New Guinea	0	0	0	6	0	0	0	0	0	0	0	0	0	
Paraguay	0	0	0	0	0	0	0	0	42	7	7	0	0	
Peru	0	1	0	10	0	0	0	0	12	7	0	24	64	
Philippines	155	2	0	1	146	7	6	10	479	2,523	732	222	1,898	
Poland	71	36	106	235	1,636	783	1,455	3,277	5,511	2,547	1,799	2,145	958	
Portugal	4,527	3,629	2,679	4,251	4,320	6,166	10,880	30,740	57,294	39,449	36,538	38,028	31,650	
Qatar	1	0	6	0	0	0	0	5	0	7	2	70	17	
Republic of Moldova	0	0	0	0	0	0	0	0	0	13	0	0	30	
Romania	2	863	2	1	3	21	10	15	166	75	29	25	38	
Russian Federation	1,197	1,969	7,061	1,706	2,484	3,829	4,677	2,284	8,177	3,066	6,112	1,982	3,210	
Rwanda	1	3	322	0	7	0	0	0	16	8	1	1	27	
Saint Helena	0	0	9	0	8,355	94	105	77	158	48	5	20,336	9,031	
Saint Kitts and Nevis	0	0	0	0	0	0	0	0	0	0	6	0	8	
Saint Lucia	0	0	0	33	0	0	0	0	0	0	0	0	0	
Saint Vincent and the Grenadines	1,287	161	1,069	600	38	8	26	10	516	527	688	688	1,294	
Samoa	2	2	26	201	0	12	0	0	0	53	0	0	0	
Sao Tome and Principe	0	1	0	1	1	12	2	3	0	11	0	0	0	
Saudi Arabia	426	3,307	55	87	121	10,555	98	344	769	2,351	7,105	580	299	
Senegal	233	34	0	31	387	1,038	39	2	73	8	132	103	106	
Serbia	0	0	0	0	0	3	7	7	3	18	1	3	3	
Serbia and Montenegro	0	1	9	2	3	0	0	0	0	0	0	0	0	
Seychelles	7	114	342	73	129	1	44	9	404	5,369	815	5	0	
Ship stores and bunkers	3,606	3,579	2,182	0	0	0	0	0	0	0	0	0	0	
Sierra Leone	0	4	30	8	2	297	42	6	0	37	30	8	90	
Singapore	453	1,390	1,320	3,147	4,843	900	2,632	11,062	357	3,112	868	37,047	122,300	
Slovakia	3	5	9	5	5	10	16	52	63	45	53	42	43	
Slovenia	3	4	11	32	7	9	56	3	23	26	3	21	6	
Somalia	1	4	13	10	3	0	4	10	33	4	423	17	1	
South Africa	433,409	326,061	410,594	637,514	768,767	829,648	1,172,270	1,505,024	1,985,659	1,693,902	1,717,817	933,392	1,690,942	
Spain	184,452	155,825	167,003	209,559	211,047	202,045	242,797	242,380	290,756	288,167	245,894	212,989	211,828	
Sri Lanka	0	0	2	0	4	60	0	0	174	0	14	1	2	
St. Pierre and Miquelon	0	0	0	0	24	0	0	0	0	0	0	0	0	
Sudan (North + South)	1	0	0	0	4	9	7	0	16	97	0	8	64	
Suriname	0	0	0	0	0	0	52	0	0	0	0	0	0	
Swaziland	397	60	1,020	381	684	1,347	3,326	3,729	4,836	4,559	1,398	1,741	1,434	
Sweden	91	240	157	218	1,145	715	574	5,783	28,537	65,757	58,498	53,988	20,545	
Switzerland	389	4,101	6,439	5,769	7,549	23,998	29,109	196,270	29,895	50,325	76,658	206,938	556,765	
Syrian Arab Republic	0	0	0	5	0	0	0	0	0	0	0	0	0	
Taipei, Chinese	266	3,823	2,531	10,587	34,475	81,596	2,897	2,139	466	3,343	411	1,753	805	
Tanzania, United Republic of	236	351	627	641	856	822	689	1,787	2,013	1,507	1,248	74,104	10,239	
Thailand	3	1	51	3,793	184	914	181	464	364	888	2,265	1,874	2,801	
Timor-Leste	0	0	0	0	0	0	0	0	0	0	1	0	0	
Togo	17	0	0	0	0	0	0	8	12	127	15	0	27	
Tokelau	0	0	0	0	0	0	0	0	18	0	316	381	0	
Tonga	0	0	0	9	0	0	0	0	0	0	0	0	0	
Trinidad and Tobago	0	0	2,438	0	2	0	0	0	1	0	12	10	0	
Tunisia	0	0	0	0	225	0	1	20	0	40	1	0	426	
Turkey	4	3	1	233	97	2,182	4,630	1,254	65	1,269	2,975	5,229	3,171	
Turkmenistan	0	0	0	0	0	0	0	1	0	0	0	0	0	
Turks and Caicos Islands	0	0	0	0	0	0	0	0	0	0	0	0	2	
Tuvalu	0	0	0	0	0	0	0	0	5	0	0	0	0	
Uganda	31	61	73	114	124	23	42	16	77	140	213	213	191	
Ukraine	38	8	40	25,776	276	54	1,142	291	1,401	174	303	291	382	
United Arab Emirates	443	255	203	500	15,369	39,530	25,816	11,242	2,919	26,563	4,535	3,548	7,548	
United Kingdom	495,546	315,131	135,663	529,352	514,278	865,189	682,879	709,709	608,780	735,885	848,759	631,650	135,072	
United States Minor Outlying Islands	0	0	0	67,544	69	42	0	2	1	18	0	294	2	
United States of America	41,649	40,439	35,156	222,562	262,636	81,734	102,076	260,771	265,201	267,208	412,030	201,201	215,511	
Uruguay	3	0	0	829	172	118	0	390	1,106	1,708	3,018	1,618	231	
Uzbekistan	0	0	0	0	0	0	0	0	0	0	0	0	0	
Vanuatu	0	0	0	0	2	0	6	36	1,152	1,600	1,590	60	1,116	
Venezuela	2	0	0	0	4	12	1	11	0	0	10	0	0	
Viet Nam	24	1	60	298	508	54,111	2,483	47	3,439	2,266	4,541	4,931	15,389	
Yemen	0	0	0	21	0	0	0	0	0	0	6	0	0	
Zambia	916	159	52	9,196	16,536	7,446	11,316	28,739	61,590	32,867	34,929	78,430	126,179	
Zimbabwe	4,357	617	660	3,550	5,543	4,996	4,254	6,376	10,956	13,093	12,455	44,948	49,378	
