List of importing markets for a product exported by Uruguay Product: TOTAL All products
"Importers"	"Exported value in 2001"	"Exported value in 2002"	"Exported value in 2003"	"Exported value in 2004"	"Exported value in 2005"	"Exported value in 2006"	"Exported value in 2007"	"Exported value in 2008"	"Exported value in 2009"	"Exported value in 2010"	"Exported value in 2011"	"Exported value in 2012"	"Exported value in 2013"	
World	2,057,580	1,861,038	2,208,150	2,937,228	3,421,892	3,989,321	4,517,549	5,941,895	5,404,763	6,724,162	7,911,749	8,709,217	9,065,754	
Afghanistan	14	0	27	0	23	98	0	38	77	185	189	522	240	
Albania	85	115	22	0	270	488	172	982	506	915	440	710	244	
Algeria	1,278	34,460	24,936	9,775	15,135	44,556	16,684	20,929	26,804	43,457	40,745	39,991	54,557	
Andorra	0	56	195	191	107	0	76	0	2	20	0	0	0	
Angola	381	219	334	435	845	7,846	4,772	27,752	6,561	8,351	11,868	12,992	5,394	
Anguilla	0	0	0	0	0	8	13	18	0	19	18	19	21	
Antigua and Barbuda	7	12	0	7	472	918	21	224	738	2	219	397	186	
Area Nes	1,704	1,606	390	43	513	720	429	146	24	0	0	0	0	
Argentina	316,366	113,343	155,223	223,383	267,102	301,975	445,720	506,527	346,643	574,618	588,309	504,313	493,243	
Armenia	0	0	0	369	610	36	0	35	10	10	92	94	11	
Aruba	73	104	1,002	1,256	378	1,084	697	1,757	2,107	5,714	6,374	9,516	6,470	
Australia	2,767	2,955	2,154	1,987	1,205	994	813	685	841	2,250	1,823	896	798	
Austria	1,014	834	1,431	382	320	264	389	232	159	286	335	34	35	
Azerbaijan	0	0	0	0	0	0	152	135	122	176	295	249	0	
Bahamas	593	118	330	650	1,581	10,414	1,773	1,861	2,298	644	2,466	877	127	
Bahrain	0	118	0	0	0	0	23	256	391	164	555	446	235	
Bangladesh	390	490	375	695	1,542	1,552	10,990	2,208	1,037	6,513	181	45,192	20,736	
Barbados	0	10	4	948	2,604	2,993	2,424	1,632	1,729	1,790	1,852	2,542	2,791	
Belarus	0	245	114	99	34	71	76	209	52	160	719	2,688	3,028	
Belgium	23,176	15,219	18,160	19,570	14,905	24,403	24,423	26,442	19,841	20,615	34,319	37,304	26,541	
Belize	163	0	35	31	204	118	85	79	86	0	45	39	900	
Benin	0	16	50	48	201	1,311	488	12,132	1,955	745	3,471	2,586	1,959	
Bermuda	21	0	0	16	0	0	0	151	186	112	176	123	51	
Bhutan	0	0	0	0	0	0	0	0	0	0	124	0	0	
Bolivia	2,630	2,028	2,453	3,176	4,597	6,149	8,031	16,706	13,203	22,039	19,949	21,660	30,089	
Bosnia and Herzegovina	0	0	0	51	1,094	881	539	127	0	0	1,085	889	134	
Botswana	91	194	210	65	0	40	66	40	111	88	43	207	152	
Brazil	440,695	431,790	471,026	483,833	460,428	584,261	731,551	987,980	1,098,141	1,419,266	1,625,138	1,688,294	1,712,347	
British Indian Ocean Territories	0	0	0	0	0	0	0	0	0	0	0	0	0	
British Virgin Islands	573	1,475	51	0	677	693	555	3	0	0	0	0	0	
Brunei Darussalam	0	0	0	0	0	124	20	283	177	280	610	422	252	
Bulgaria	522	854	1,115	573	1,092	2,759	7,860	6,736	3,221	6,758	7,480	7,506	7,823	
Burkina Faso	0	0	0	0	8	0	210	0	82	214	0	92	0	
Cabo Verde	0	0	31	10	0	0	690	66	4,728	6,653	4,062	2,618	2,761	
Cambodia	17	224	94	242	816	0	19	74	0	391	62	935	2,387	
Cameroon	0	191	1,222	1,288	5,265	5,681	7,369	8,254	7,063	4,409	10,570	2,307	2,619	
Canada	64,871	27,096	86,928	105,202	87,042	44,961	72,024	32,619	36,732	35,797	41,510	65,459	54,510	
Cayman Islands	0	6	0	75	0	0	8	9	39	0	0	0	0	
Central African Republic	0	0	0	0	0	0	0	0	0	0	15	0	0	
Chad	0	0	0	0	0	0	0	0	55	0	0	0	0	
Chile	44,422	52,971	71,632	61,237	83,503	166,095	107,854	133,970	81,023	120,409	139,078	208,234	143,452	
China	102,856	103,620	95,696	113,132	121,800	165,170	163,430	171,532	235,080	363,841	526,146	796,244	1,291,008	
Colombia	21,662	13,692	13,107	13,266	13,613	15,455	17,552	14,067	12,654	18,558	32,322	37,856	17,877	
Comoros	0	0	0	0	61	0	0	745	130	244	0	0	274	
Congo	160	324	765	359	831	1,323	2,189	3,842	11,047	3,336	10,919	6,134	4,343	
Cook Islands	0	0	0	0	0	0	0	0	0	0	0	0	0	
Costa Rica	771	1,211	812	691	1,049	1,364	1,520	1,283	2,364	2,645	4,477	5,161	9,893	
Côte d'Ivoire	10	175	317	469	411	1,281	7,025	2,581	14,801	3,083	3,486	1,438	607	
Croatia	94	332	0	563	2,040	98	1,409	6,053	4,422	2,367	2,177	2,936	782	
Cuba	587	236	739	8,782	33,597	37,662	52,400	65,825	29,979	46,423	65,295	42,773	19,955	
Cyprus	2,814	930	1,315	392	926	922	1,748	2,913	1,263	6,259	1,023	1,734	1,413	
Czech Republic	12	276	327	897	1,145	1,938	3,340	4,806	1,630	3,573	3,433	8,195	6,875	
Democratic Republic of the Congo	0	0	0	0	0	0	0	0	0	0	7	16	0	
Denmark	1,858	1,319	2,447	2,823	3,431	3,033	3,470	5,849	4,327	4,772	5,046	3,651	3,254	
Dominica	2	20	5	0	18	90	24	0	18	84	85	37	32	
Dominican Republic	8,663	2,625	2,512	2,943	3,658	5,125	6,160	10,172	7,500	7,052	5,028	4,198	3,177	
Ecuador	1,560	2,745	2,117	1,398	10,729	8,106	8,385	17,969	12,230	14,341	11,801	10,095	12,255	
Egypt	1,829	12,233	3,570	9,351	28,358	13,554	32,883	38,653	51,036	11,473	6,636	9,084	84,081	
El Salvador	229	1,652	3,989	1,580	1,051	535	1,029	698	731	1,021	619	887	1,055	
Equatorial Guinea	0	51	35	290	929	751	1,565	1,309	1,549	895	1,777	1,634	695	
Eritrea	0	0	0	52	0	0	9	0	0	0	0	0	0	
Estonia	134	669	853	189	269	64	2	875	508	1,477	2,427	410	0	
Ethiopia	0	0	0	0	0	51	45	226	128	210	354	124	301	
Faroe Islands	0	0	0	35	0	0	0	0	0	0	0	0	0	
Fiji	0	13	0	0	0	0	3	0	0	7	0	0	0	
Finland	1,235	3,891	5,660	8,226	8,433	7,923	21,379	30,724	5,265	4,769	5,153	11,225	12,785	
France	16,787	19,132	19,944	32,805	31,362	33,397	35,611	34,269	28,326	31,799	41,541	32,970	32,902	
Free Zones	17,999	22,621	34,614	91,294	103,122	177,286	276,900	568,675	805,240	952,660	989,821	1,418,415	1,447,143	
French Polynesia	0	0	0	824	3,513	3,522	4,634	7,903	3,314	5,545	5,977	5,488	5,935	
Gabon	218	31	545	824	1,698	3,624	1,501	2,573	3,029	3,256	5,045	5,183	4,707	
Gambia	102	336	32	0	0	12	87	234	2,157	294	2,464	7,479	1,369	
Georgia	58	797	470	201	124	404	593	262	1,339	299	830	3,174	1,789	
Germany	96,452	108,513	145,407	151,637	144,899	165,145	205,450	212,169	158,345	237,768	301,805	256,467	314,914	
Ghana	719	110	286	644	3,525	4,772	5,467	3,708	2,067	2,618	5,772	1,354	2,086	
Gibraltar	0	0	0	1,072	40	62	134	0	68	0	99	0	0	
Greece	2,131	2,593	2,258	2,355	1,123	1,450	1,471	1,700	892	4,552	1,022	486	13,410	
Greenland	0	0	0	0	0	0	0	21	0	0	0	0	0	
Grenada	0	0	27	0	0	0	0	20	60	80	30	118	68	
Guatemala	2,023	1,788	4,122	2,921	3,340	3,274	4,871	7,284	4,283	2,325	4,023	4,217	3,999	
Guinea	0	0	0	18	148	51	412	277	296	903	2,568	366	406	
Guinea-Bissau	0	0	0	0	0	41	605	15	2,959	2,137	2,490	3,044	684	
Guyana	0	0	0	0	0	0	16	234	1,108	2,025	4,533	4,509	3,402	
Haiti	7,174	3,429	53	3,630	2,627	15,720	2,987	756	3,719	1,240	4,578	1,430	680	
Honduras	147	257	1,290	1,076	467	476	756	895	1,087	1,479	1,275	1,179	2,468	
Hong Kong, China	24,438	14,629	14,170	15,652	17,804	16,334	21,606	42,932	77,610	56,976	71,876	66,191	62,942	
Hungary	121	610	402	588	425	101	140	354	223	82	6,864	18,094	5,533	
Iceland	0	8	7	5	62	10	28	201	0	0	0	0	11	
India	1,771	4,880	10,211	4,289	3,746	5,131	8,447	8,470	10,435	13,272	20,742	18,332	17,021	
Indonesia	1,640	4,148	1,579	1,032	1,304	1,295	1,291	4,484	3,163	7,419	13,078	9,016	10,805	
Iran (Islamic Republic of)	24,344	38,087	15,842	43,373	80,667	51,000	29,562	101,601	25,378	42,306	56,561	17,671	55,478	
Iraq	22	0	0	3,221	0	10,176	12,636	17,961	122,187	26,355	73,737	119,464	110,514	
Ireland	469	743	117	545	390	1,867	1,991	12,585	10,258	7,785	3,388	4,248	1,414	
Israel	45,546	51,361	40,116	26,132	25,869	56,662	45,493	83,130	60,235	77,964	118,017	176,633	147,019	
Italy	70,908	88,226	89,041	90,711	93,006	112,966	100,143	143,352	115,085	144,196	158,386	129,658	145,436	
Jamaica	218	244	211	577	654	730	592	543	555	539	1,222	675	1,305	
Japan	12,096	14,037	12,484	15,116	32,077	44,366	32,287	43,877	5,108	8,822	10,152	10,205	11,528	
Jordan	382	2,453	4,703	8,331	9,530	8,717	11,701	28,375	22,715	21,748	10,254	16,399	5,782	
Kazakhstan	0	0	0	0	34	0	118	57	66	164	5,677	12,826	3,850	
Kenya	69	102	161	42	118	220	4,682	570	284	365	137	338	162	
Korea, Democratic People's Republic of	214	148	19	927	84	152	80	414	562	535	608	17	0	
Korea, Republic of	5,498	6,206	6,082	11,965	22,592	23,968	31,918	18,369	26,281	22,376	27,890	20,873	23,567	
Kuwait	75	151	246	607	1,396	997	837	1,861	3,760	1,636	2,557	3,183	843	
Kyrgyzstan	0	0	0	0	0	0	10	0	0	0	0	0	0	
Lao People's Democratic Republic	0	0	0	0	0	0	0	0	0	0	0	0	0	
Latvia	39	1,025	290	108	66	14	44	21	70	348	153	1,000	1,102	
Lebanon	6	327	288	614	944	5,203	1,942	4,763	17,271	12,338	5,722	1,374	2,360	
Lesotho	0	0	0	0	0	0	0	0	0	0	0	0	0	
Liberia	0	241	202	724	304	1,138	1,764	993	789	587	3,754	1,834	898	
Libya	155	0	0	69	234	925	5,854	5,667	3,055	1,807	510	3,106	7,620	
Lithuania	530	413	4,320	6,985	1,932	1,303	747	1,121	724	1,824	1,747	1,345	2,457	
Luxembourg	479	101	0	0	4	17	132	99	120	131	134	112	25	
Macao, China	153	194	506	507	374	426	63	383	28	108	116	153	122	
Macedonia, The Former Yugoslav Republic of	0	0	552	502	376	168	189	531	238	43	544	1,203	60	
Madagascar	1	2	0	0	0	22	8	114	84	106	78	164	69	
Malawi	0	0	0	0	0	0	0	0	0	0	0	0	0	
Malaysia	32,675	29,456	2,276	819	1,864	11,665	10,511	12,075	12,086	6,817	3,387	8,227	2,669	
Maldives	0	2	0	0	27	0	65	0	5	18	11	11	102	
Mali	0	0	0	53	55	31	95	0	198	155	0	0	0	
Malta	27	18	533	1,673	906	343	48	3	334	47	216	82	216	
Marshall Islands	0	0	197	49	20	47	1,426	0	159	188	0	560	425	
Mauritania	0	4	190	484	684	315	1,065	434	528	825	754	11,583	289	
Mauritius	696	414	91	36	168	80	141	106	74	42	187	226	706	
Mayotte	0	0	0	0	42	0	62	3,454	1,932	2,523	4,583	4,991	2,414	
Mexico	76,195	71,313	91,327	117,877	139,398	136,209	207,205	176,839	134,759	124,049	162,979	147,386	145,989	
Micronesia (Federated States of)	0	0	0	0	14	398	0	0	0	0	0	0	0	
Mongolia	0	0	0	0	0	0	0	0	460	0	0	0	190	
Montserrat	0	0	0	0	0	7	0	0	13	13	13	13	15	
Morocco	2,099	6,073	8,435	11,582	17,623	14,924	14,159	8,826	13,795	12,289	19,494	36,425	19,216	
Mozambique	0	0	17	134	76	467	110	135	104	163	8,175	1,018	582	
Myanmar	0	0	180	33	0	0	97	147	113	430	290	473	366	
Namibia	0	0	0	30	8	126	443	716	621	663	900	692	556	
Nauru	0	0	0	0	0	0	0	0	0	0	0	0	0	
Nepal	0	23	34	0	0	0	18	0	0	0	0	0	37	
Netherland Antilles	503	2,038	672	1,156	419	16,438	36,696	112,034	49,812	14,753	1,642	1,546	634	
Netherlands	32,215	38,606	37,295	53,712	47,255	68,106	94,130	162,420	121,209	126,031	147,669	128,423	203,987	
New Caledonia	0	0	0	0	7	0	0	34	0	0	0	0	0	
New Zealand	226	325	416	377	352	288	422	355	105	657	910	1,807	1,659	
Nicaragua	1,363	11	97	74	232	81	328	1,312	964	1,390	1,619	1,763	1,730	
Niger	0	0	0	23	0	256	845	777	2,827	233	221	0	0	
Nigeria	3,166	6,372	10,940	9,806	15,265	22,674	36,323	54,157	40,420	41,091	61,994	57,475	21,588	
Norfolk Island	0	0	0	182	0	0	0	0	0	0	0	0	0	
Northern Mariana Islands	0	0	0	130	0	0	0	0	0	0	0	0	0	
Norway	12,268	8,655	9,618	21,975	23,750	33,936	36,943	59,892	33,732	46,880	45,347	28,874	16,558	
Oman	211	25	4	6	87	122	274	107	2,495	1,612	2,692	3,045	1,016	
Pakistan	55	807	1,726	87	2,835	6,036	11,490	18,307	5,221	2,566	4,862	7,929	1,881	
Panama	1,019	2,012	15,190	9,617	17,349	6,526	8,912	17,584	5,929	4,088	4,736	9,802	11,786	
Papua New Guinea	0	0	0	0	0	0	0	0	0	0	0	0	0	
Paraguay	82,805	61,685	47,804	58,558	56,020	58,347	77,256	106,745	85,342	159,750	191,655	146,207	153,299	
Peru	16,891	11,404	8,931	24,468	37,141	21,521	44,970	79,110	55,076	66,317	102,423	140,375	115,114	
Philippines	5,647	5,342	5,850	5,643	7,845	5,713	8,616	12,451	8,909	12,346	21,640	17,940	19,668	
Poland	2,097	2,644	1,899	5,085	4,716	6,609	6,159	11,562	5,550	5,524	8,308	5,534	6,594	
Portugal	3,712	8,424	19,640	10,795	10,174	13,100	30,896	30,755	21,992	75,633	94,087	57,318	69,278	
Qatar	0	93	455	32	11	342	341	44	1,245	2,236	1,150	1,666	629	
Republic of Moldova	10	31	0	0	182	83	28	59	65	177	286	636	723	
Romania	17	106	123	373	1,114	934	1,596	1,960	1,872	3,582	4,662	4,654	4,695	
Russian Federation	6,511	17,311	21,027	17,110	38,001	224,927	112,852	332,300	217,625	351,575	394,932	393,509	278,808	
Rwanda	0	0	0	0	0	0	0	0	63	39	49	34	0	
Saint Helena	0	27	0	0	0	0	0	104	1,237	25	368	0	323	
Saint Kitts and Nevis	0	0	0	0	60	0	0	32	0	0	0	0	0	
Saint Lucia	0	18	21	0	114	0	0	24	79	110	380	28	78	
Saint Vincent and the Grenadines	129	0	88	0	511	71	108	10	67	265	0	0	0	
Samoa	0	0	0	0	0	0	0	0	0	0	27	0	0	
Sao Tome and Principe	0	4	0	0	0	0	62	4	0	0	0	0	0	
Saudi Arabia	6,955	5,259	7,860	29,979	13,399	14,123	13,134	9,109	11,608	16,016	8,605	8,677	8,860	
Senegal	773	364	2,975	6,919	15,014	13,541	12,734	24,860	22,057	23,304	27,757	23,793	6,744	
Serbia	0	0	0	0	0	48	213	414	402	469	583	1,041	411	
Serbia and Montenegro	871	1,340	201	86	143	0	0	0	0	0	0	0	0	
Seychelles	0	36	0	0	85	173	179	53	146	0	94	163	75	
Sierra Leone	0	39	40	0	7	25	0	223	1,003	1,304	3,305	2,230	17,008	
Singapore	2,516	2,578	2,305	3,930	4,140	3,570	7,885	8,577	13,968	20,322	19,580	18,996	10,737	
Slovakia	35	182	78	58	0	101	189	83	4	18	4	49	5	
Slovenia	0	128	181	32	75	423	198	106	99	170	437	318	181	
Solomon Islands	183	0	17	0	0	62	23	0	0	0	0	0	0	
Somalia	0	0	0	0	0	0	0	0	0	0	0	0	0	
South Africa	27,330	14,398	11,725	13,499	24,210	52,644	25,890	20,788	28,823	31,821	31,924	64,076	51,867	
Spain	64,206	67,833	76,318	96,115	131,548	121,183	147,495	240,192	150,910	178,667	200,225	127,620	107,107	
Sri Lanka	1	24	2	567	0	77	10	7,047	17	226	295	43	0	
Sudan (North + South)	0	0	0	0	0	0	0	0	1,269	1,665	739	215	762	
Suriname	6	125	797	1,258	204	194	117	77	0	48	1,485	1,165	1,805	
Swaziland	0	0	0	0	0	0	0	64	0	0	0	0	0	
Sweden	5,520	7,293	9,707	11,706	19,713	15,427	22,984	45,142	32,340	17,850	32,338	25,361	24,571	
Switzerland	1,451	1,819	3,420	3,882	25,007	54,921	76,034	85,976	76,469	87,462	109,466	136,536	123,722	
Syrian Arab Republic	0	720	3,505	108	158	14,874	8,815	10,198	21,777	10,992	2,357	1,481	903	
Taipei, Chinese	2,337	3,136	4,630	5,681	3,226	6,987	6,313	4,622	3,222	3,445	7,588	12,831	17,652	
Tajikistan	0	0	0	0	0	0	0	0	0	0	0	249	106	
Tanzania, United Republic of	0	0	0	0	25	0	0	0	0	80	27	0	0	
Thailand	12,918	11,621	50,250	47,776	44,658	55,853	47,610	50,590	32,287	32,337	45,365	43,771	34,272	
Timor-Leste	0	0	0	0	0	0	0	0	0	0	0	0	18	
Togo	0	0	0	138	151	594	51	610	1,200	1,263	1,428	566	590	
Tonga	0	0	0	0	0	0	0	29	31	38	78	34	46	
Trinidad and Tobago	1,458	275	922	9,119	7,902	12,235	6,872	7,751	8,431	8,214	6,756	7,616	10,067	
Tunisia	967	3	330	4,624	1,803	3,667	2,754	2,583	3,914	14,772	16,227	36,692	74,963	
Turkey	2,704	15,947	23,322	13,834	8,226	9,495	16,558	21,842	40,203	125,586	154,184	64,707	43,480	
Turkmenistan	0	0	0	0	0	0	0	81	0	0	310	0	186	
Turks and Caicos Islands	0	0	0	0	0	0	0	0	0	0	0	0	0	
Uganda	0	0	69	0	0	10	0	318	179	0	58	0	0	
Ukraine	69	76	493	964	1,711	689	1,049	2,823	1,699	4,224	4,388	2,162	3,012	
United Arab Emirates	737	722	868	1,396	1,124	2,364	1,682	3,642	7,719	6,505	9,385	5,838	4,590	
United Kingdom	65,612	78,599	78,894	91,515	85,271	95,991	120,471	172,269	141,711	108,590	121,821	118,220	86,572	
United States Minor Outlying Islands	0	0	0	0	0	0	0	0	0	0	81	133	0	
United States of America	176,315	140,846	251,314	601,188	791,571	539,433	505,232	218,870	187,517	199,115	262,049	331,427	355,587	
Uruguay	0	0	0	0	0	0	0	0	0	0	0	0	0	
Uzbekistan	0	500	0	0	0	0	0	0	0	0	0	233	150	
Vanuatu	0	0	0	0	0	0	0	0	22	40	0	27	231	
Venezuela	22,418	11,176	5,701	32,691	33,726	78,381	97,113	235,394	186,744	246,665	314,304	415,365	446,588	
Viet Nam	2,206	1,941	2,643	5,134	9,417	12,306	22,624	25,785	23,299	38,990	35,228	44,011	49,331	
Wallis and Futuna Islands	0	51	0	0	0	0	0	0	0	0	0	0	0	
Western Sahara	0	0	0	9	0	0	0	68	0	0	0	0	0	
Yemen	27	0	42	2	0	92	205	1,518	593	434	262	8,990	223	
Zambia	0	20	13	22	69	20	20	66	34	65	69	108	171	
Zimbabwe	116	42	41	19	78	16	22	8	72	76	93	249	708	
