List of importing markets for a product exported by South Africa Product: TOTAL All products
"Importers"	"Exported value in 2001"	"Exported value in 2002"	"Exported value in 2003"	"Exported value in 2004"	"Exported value in 2005"	"Exported value in 2006"	"Exported value in 2007"	"Exported value in 2008"	"Exported value in 2009"	"Exported value in 2010"	"Exported value in 2011"	"Exported value in 2012"	"Exported value in 2013"	
World	25,997,549	23,064,420	31,635,839	40,263,523	46,991,047	52,601,760	64,026,608	73,965,546	53,863,892	71,484,309	92,975,613	86,711,971	95,224,783	
Afghanistan	748	128	6,418	1,207	8,087	8,802	11,333	20,023	137,003	39,613	41,359	42,345	31,776	
Albania	417	1,326	294	152	47	586	1,108	1,351	402	478	7,481	483	138	
Algeria	32,741	29,276	35,557	29,140	64,334	172,814	123,479	223,044	201,382	175,042	380,355	386,512	370,929	
Andorra	303	1,133	392	560	544	1,915	800	1,163	288	5	20	244	1	
Angola	309,239	322,698	447,327	481,943	544,528	686,530	772,161	897,845	681,987	700,087	897,732	1,151,963	1,004,189	
Anguilla	37	309	0	37	11	1,813	1,873	11,108	0	0	68	0	47	
Antigua and Barbuda	573	432	0	1,932	3,144	5,283	3,088	3,861	560	353	250	1,317	2,568	
Area Nes	19,489	6,545	456,224	57,629	126,631	171,163	161,052	152,897	11,661	2,980	7,133,615	9,017,614	7,167,265	
Argentina	77,837	32,764	42,826	60,792	87,912	100,475	90,178	151,143	80,440	110,125	157,143	207,077	255,233	
Armenia	157	1,836	702	1,510	967	2,078	1,157	1,656	504	495	1,002	2,153	2,179	
Aruba	85	1,788	249	134	2,926	26	48	261	196	164	108	223	391	
Australia	450,056	486,689	745,288	1,026,880	1,414,987	1,189,758	1,278,396	1,494,372	725,837	952,014	875,610	897,992	811,297	
Austria	82,568	85,025	105,303	168,584	224,536	165,689	117,889	164,637	77,571	89,219	122,358	73,511	83,905	
Azerbaijan	57	725	237	4,520	7,690	799	1,968	2,188	13,609	13,044	5,857	6,201	14,952	
Bahamas	1,851	32,511	1,606	1,421	2,258	9,646	4,655	2,529	680	1,490	2,221	2,750	2,481	
Bahrain	6,328	9,536	11,366	12,002	15,388	11,985	22,569	18,621	19,199	32,597	22,208	26,320	32,544	
Bangladesh	3,978	4,902	6,216	7,442	10,466	24,684	19,954	18,098	49,167	49,936	36,322	38,798	41,791	
Barbados	483	962	700	717	1,457	937	12,216	2,073	1,351	1,333	685	1,820	2,295	
Belarus	140	172	295	534	385	550	867	229	491	127	105	267	269	
Belgium	809,949	865,600	985,317	1,126,376	1,416,529	1,493,484	1,748,813	2,046,632	1,282,200	1,801,223	2,148,641	1,913,471	1,965,841	
Belize	132	286	572	432	551	2,207	506	66	145	645	1,782	901	991	
Benin	8,469	12,440	12,545	12,245	12,972	23,022	24,395	44,680	29,363	55,939	40,922	49,002	33,943	
Bermuda	212	248	364	287	396	293	91,201	39,881	146	117	27,817	158	0	
Bhutan	140	25	0	0	2	12	0	74	0	0	15	16	0	
Bolivia	217	447	324	46	168	1,219	1,640	1,676	1,215	813	2,053	1,846	667	
Bosnia and Herzegovina	588	380	188	1,077	584	1,026	2,555	3,295	83	1,720	1,113	357	555	
Botswana	0	0	0	0	0	0	0	0	0	0	0	54,750	4,602,432	
Brazil	271,679	177,265	177,063	244,609	317,727	401,779	519,861	659,292	355,639	717,124	818,987	790,456	656,899	
British Indian Ocean Territories	0	0	0	55	0	7	260	270	0	0	0	0	0	
British Virgin Islands	8,968	3,677	10,818	15,294	21,668	19,467	35,050	21,307	2,429	2,296	1,834	35,294	22,717	
Brunei Darussalam	1,013	382	672	1,792	4,615	1,836	1,869	2,420	1,263	1,434	1,874	1,825	2,105	
Bulgaria	8,805	3,493	3,204	4,052	6,216	16,137	52,796	30,777	5,192	10,194	25,932	40,127	31,544	
Burkina Faso	0	2,053	4,508	0	9,526	0	0	0	52,321	29,678	29,142	56,345	33,784	
Burundi	2,795	3,843	4,089	5,763	5,711	7,177	6,711	6,586	9,118	9,119	5,592	5,991	5,120	
Cabo Verde	1,571	1,290	2,637	1,453	2,387	2,004	1,013	1,372	1,029	861	1,158	761	762	
Cambodia	123	155	1,447	552	292	644	473	1,714	1,440	1,386	1,585	2,470	1,451	
Cameroon	28,518	34,396	66,415	33,206	35,389	39,784	46,628	56,945	59,410	74,096	80,478	76,183	67,358	
Canada	183,425	169,076	211,429	360,575	352,620	440,514	779,032	425,385	354,052	446,353	464,393	387,119	312,928	
Cayman Islands	91	701	694	408	166	1,391	235	395	100	1,049	154	438	420	
Central African Republic	536	521	314	784	1,319	4,632	7,595	2,599	2,585	3,562	2,125	5,789	3,436	
Chad	2,137	917	3,424	2,922	5,260	5,371	4,856	9,542	7,302	3,031	4,063	1,969	2,924	
Chile	53,711	46,706	45,658	71,169	53,236	58,933	59,398	66,813	53,077	61,751	83,200	113,708	78,839	
China	461,312	450,298	889,126	1,055,746	1,368,724	2,108,757	4,169,608	4,309,780	5,670,123	8,132,362	12,425,326	10,139,148	12,058,975	
Christmas Islands	0	0	0	0	0	2	0	41	0	0	26	0	0	
Cocos (Keeling) Islands	0	0	0	1	0	0	0	3	1	4	0	0	1	
Colombia	15,999	20,320	18,031	19,381	16,653	17,457	35,675	27,269	21,266	22,834	35,076	31,623	34,282	
Comoros	8,953	12,687	16,207	11,590	7,490	8,282	12,199	6,615	6,159	12,355	7,421	5,596	6,230	
Congo	29,972	33,928	38,517	41,337	57,186	62,374	69,229	65,139	62,318	66,452	62,666	81,141	98,994	
Cook Islands	36	1	52	19	16	33	232	43	0	79	0	7	461	
Costa Rica	1,735	2,859	838	929	1,271	12,101	6,433	1,327	1,674	2,340	2,305	5,134	8,651	
Côte d'Ivoire	36,135	43,890	46,368	47,641	46,533	47,266	63,628	77,766	84,669	111,521	90,898	106,714	92,434	
Croatia	3,231	4,929	7,029	5,564	15,720	7,652	6,741	10,203	10,343	8,833	9,971	22,795	23,498	
Cuba	418	283	275	265	492	257	275	10,063	137	365	371	846	2,407	
Cyprus	4,386	3,777	5,493	16,216	7,739	15,624	9,224	9,916	8,304	8,455	9,321	4,299	9,717	
Czech Republic	12,791	21,340	30,812	64,565	69,030	99,770	110,186	108,270	71,922	144,550	201,561	185,941	158,420	
Democratic Republic of the Congo	108,884	153,943	163,521	207,872	275,943	363,684	621,797	1,125,162	573,817	865,847	1,106,904	1,491,357	1,364,518	
Denmark	78,959	66,734	94,947	112,740	133,566	175,218	185,143	189,252	120,321	125,576	205,278	130,385	92,711	
Djibouti	6,783	5,710	4,086	6,100	5,654	16,890	9,922	15,231	18,662	14,404	28,072	36,777	30,559	
Dominica	146	379	1,585	707	149	134	33	730	18	337	0	14	207	
Dominican Republic	2,785	2,547	2,497	1,398	1,915	2,038	1,535	2,544	890	6,125	2,560	5,044	2,989	
Ecuador	5,810	11,063	3,558	3,281	2,691	4,161	3,352	4,158	2,281	12,815	71,761	19,728	11,668	
Egypt	30,987	17,824	35,394	24,936	38,327	32,441	65,996	133,410	143,640	136,942	81,849	89,845	79,168	
El Salvador	267	687	1,243	664	1,238	715	515	337	81	374	499	2,825	2,075	
Equatorial Guinea	1,154	3,215	4,825	10,097	12,440	11,804	13,406	14,381	11,453	12,216	15,033	7,887	14,838	
Eritrea	1,677	2,284	3,393	2,725	3,943	4,403	6,347	6,726	17,897	27,831	12,992	26,325	9,101	
Estonia	277	1,078	1,652	8,690	8,579	8,874	5,456	5,877	5,650	25,716	27,306	26,606	17,745	
Ethiopia	12,967	16,455	17,296	37,559	25,555	33,959	34,019	46,263	37,166	38,200	38,333	71,388	79,108	
Falkland Islands (Malvinas)	19	35	34	45	34	50	82	73	8	0	60	107	87	
Faroe Islands	0	0	0	0	15	5	45	0	4	0	0	1	81	
Fiji	756	1,357	2,147	3,185	3,587	4,008	1,532	4,394	6,463	10,043	4,585	6,494	2,728	
Finland	27,250	21,971	27,606	30,511	21,140	85,075	100,886	124,658	79,875	206,327	303,892	341,151	397,079	
France	608,622	664,490	743,022	893,818	1,068,388	1,262,149	1,382,923	1,447,209	841,347	978,684	996,886	889,869	1,058,253	
French Polynesia	255	735	381	242	352	414	301	323	2,938	2,762	375	992	1,731	
French South Antarctic Territories	1	634	0	304	464	3,922	3,148	72	6,075	1,622	5,502	2,713	6,121	
Gabon	15,116	18,862	15,156	22,708	28,505	44,745	44,876	45,713	35,172	47,454	54,403	63,559	63,332	
Gambia	6,884	2,901	4,181	8,135	6,108	9,625	7,090	5,610	7,467	5,612	8,302	5,658	4,273	
Georgia	1,215	596	1,877	9,026	1,453	6,882	3,641	1,556	6,173	1,767	3,500	30,683	23,292	
Germany	2,357,854	1,883,689	2,439,744	3,236,553	3,329,696	3,944,251	5,106,030	5,748,890	3,512,736	5,529,415	5,488,039	4,174,512	3,828,853	
Ghana	87,597	93,475	151,078	191,890	240,529	252,825	308,868	391,296	340,963	353,853	421,249	545,172	398,297	
Gibraltar	1,459	199	170	8,572	7,894	10,953	12,143	13,187	11,492	16,058	15,851	12,031	14,676	
Greece	52,371	41,693	58,283	42,611	44,044	103,570	89,419	162,423	44,416	74,661	82,629	53,165	36,931	
Greenland	0	0	0	26	99	1	2	0	0	1,159	102	2	0	
Grenada	108	140	179	114	187	77	962	140	93	137	505	756	375	
Guatemala	996	1,396	3,343	1,457	2,223	6,919	1,648	1,459	1,515	3,433	1,870	6,649	5,264	
Guinea	5,594	11,191	44,542	43,330	37,129	37,728	41,176	38,442	31,960	35,584	47,638	46,893	27,065	
Guinea-Bissau	181	195	214	587	547	1,794	3,203	1,844	1,652	1,212	1,740	749	670	
Guyana	293	212	594	1,169	623	862	1,590	917	454	105,848	126,744	9,922	195,139	
Haiti	78	303	231	595	578	357	1,163	2,052	1,723	2,007	2,034	8,764	7,476	
Honduras	400	812	1,491	744	842	431	901	1,117	823	719	2,059	12,981	10,789	
Hong Kong, China	322,258	316,107	423,174	528,109	587,181	399,889	655,460	645,113	963,425	966,472	1,250,642	1,443,229	1,448,890	
Hungary	3,255	8,514	5,454	6,417	10,542	16,423	33,527	60,556	19,333	43,402	87,749	99,029	46,655	
Iceland	804	2,178	7,473	9,536	9,080	22,385	42,939	12,409	1,648	1,325	19,659	1,113	1,566	
India	368,911	351,546	380,259	567,192	1,170,335	783,553	1,349,482	2,279,522	2,067,689	2,980,649	3,372,843	3,674,818	2,998,302	
Indonesia	100,033	104,424	164,136	162,762	238,373	208,442	223,557	276,041	381,977	542,232	737,132	613,501	504,513	
Iran (Islamic Republic of)	57,998	34,987	39,953	53,828	131,714	209,259	218,736	155,883	122,422	134,254	96,136	48,518	17,488	
Iraq	3,164	1,295	3,957	17,775	11,990	32,907	47,807	61,770	108,118	6,310	25,829	4,875	6,245	
Ireland	97,805	88,033	142,574	156,581	183,991	164,681	196,546	219,342	126,822	154,136	161,264	112,199	87,359	
Israel	515,706	521,187	508,075	635,606	759,202	664,742	785,310	841,365	575,471	717,995	805,724	846,762	577,594	
Italy	788,517	743,035	913,102	1,190,596	1,160,973	1,347,669	1,429,790	1,595,377	1,080,571	1,425,434	1,773,334	1,356,849	1,087,223	
Jamaica	3,488	2,126	1,681	4,418	9,366	2,170	43,730	1,315	1,004	1,157	1,157	3,560	2,894	
Japan	2,306,464	1,490,186	3,147,677	4,110,387	5,149,334	6,226,977	7,039,332	8,119,609	4,096,141	6,424,979	7,662,958	5,413,532	5,570,290	
Jordan	12,950	14,812	31,679	41,143	25,281	22,818	12,646	16,798	21,611	19,485	28,451	19,976	21,485	
Kazakhstan	35	177	184	3,704	1,118	9,110	17,403	5,702	5,447	13,896	9,964	5,452	4,293	
Kenya	221,035	222,114	287,684	449,897	458,705	471,042	643,258	709,892	872,405	785,279	853,863	718,912	804,542	
Kiribati	4	7	0	1	3	39	14	0	7	1	44	14	79	
Korea, Democratic People's Republic of	1,122	7,696	6,765	1,324	7,294	78,741	137,368	150,711	92,821	216,376	46,745	8,236	1,426	
Korea, Republic of	479,829	478,077	580,080	698,552	837,014	998,966	1,161,627	1,506,741	900,843	1,713,276	2,268,084	1,712,386	1,264,200	
Kuwait	15,080	9,448	20,379	23,309	29,092	23,075	40,116	94,832	87,599	60,927	81,903	72,030	82,151	
Kyrgyzstan	128	109	263	574	3,333	1,177	468	690	573	42	532	226	986	
Lao People's Democratic Republic	34	1,950	606	3,442	2,812	2,627	416	2,501	122	131	549	630	608	
Latvia	377	1,551	706	998	2,691	3,030	2,875	3,598	10,212	3,311	3,265	9,325	5,987	
Lebanon	5,510	6,891	6,302	6,237	7,594	6,604	26,747	16,008	28,334	34,773	15,334	22,601	10,184	
Lesotho	0	0	0	0	0	0	0	0	0	0	0	4,339	1,418,056	
Liberia	1,367	1,706	3,906	5,195	6,401	17,239	18,631	8,052	9,176	7,667	17,542	19,398	15,672	
Libya	4,209	6,558	5,723	7,040	6,311	5,910	6,074	14,093	13,289	29,479	12,587	6,946	21,647	
Lithuania	214	638	29,705	4,576	1,559	1,535	8,028	10,547	6,798	6,907	10,760	28,341	12,985	
Luxembourg	4,037	8,516	2,210	5,265	6,143	2,890	12,872	109,204	17,083	8,943	19,856	6,115	32,591	
Macao, China	4,549	7,072	9,724	2,266	3,718	2,838	18,328	704	1,058	963	499	259	88	
Macedonia, The Former Yugoslav Republic of	352	490	294	1,293	41	132	373	249	280	305	386	329	49	
Madagascar	53,931	39,243	99,181	89,395	85,005	73,254	162,350	228,902	122,372	180,846	164,750	174,469	169,893	
Malawi	221,978	225,774	224,031	243,497	255,914	247,053	307,319	465,993	429,297	442,241	401,029	442,076	513,459	
Malaysia	155,125	166,026	226,705	267,015	235,996	350,698	405,302	624,707	535,000	737,874	995,256	1,063,034	668,778	
Maldives	1,663	1,356	1,703	4,573	2,424	3,081	3,078	2,995	5,985	7,477	3,861	3,997	5,059	
Mali	19,423	18,791	23,369	57,658	68,451	46,565	81,153	62,981	78,117	85,385	116,261	85,705	95,181	
Malta	1,319	5,971	2,389	5,053	1,617	7,511	4,890	3,887	12,988	11,602	3,163	2,177	33,181	
Marshall Islands	524	323	16	23	495	1,776	458	390	64	4	133	222	1,033	
Mauritania	3,676	9,007	10,740	7,377	21,470	18,676	19,706	40,744	36,807	29,873	67,736	40,452	29,491	
Mauritius	247,088	255,099	271,327	269,779	337,188	285,889	269,110	402,111	299,816	345,338	325,913	321,344	304,731	
Mayotte	7,156	6,632	8,381	10,180	6,324	4,554	11,121	7,051	4,503	5,222	4,894	5,943	4,988	
Mexico	93,116	79,210	82,135	128,366	146,734	218,581	182,916	183,916	161,560	290,132	659,092	575,798	227,806	
Micronesia (Federated States of)	1	0	30	0	0	0	6	17	15	111	7	51	0	
Mongolia	3	131	27	208	696	134	364	2,072	5	1,108	393	305	3,549	
Montenegro	0	0	0	0	0	0	0	0	0	0	0	0	45	
Montserrat	0	0	518	57	7	8	0	0	0	35	2	3	0	
Morocco	96,542	101,405	61,458	73,660	162,957	158,554	232,138	145,211	64,533	91,222	47,198	60,184	45,291	
Mozambique	671,197	600,934	745,476	787,663	991,829	908,804	1,267,187	1,608,979	1,606,650	1,893,892	2,435,290	2,401,029	2,830,787	
Myanmar	237	585	590	1,252	2,637	1,206	262	1,437	2,076	1,176	2,134	2,634	999	
Namibia	0	0	0	0	0	0	0	0	0	4	0	197,730	4,237,707	
Nauru	65	48	34	19	13	0	88	174	0	0	0	0	0	
Nepal	322	575	2,022	4,253	2,087	939	3,147	2,085	3,268	576	1,563	1,359	1,736	
Netherland Antilles	1,001	11,385	4,857	4,826	3,923	6,386	5,922	6,177	2,438	7,591	8,484	4,161	4,266	
Netherlands	1,132,735	1,188,852	1,508,653	1,840,694	2,341,337	2,723,682	2,880,665	3,463,622	2,036,635	2,284,603	2,943,275	3,042,902	3,074,073	
New Caledonia	193	487	836	885	311	1,288	1,618	2,254	1,856	4,519	2,900	1,783	2,273	
New Zealand	42,406	40,815	57,068	94,155	101,338	88,088	102,895	123,311	67,477	84,889	78,910	92,108	101,318	
Nicaragua	1,828	2,412	6,653	1,979	7,175	10,120	28,162	18,722	16,987	859	586	1,447	885	
Niger	3,077	5,449	8,266	5,125	5,634	7,739	8,674	7,604	3,959	8,846	7,527	8,383	7,776	
Nigeria	200,818	258,899	334,077	444,618	527,689	590,647	683,754	955,043	678,080	622,798	798,426	785,974	807,818	
Niue	0	35	0	63	0	0	0	106	2	0	120	0	0	
Norfolk Island	74	0	1	0	0	135	40	46	13	38	37	81	313	
Northern Mariana Islands	136	624	2	22	31	30	6	0	27	16	69	344	84	
Norway	24,940	34,856	41,212	40,608	46,146	70,146	187,902	223,973	202,806	277,780	256,086	299,704	257,199	
Oman	5,106	5,639	10,397	25,730	29,190	49,683	39,660	45,780	26,244	28,186	45,299	87,644	63,747	
Pakistan	64,386	43,306	86,081	84,404	157,284	158,496	220,256	221,841	178,074	268,620	242,314	257,683	315,067	
Palau	0	366	94	0	0	0	0	0	0	0	4	0	0	
Palestine, State of	0	0	0	0	0	0	104	194	152	82	113	85	0	
Panama	3,603	5,042	6,925	20,872	18,866	40,006	21,335	5,736	5,167	65,882	22,288	43,703	47,549	
Papua New Guinea	542	962	425	941	1,289	1,517	3,690	5,105	9,024	13,620	6,803	27,896	21,334	
Paraguay	2,657	4,118	1,794	1,455	1,689	1,860	2,382	4,226	1,984	3,901	4,315	7,315	5,226	
Peru	14,944	16,965	27,394	21,122	18,246	24,191	75,636	33,470	23,398	78,820	64,835	59,793	57,767	
Philippines	43,057	29,045	35,802	49,193	62,302	35,730	34,576	50,587	61,099	72,635	67,305	67,573	86,981	
Pitcairn	1	23	0	0	0	0	3	0	0	0	5	0	35	
Poland	22,754	20,961	31,518	43,905	94,037	187,333	246,467	336,845	344,897	252,633	332,956	215,018	152,456	
Portugal	82,721	98,717	94,937	111,237	143,875	200,540	223,967	363,786	180,087	152,434	119,966	84,290	124,198	
Qatar	8,782	4,442	7,306	10,359	12,306	21,779	37,310	53,300	26,287	20,625	23,027	42,150	54,142	
Republic of Moldova	934	715	628	1,924	1,251	320	159	323	27	61	51	74	96	
Romania	17,882	9,009	21,098	27,902	5,287	12,929	66,443	114,232	27,041	38,353	48,223	50,275	50,663	
Russian Federation	29,564	41,938	75,220	98,039	70,165	106,330	150,850	242,975	178,406	284,124	307,452	412,366	403,323	
Rwanda	9,225	7,934	11,307	11,581	10,798	11,276	14,907	31,121	23,520	24,180	26,051	28,208	31,434	
Saint Helena	4,013	4,501	6,058	7,127	8,644	9,752	32,226	9,764	7,597	8,360	11,862	28,430	18,954	
Saint Kitts and Nevis	68	22	1,232	48	152	8	150	304	93	48	100	85	20	
Saint Lucia	115	295	101	60	529	617	103	59	91	273	113	359	204	
Saint Vincent and the Grenadines	161	413	110	63	462	3,152	1,859	815	32	235	29	10	157	
Samoa	0	1,362	514	811	1,534	2,194	11	528	681	384	1,530	548	267	
Sao Tome and Principe	198	1,036	459	2,562	284	423	703	509	269	221	442	310	1,236	
Saudi Arabia	123,570	127,130	153,197	224,342	300,941	292,556	336,836	331,631	297,149	364,450	360,462	351,959	274,575	
Senegal	20,267	19,911	29,077	31,430	41,435	47,531	57,365	70,562	55,330	84,138	95,320	101,710	92,344	
Serbia	0	0	0	0	0	4,466	5,932	2,712	6,063	1,916	3,182	3,300	1,049	
Serbia and Montenegro	3,778	4,277	4,500	793	1,239	0	0	0	0	0	0	0	0	
Seychelles	26,375	33,720	38,631	34,457	93,253	70,948	57,692	57,401	58,440	56,384	51,244	47,074	45,679	
Ship stores and bunkers	568,610	473,312	0	230,191	287,408	274,941	363,114	537,155	522,035	472,156	472,283	343,988	129,564	
Sierra Leone	5,158	5,291	10,895	20,017	22,019	22,289	21,164	12,559	10,572	45,383	157,567	121,487	103,509	
Singapore	233,915	168,879	228,498	308,970	413,013	490,247	360,398	563,279	306,799	353,041	380,354	901,735	982,528	
Slovakia	966	1,186	1,953	1,286	1,731	2,769	3,169	2,627	2,532	1,527	1,808	1,502	2,189	
Slovenia	5,491	5,122	9,728	6,902	18,593	22,014	32,784	44,779	26,667	90,496	137,392	94,567	114,105	
Solomon Islands	7	33	4	55	7	119	42	121	646	224	2,301	408	321	
Somalia	149	366	136	166	743	460	1,111	27,489	4,565	10,395	12,177	2,672	6,732	
South Africa	0	0	0	0	0	0	0	0	0	0	0	0	0	
Spain	560,102	641,664	830,804	1,110,835	1,391,693	1,476,954	1,757,717	1,876,798	1,088,469	1,102,893	1,150,586	882,902	815,508	
Sri Lanka	22,006	24,668	24,178	25,303	28,700	22,519	25,568	34,119	24,416	40,637	37,006	26,578	29,604	
St. Pierre and Miquelon	13	0	0	17	0	0	0	0	0	99	9	4	0	
Sudan (North + South)	20,513	28,984	41,306	47,353	66,349	58,286	92,553	57,893	76,025	63,059	74,789	34,564	30,209	
Suriname	48	178	2,907	1,158	159	195	521	377	646	191	481	1,552	2,810	
Swaziland	0	0	0	0	0	0	0	0	1	0	0	6,586	1,515,987	
Sweden	74,003	70,224	109,146	185,395	237,960	434,760	429,051	417,396	250,886	397,555	308,666	200,538	238,115	
Switzerland	480,649	240,489	762,831	1,126,750	1,250,092	1,706,985	1,370,502	1,556,438	2,273,316	2,276,910	2,777,941	1,667,057	2,126,566	
Syrian Arab Republic	4,540	5,764	14,694	3,488	6,138	8,056	11,095	9,068	7,482	7,996	5,709	7,635	1,341	
Taipei, Chinese	453,925	485,700	661,370	1,367,822	785,440	591,749	890,893	1,138,775	822,250	1,060,883	1,204,835	1,048,206	1,142,188	
Tajikistan	39	57	41	35	128	140	65	154	92	258	334	11	124	
Tanzania, United Republic of	182,126	192,408	248,816	342,851	418,471	398,452	382,914	505,129	443,076	558,880	577,071	692,764	512,526	
Thailand	171,222	188,643	216,726	353,041	267,490	266,353	431,453	395,254	272,502	384,797	456,187	585,904	471,355	
Timor-Leste	73	4	5	10	0	128	3,244	1,739	105	1,975	824	1,347	0	
Togo	9,105	4,621	20,372	10,673	10,169	14,989	27,406	56,043	27,753	40,218	33,649	42,977	29,079	
Tokelau	5,177	12,668	14,981	13,054	898	1,293	14,218	22,873	42,687	2,501	0	15,439	155	
Tonga	83	141	809	73	60	124	3,045	1,610	4,405	39	22	154	3	
Trinidad and Tobago	3,908	2,952	1,967	3,792	2,674	3,177	3,649	3,649	6,291	4,801	4,464	16,240	17,932	
Tunisia	4,633	3,257	3,783	2,592	6,372	9,759	15,864	16,263	12,449	12,735	7,378	18,488	18,266	
Turkey	117,543	128,028	151,942	158,746	223,449	369,646	316,484	497,002	258,708	397,859	568,707	572,251	639,172	
Turkmenistan	285	28	23	104	60	29	88	641	27	363	1	1,474	901	
Turks and Caicos Islands	31	56	13	403	448	146	712	1,443	7	139	1,259	41	164	
Tuvalu	0	0	1,063	0	116	0	197	106	98	85	420	374	432	
Uganda	58,230	57,229	62,264	87,158	87,623	103,225	152,947	165,762	147,484	208,420	217,917	167,944	181,588	
Ukraine	932	2,655	15,718	17,473	37,128	24,288	37,009	134,527	35,939	70,118	53,413	32,813	56,048	
United Arab Emirates	145,775	152,313	300,139	344,088	437,129	556,461	708,638	769,902	610,406	850,653	956,402	1,045,877	1,213,581	
United Kingdom	2,836,834	2,519,194	3,197,428	4,215,465	5,000,163	4,627,716	4,907,275	4,905,860	3,002,064	3,703,487	3,990,609	3,358,138	3,297,878	
United States Minor Outlying Islands	93	405	1,059	1,705	199	243	1,168	777	1,642	1,276	1,280	905	600	
United States of America	3,631,452	2,439,154	3,844,168	4,689,548	4,893,176	6,058,239	7,528,705	7,987,446	4,859,695	7,060,761	8,356,639	7,586,125	6,894,762	
Uruguay	9,766	5,309	6,944	5,144	6,857	8,342	175,836	179,657	7,494	12,933	23,709	16,037	12,494	
Uzbekistan	278	2,209	3,940	2,948	2,622	2,284	9,990	575	1,828	645	603	46	1,234	
Vanuatu	15	5	72	234	2,838	153	915	93	415	451	81	42	596	
Venezuela	16,006	15,026	3,923	14,286	16,735	21,965	37,184	33,093	28,186	37,496	57,275	43,276	13,461	
Viet Nam	11,989	32,906	78,555	78,003	108,684	49,069	56,786	75,247	80,694	140,157	113,285	95,431	169,964	
Wallis and Futuna Islands	14	4	0	0	0	13	5	0	0	0	0	146	22	
Western Sahara	0	0	0	0	0	0	0	0	21	0	35	0	0	
Yemen	5,244	3,318	3,210	16,632	36,105	34,412	28,497	39,815	59,208	79,795	43,123	62,768	86,101	
Zambia	575,814	525,620	536,880	733,416	849,302	1,150,536	1,421,242	1,965,425	1,415,962	1,750,864	2,382,926	2,685,810	2,711,156	
Zimbabwe	633,398	692,365	858,565	929,079	1,161,503	1,065,169	1,194,814	1,688,951	1,607,999	2,156,050	2,448,067	2,439,596	2,399,408	
