List of importing markets for a product exported by Thailand (Mirror) Product: TOTAL All products
"Importers"	"Exported value in 2001"	"Exported value in 2002"	"Exported value in 2003"	"Exported value in 2004"	"Exported value in 2005"	"Exported value in 2006"	"Exported value in 2007"	"Exported value in 2008"	"Exported value in 2009"	"Exported value in 2010"	"Exported value in 2011"	"Exported value in 2012"	"Exported value in 2013"	
Total	70,887,529	73,958,776	86,845,995	106,843,346	122,659,990	142,495,785	166,722,037	194,380,577	162,438,040	205,754,663	230,462,134	228,849,521	204,512,783	
Afghanistan								16,571	18,861	39,982	36,374	0		
Albania	47	795	455	1,867	2,759	4,363	12,499	13,904	20,433	16,503	15,774	10,853	12,865	
Algeria	12,263	31,569	41,986	73,464	86,304	73,376	127,821	219,831	195,437	178,327	262,243	240,866	277,939	
Andorra	3,021	4,215	4,570	3,897										
Anguilla	102	28	29											
Antigua and Barbuda					1,134		3,378		4,318	1,556	1,997	2,168	2,490	
Argentina	128,442	26,850	55,070	129,894	278,799	402,771	456,265	484,172	411,194	640,046	695,917	871,988	943,239	
Armenia	383	861	231	1,040	926	6,362	11,340	21,642	14,747	17,952	21,498	22,122	21,346	
Aruba					1,117				1,473	2,226	2,155	1,614		
Australia	1,382,437	1,711,123	2,358,727	2,776,489	3,677,319	4,718,293	6,539,401	8,607,590	9,212,861	9,886,861	8,710,152	10,534,076	10,672,586	
Austria	190,365	188,823	232,990	360,901	355,173	424,865	521,037	577,233	462,873	510,136	467,328	371,117	418,772	
Azerbaijan	1,901	3,041	3,088	3,223	3,697	7,716	8,587	22,819	10,873	11,734	18,625	26,340		
Bahamas	48	46	80	57	144	0	0	0	0	0	823	2,486		
Bahrain	35,830	40,719	42,796	46,848	66,403	58,631	82,134	137,467	119,493	125,780	186,475			
Bangladesh	282,178	237,588	283,441	339,940	376,546	422,654	613,351							
Barbados	3,319	2,967	3,135	3,778	8,998	12,083	13,706	21,512	10,317	13,547	14,061	13,455	17,098	
Belarus	4,401	5,841	4,436	10,397	15,427	17,939	38,938	71,746	38,210	50,395	89,481	150,364	118,522	
Belgium	1,399,084	1,214,654	1,327,515	1,173,873	1,360,643	1,416,936	1,859,678	1,812,415	1,416,594	1,401,917	1,604,720	1,662,164	1,993,627	
Belize	1,851	846	1,425	1,803	1,029	1,088	2,952	6,263	2,635	2,077	3,900	3,824	7,200	
Benin	19,129	20,384	31,336	37,479	59,786	39,121	117,597	102,258	42,817	44,542	98,015	110,808	196,494	
Bermuda												1,082	1,859	
Bhutan					6,260	5,681	4,632	9,517	7,203	21,589	26,434			
Bolivia	1,758	2,111	3,694	4,040	4,505	4,847	14,776	22,470	18,398	26,410	58,568	67,259		
Bosnia and Herzegovina			3,646	5,757	8,952	9,880	19,465	21,205	24,230	18,666	27,081	18,167	16,643	
Botswana	0	1,427	1,694	966	2,436	15,628	15,180	12,938	6,911	15,164	3,722	1,660	5,427	
Brazil	211,733	187,100	260,950	440,067	521,627	736,732	1,005,127	1,420,350	1,270,766	1,838,046	2,399,317	2,503,918	2,383,948	
Brunei Darussalam	47,073	54,709	50,417	65,937		92,839				138,290	155,079	208,464	183,053	
Bulgaria	12,015	14,243	18,338	21,649	27,231	45,849	79,576	94,932	16,080	13,584	21,651	27,360	25,489	
Burkina Faso	4,334	4,537	4,326	9,550	14,987		12,893	51,128	33,164	21,006	37,857	39,323		
Burundi	1,220	1,512	1,563	1,567	506	474	4,464	1,236	1,327	1,446	2,138	3,270	2,327	
Cabo Verde	92	1,694	4,357	4,605	118	6,114	13,649		13,403	15,050	17,598	9,430	20,365	
Cambodia	222,996	238,546	223,653	230,882	291,007	415,591	513,160	696,595	465,233	690,723	726,477	902,258		
Cameroon	12,700	25,576	21,557	54,943	68,616	39,738	90,439	154,941	169,992	155,237	194,469	193,277		
Canada	1,092,750	1,132,420	1,333,578	1,550,183	1,636,139	1,986,512	2,147,871	2,330,341	2,021,052	2,339,442	2,702,607	2,635,274	2,561,840	
Central African Republic	390	216	256			11	80	152	4,567	210	163	766	58	
Chile	91,803	93,967	108,809	123,243	164,439	282,015	391,790	415,129	205,649	583,987	649,756	715,114	759,005	
China	4,713,848	5,599,597	8,826,842	11,540,505	13,991,887	17,962,428	22,665,748	25,656,737	24,896,942	33,193,365	39,039,796	38,551,206	38,521,895	
Colombia	53,045	52,790	54,148	87,820	89,840	128,848	203,550	296,403	227,814	396,136	417,924	332,556	309,200	
Comoros	85	240	277	350	0	583	340	497	4,285					
Congo							8,937	21,808	15,055	14,150	23,548	21,102	24,253	
Cook Islands					974									
Costa Rica	13,929	11,034	15,034	24,385	24,770	35,961	70,507	115,185	85,758	83,364	87,811	93,235	146,656	
Côte d'Ivoire	70,417	64,053	73,898	134,055	100,882	135,223	185,848	356,157	355,187	331,801	347,246	287,136		
Croatia	15,602	24,043	32,902	38,658	44,028	48,485	63,958	85,193	61,716	55,583	60,231	48,368	21,482	
Cuba	13,208	8,686	16,746	23,451	13,618	30,218								
Cyprus	48,750	44,163	39,089	52,599	42,721	34,592	61,896	80,835	49,002	55,394	45,049	35,943	29,296	
Czech Republic	113,460	151,446	222,843	293,736	429,205	520,583	808,878	1,222,023	1,165,251	1,587,801	1,379,214	1,240,925	1,128,383	
Denmark	171,156	170,162	221,244	270,722	267,644	314,402	459,363	571,804	518,624	739,258	736,912	415,573	385,845	
Djibouti									2,946					
Dominica	176	169	177	230	545	230	783	747	635	519	465	280		
Dominican Republic	12,292	10,406	10,022	18,483	27,511	38,626	52,441	86,737	52,909	71,541	65,265	65,419	56,103	
Ecuador	19,276	26,566	31,113	52,500	134,441	168,983	203,372	328,036	199,300	311,502	256,465	313,142	236,925	
Egypt	105,794	89,359	93,807	125,470	174,131	210,296	222,228	629,154	555,579	749,132	701,658	911,306	832,036	
El Salvador	9,109	11,675	14,705	16,007	18,784	22,816	36,990	47,527	21,999	36,544	47,416	49,061	61,092	
Eritrea			4,212											
Estonia	16,204	26,289	41,103	35,066	29,444	51,081	61,357	70,995	40,157	56,483	99,599	87,543	76,835	
Ethiopia	7,768	14,258	22,014	21,987	29,205	38,258	75,531	75,304	77,747	126,582	131,521	160,240		
Faroe Islands	886	1,286	1,610	1,312	1,017	1,801	2,649	1,848	1,765					
Fiji		17,452	20,885	27,017	35,330	43,243	44,374	66,042	48,360	44,444	57,925	48,547		
Finland	114,713	115,738	174,000	208,590	250,646	313,068	399,601	454,548	203,550	202,383	191,470	151,550	150,699	
France	1,611,294	1,385,505	1,552,526	1,824,838	1,884,825	2,061,655	2,444,145	2,788,360	2,383,234	2,657,222	3,080,438	2,762,072	2,891,990	
French Polynesia	17,404	19,498	33,895	46,159	57,150	49,862	48,384	64,157	49,666	52,230	42,394	46,857	46,160	
Gabon	15,260	0	5,566	27,197	25,616	28,011	43,615	72,664	42,515					
Gambia	301	3,156	536	5,232	2,043	843	471	4,266	10,813	6,994	2,600			
Georgia	104	319	889	1,814	1,182	3,972	7,159	12,528	10,379	15,727	22,582	17,749	24,018	
Germany	2,277,194	2,231,202	2,532,309	3,025,049	3,081,127	3,438,751	4,390,429	4,963,911	4,115,390	4,834,664	5,804,160	5,404,137	5,774,569	
Ghana	36,237		81,765		89,877	115,123	170,234	224,333	155,423	158,174	335,715	243,512		
Greece	157,650	141,259	168,110	234,966	287,846	232,681	399,648	395,829	272,154	218,161	173,135	134,119	126,977	
Greenland	0	3	1,120	2	0	986	563	1,288	1,505	1,408	1,793	1,484	1,230	
Grenada	350	130	296	967	483	485	739	1,245						
Guatemala	14,261	22,812	5,269	6,598	48,505	50,192	67,610	100,859	73,216	94,751	108,131	133,969	126,036	
Guinea	11,376	7,479		15,649	46,602	21,013	14,220	28,111		4,124	21,462	9,735		
Guinea-Bissau			3,274	1,873	7,798									
Guyana	858	1,340	857	1,292	1,739	2,490	3,918	4,100	6,503	8,088	7,976	8,929	7,922	
Honduras	1,980	4,864	7,406	6,537	14,072	18,489	35,883	86,197	55,773	71,101	77,037	99,030	93,967	
Hong Kong, China	3,509,560	3,789,381	4,277,974	4,872,361	6,049,851	6,966,231	7,659,178	8,945,068	8,643,464	10,834,108	10,874,727	10,618,667		
Hungary	259,688	255,919	287,159	133,875	171,569	237,023	285,996	284,602	195,716	270,363	284,688	293,191	378,893	
Iceland	6,482	6,866	10,270	14,377	17,987	17,564	23,142	24,352	13,148	14,161	15,578	14,697	16,686	
India	424,586	365,087	539,244	750,164	1,196,597	1,550,809	2,192,368	2,664,791	2,775,885	3,940,819	5,055,564	5,499,272	5,475,443	
Indonesia	986,047	1,190,709	1,701,668	2,771,583	3,446,959	2,983,483	4,287,065	6,336,146	4,612,923	7,470,735	10,405,115	11,437,239	10,703,074	
Iran (Islamic Republic of)	99,467	104,144	202,698	304,459	227,663	0				247,506	253,826			
Ireland	301,287	265,335	378,776	436,702	482,538	627,088	587,177	553,473	368,029	316,291	350,963	457,574	472,660	
Israel	314,232	303,049	337,635	400,848	409,075	370,549	463,877	557,545	402,096	546,224	576,785	528,734	618,417	
Italy	778,204	830,193	1,083,587	1,495,187	1,392,703	1,557,321	2,094,870	2,131,072	1,394,415	1,717,173	1,971,691	1,417,003	1,473,380	
Jamaica	14,227	11,409	13,830	13,608	28,654	35,489	36,934	50,977	37,574	38,037	41,619	47,787		
Japan	10,380,235	10,510,177	11,892,908	14,108,888	15,557,987	16,886,634	18,323,129	20,786,411	16,025,643	21,016,679	24,528,974	23,613,090	22,038,600	
Jordan	31,761	44,290	56,296	76,525		107,425	149,484	172,352	137,707	140,881	141,936	177,905	217,893	
Kazakhstan	1,727	3,708	14,516	16,712	22,449	67,298	94,043	101,677	97,580	72,031	97,593	130,388	160,658	
Kenya	23,621	18,344	24,108	30,359	46,896	63,157	99,309	131,376	91,610	107,338	131,155			
Kiribati					360		410	915	568	461	499	599		
Korea, Republic of	1,589,191	1,702,523	1,897,731	2,350,817	2,688,753	3,328,394	3,769,172	4,281,645	3,238,628	4,168,786	5,413,360	5,353,242	5,231,003	
Kuwait	100,071	110,736	118,813	143,566		244,501	305,826	375,126						
Kyrgyzstan	194	183	302	301	1,290	769	1,164	2,327	2,097	4,564	3,689	5,299		
Latvia	1,966	2,386	3,844	4,190	8,581	11,124	15,963	15,122	5,887	11,779	44,436	13,531	13,562	
Lebanon	75,203	62,989	65,620	92,354	83,312	91,397	128,225	161,567	183,079	193,513	203,159	236,439	260,665	
Lesotho	3	382	367					0	0	929				
Libya							88,189	199,330	257,709	218,219				
Lithuania	12,881	14,858	31,275	16,258	24,550	15,786	61,710	129,410	104,512	54,122	21,427	21,985	16,005	
Luxembourg	2,086	8,997	23,380	30,057	25,511	23,161	25,492	20,195	15,763	25,403	24,421	32,864	18,519	
Macao, China	25,369	30,402	29,111	40,091	55,610	54,077	55,976	64,802	60,130	82,938		116,363		
Macedonia, The Former Yugoslav Republic of	1,448	2,074	3,224	4,513	5,071	7,494	14,774		22,279	16,340	21,146	23,424	23,287	
Madagascar	4,692	3,150	13,479	30,834	32,815	26,339	38,451	71,938	578,895	45,786	53,541	50,455	54,247	
Malawi	794	952	1,796	3,501	2,834	3,246	4,003	3,431	3,806	15,879	7,566	4,912	7,785	
Malaysia	2,926,580	3,153,198	3,813,733	5,782,639	6,033,977	7,168,015	7,854,558	8,741,536	7,480,689	10,265,625	11,276,640	11,543,532	12,294,805	
Maldives	12,105	13,048	23,888	24,486	28,498	56,045	53,014	59,999	48,459	57,525	59,361	74,366	86,970	
Mali	6,195	9,011	14,426	7,991	20,232	15,984	11,181	39,495		16,060	16,293	15,841		
Malta	9,609	10,017	10,583	8,898	12,039	13,336	17,140	20,369	15,290	22,105	26,058	25,980	19,774	
Mauritania	3,216	414	259	14,795	8,884		11,131	53,086	71,064	21,997	21,995	22,179		
Mauritius	32,412	32,546	34,656	42,374	51,841	52,851	69,170	110,012	98,307	101,323	111,018	115,241	112,252	
Mayotte	6,391	5,972	7,385	8,943	9,611	7,469	12,418	15,346	20,493					
Mexico	615,036	838,388	987,150	1,259,892	1,557,797	1,783,909	2,105,806	2,207,853	1,983,240	2,697,924	3,088,837	3,805,704	4,321,970	
Mongolia	374		1,433	4,682	865	2,101	5,096						44,996	
Montenegro						2,754	6,990	7,814	5,533	4,493	6,299	5,533	5,698	
Montserrat	4	35	6	20	42	134	114	178	53			31	0	
Morocco	23,460	26,259	30,635	44,519	50,189	59,912	128,425	188,808	182,136	215,676	212,139	202,563	206,999	
Mozambique	4,755	5,128	6,642	30,821	42,561	36,538	55,620	87,048	127,613	52,235	119,626	80,036	153,164	
Myanmar										473,437				
Namibia	648	1,239	454	1,379	1,294	1,747	4,003	9,587	10,803	4,923	7,842	3,928	7,956	
Nepal			50,014						85,717	102,138	101,132			
Netherland Antilles					801	1,891	2,721	7,430						
Netherlands	1,717,269	1,405,163	1,645,216	2,405,132	2,341,087	2,806,057	3,116,848	4,116,941	3,683,620	4,169,829	4,264,244	3,548,311	3,699,572	
New Caledonia	7,415	8,974	12,376	24,184	35,028	41,724	45,941	58,832	59,189	73,870	77,519	70,772	85,021	
New Zealand	214,527	259,626	333,856	439,989	669,199	668,770	829,818	933,569	675,133	976,297	1,037,773	1,222,805	1,350,864	
Nicaragua	2,624	4,685	7,881	8,038	11,794	15,455	25,321	43,748	32,438	42,576	49,781	70,662	88,041	
Niger	1,291	1,835	3,650	30,415	25,184	6,845	7,543	42,126	39,663	20,148	25,902	46,266	60,528	
Nigeria	115,591	174,750	138,745			220,241	161,425	57,633	2,738	0	0	226,244		
Norway	105,359	123,112	159,055	186,700	201,246	276,757	340,263	378,687	312,305	377,931	419,763	580,993	424,498	
Oman	48,215	42,871	10,304	82,360	177,967	265,870	318,913	453,764	424,119	489,658	565,382	221,084	225,485	
Pakistan			231,837	345,519	538,487	625,500	594,925	598,451	599,705	872,379	827,012	716,577	715,669	
Palau												728		
Palestine, State of							25,460	8,317	14,263	9,089	12,873	16,875		
Panama	4,044	5,532	6,112		7,475	117,402	166,452	214,297	171,474	237,106	252,689			
Papua New Guinea	18,886	14,547	24,068	23,133							182,839	262,730		
Paraguay	8,749	8,941	5,339	7,097	12,091	14,421	25,320	39,585	37,400	70,997	79,778	74,272	72,644	
Peru	20,782	29,685	32,051	46,345	65,794	86,561	136,973	334,447	189,646	374,862	443,586	453,674		
Philippines	984,354	1,160,709	1,524,443	1,658,762	1,678,686	2,179,742	2,402,511	2,997,620	2,595,675	4,103,251	3,641,303	3,642,943	3,564,386	
Poland	181,093	194,060	233,682	329,328	337,345	418,832	564,739	934,021	724,675	861,592	1,017,617	914,018	1,038,733	
Portugal	124,501	83,433	100,953	122,366	112,153	114,108	162,036	188,093	141,125	149,362	155,722	221,213	119,358	
Qatar	33,317	34,864	41,671	37,472	143,567	257,064	314,698	414,938	393,082	371,497	378,212	529,469	484,064	
Republic of Moldova	461	645	641	1,098	1,202	2,289	5,098	8,808	5,361	6,535	10,580	8,575	9,659	
Romania	41,822	48,983	78,239	102,442	123,747	164,621	133,379	130,792	82,202	135,530	165,008	131,044	168,631	
Russian Federation	107,109	227,301	301,735	355,260	451,831	559,605	1,004,304	1,497,094	931,949	1,370,022	1,937,490	1,970,951	2,084,260	
Rwanda	1,083	839	805	821	594	2,550	1,344	1,449	3,255	2,409	5,661	7,258	6,998	
Saint Kitts and Nevis	113	97	98	66	368	563	1,362	2,172	968	920	677			
Saint Lucia	1,500	1,600	1,956	2,606	3,918	8,247	13,746	11,446						
Saint Vincent and the Grenadines	205	78	204	420	495	1,176	1,087	852	383	915	672	903		
Samoa	364	281	295	1,108	2,464	4,104	3,305	3,520	3,213	4,015	4,491	6,452	8,604	
Sao Tome and Principe	0	0	0	0	0	0	24	2,203	49	0	1,510	467	0	
Saudi Arabia	296,260	326,315	398,929	552,407	1,018,612	1,320,716	1,489,404	2,088,545	2,070,597	2,310,032	2,662,870	3,346,191		
Senegal	132,051	150,982	174,433	176,563	173,371	148,507	258,232	446,154	225,169	155,671	195,273	110,428	89,213	
Serbia					25,669	33,952	60,225	74,388	64,593	59,361	71,775	58,348	50,855	
Serbia and Montenegro	6,759	15,656		23,309										
Seychelles	5,161	4,617	5,710		5,317	9,724		8,462						
Sierra Leone		4,202												
Singapore	5,162,251	5,409,048	5,504,801	6,704,612	7,514,444	8,729,060	8,504,548	11,292,669	8,213,695	10,281,178	11,355,508	10,141,956	9,283,718	
Slovakia	23,111	37,851	51,785	52,659	70,729	99,948	173,500	233,377	205,143	214,485	223,461	197,700	258,971	
Slovenia	12,718	17,298	23,159	31,256	31,733	38,386	54,787	85,097	50,129	55,032	56,551	83,802	61,841	
Solomon Islands								4,011	3,719	7,597	8,420			
South Africa	258,127	283,149	426,257	663,438	880,048	1,174,011	1,466,553	1,756,054	1,352,470	1,829,898	2,264,919	2,700,853	2,750,498	
Spain	791,556	786,046	1,042,729	1,366,702	1,440,071	1,587,609	1,886,692	2,036,991	1,259,521	1,463,236	1,567,853	1,098,879	1,067,175	
Sri Lanka	147,569	146,060	145,932	151,856	168,173	202,951	230,740	297,936	270,465	315,931	491,053	460,209		
Sudan (North + South)	14,080	14,733	14,160	18,780	36,845	50,555		77,798	76,367	147,904	156,422			
Suriname	2,284			4,527	5,444	7,506	11,408		11,131	12,186	10,307			
Swaziland	419	10,954	3,970	5	7,609	3,511	4,335							
Sweden	238,469	226,543	266,252	305,380	320,070	432,536	574,000	583,017	495,830	611,260	643,460	592,745	554,886	
Switzerland	356,594	393,685	464,654	530,146	580,895	639,092	845,033	937,308	722,768	846,373	1,041,226	1,041,454	1,073,111	
Syrian Arab Republic	61,969	67,729	70,020	56,143	82,321	78,997	116,079	129,095	136,067	229,945				
Taipei, Chinese	2,180,870	2,170,737	2,353,613	2,753,303	2,867,463	3,317,378	3,620,283	3,262,058	2,690,128	3,827,434	4,381,912	3,701,961	3,761,363	
Tanzania, United Republic of	37,278	36,343	20,936	29,895	25,893	37,115	59,375	76,794	71,256	80,390	60,780	75,814	91,974	
Thailand	1,017,005	950,560	1,096,112	1,086,008	1,368,555	1,453,257	1,928,304	2,168,125	2,060,848	2,280,042	2,305,771	2,283,252	2,262,576	
Timor-Leste				1,306	1,122									
Togo	4,474	3,433	3,068	3,481	4,045		6,191	37,808	29,039	40,289	45,776	43,783	38,243	
Tonga	256	328	360					945	1,134	1,523	3,402	2,133		
Trinidad and Tobago	17,823	16,307	21,217	26,346	38,520	60,720	89,441	96,401	72,471	91,786				
Tunisia	21,258	24,194	35,232	54,985	61,680	86,512	99,969	148,100	122,200	154,210	150,088	173,896	143,571	
Turkey	152,288	194,589	291,943	500,504	677,783	936,761	1,229,444	1,473,405	956,105	1,280,624	1,592,303	1,311,960	1,300,643	
Turks and Caicos Islands	0	0	0	0							0	12		
Tuvalu		81												
Uganda	8,651	5,290	8,773	14,171	14,765	17,430	29,320	27,268	39,166	49,003	59,567	67,372	78,674	
Ukraine	13,116	12,879	33,386	27,404	57,968	80,564	113,772	232,650	103,534	162,817	228,170	223,143	200,959	
United Arab Emirates					863,325		1,810,647	2,421,698						
United Kingdom	2,399,884	2,904,246	3,360,427	3,863,309	3,740,526	4,330,444	4,793,469	5,106,196	3,824,923	4,313,507	4,581,185	3,865,073	3,779,585	
United States of America	15,565,997	15,682,847	16,105,656	18,645,613	21,034,778	23,684,861	23,792,955	24,608,982	19,863,864	23,616,899	25,746,017	27,051,553	27,091,608	
Uruguay	6,259	2,732	4,140	4,758	6,948	6,951	11,651	18,670	19,684	33,147	36,771	31,331	37,868	
Vanuatu						2,899	5,833		5,933	5,454	6,855			
Venezuela	20,118	16,665	9,964	22,827	44,442	52,975		127,297	91,433	51,425	105,881	110,383	132,546	
Viet Nam	792,301	955,239	1,282,187	1,858,636	2,374,110	3,034,381	3,744,223	4,905,621	4,514,074	5,602,282	6,383,588	5,791,898		
Yemen				68,131	65,079	108,052	149,261	226,589	265,121	268,441	224,061	285,778		
Zambia	2,389	2,926	1,466	3,044	5,273	5,418	10,590	15,097	7,913	7,506	12,512	18,451	23,875	
Zimbabwe	4,051	13,016		8,157	7,881	13,070	28,469	26,570	17,117	19,422	40,222	18,691	20,893	
