List of importing markets for a product exported by Seychelles (Mirror) Product: TOTAL All products
"Importers"	"Exported value in 2001"	"Exported value in 2002"	"Exported value in 2003"	"Exported value in 2004"	"Exported value in 2005"	"Exported value in 2006"	"Exported value in 2007"	"Exported value in 2008"	"Exported value in 2009"	"Exported value in 2010"	"Exported value in 2011"	"Exported value in 2012"	"Exported value in 2013"	
Total	258,350	388,366	396,880	413,520	485,732	456,605	421,847	421,298	360,872	399,498	386,071	467,676	551,493	
Albania	0	0	0	26	15	105	11	12	0	0	0	0	39	
Algeria	0	342	18	1	3,016	41	232	0	14	4	0	31	3	
Andorra	7	0	0	0										
Antigua and Barbuda					0		1		5	0	0	0	0	
Argentina	0	0	0	0	0	75	50	38	63	15	60	69	60	
Armenia	0	0	103	45	8	81	0	63	0	0	1	1	0	
Australia	540	690	94	725	1,729	2,624	2,723	1,461	1,710	4,343	3,656	2,373	2,171	
Austria	1,597	1,516	1,173	929	6,069	5,766	8,657	6,333	63	24	333	52	16	
Azerbaijan	0	0	98	63	1,302	749	270	0	0	29	659	702		
Bahrain	0	10	0	0	76	31	0	0	0	0	41			
Bangladesh	0	5	0	5	191	25	24							
Barbados	0	0	1	1	4	0	0	0	26	0	6	0	0	
Belarus	0	243	0	0	51	0	0	26	10	1	0	0	9	
Belgium	750	2,489	95	7,328	5	544	968	140	164	25	137	324	2,399	
Belize	0	0	14	0	0	3	0	0	4	2	3	0	0	
Benin	0	0	6	0	0	0	0	0	32	15	0	124	145	
Bermuda												0	2	
Bolivia	0	2	0	1	2	0	0	0	0	0	234	7		
Bosnia and Herzegovina			184	284	418	144	49	11	38	3	2	285	19	
Botswana	0	16	91	0	0	11	0	0	0	1	1	1	0	
Brazil	0	1	6	6	1	93	464	4,863	109	1,191	523	67	143	
Brunei Darussalam	0	4	1	8		0				0	0	2	4	
Bulgaria	6	1	0	11	12	2	28	37	177	206	124	563	82	
Burkina Faso	0	0	0	0	10		0	0	0	0	13	0		
Burundi	0	0	0	0	0	0	0	0	0	0	99	152	0	
Cabo Verde	0	0	3	0	0	0	0		0	0	0	0	0	
Cambodia	0	0	0	0	0	0	0	0	4	16	0	9		
Cameroon	4	0	3	0	2	4	3	5	102	1	0	15		
Canada	106	177	1,400	3,102	2,557	3,528	3,648	1,350	557	267	586	2,941	2,151	
Chile	0	0	0	1	0	0	6,259	6,141	1,535	3,001	0	0	65	
China	51	14	33	28	10	598	4,460	3,684	31	11	322	263	402	
Colombia	1	0	0	54	0	0	0	7,254	0	80	65	63	75	
Comoros	0	0	70	4	0	0	0	0	72					
Congo							0	0	77	25	0	16	0	
Costa Rica	2	0	0	0	0	0	0	0	2	0	115	60	0	
Côte d'Ivoire	2,705	3,241	0	0	4,523	3	0	7	0	223	7	40		
Croatia	20	64	58	21	9	164	8	25	58	23	47	27	0	
Cuba	2	1	0	0	11	0								
Cyprus	156	124	116	336	132	141	230	454	272	93	601	505	427	
Czech Republic	22	15	13	124	213	128	225	161	96	27	34	87	227	
Denmark	841	626	2,018	756	1,238	904	1,078	1,902	2,467	3,066	3,722	4,011	8,625	
Dominica	0	0	0	0	0	0	14	0	0	0	0	0		
Dominican Republic	0	4	0	11	1	45	0	0	0	0	2	7	0	
Ecuador	0	0	0	0	0	0	6,767	55	0	205	0	0	37	
Egypt	0	0	0	72	0	0	0	0	0	24	19	219	477	
El Salvador	0	0	0	0	0	2,960	0	11	0	0	0	8	999	
Estonia	0	0	0	144	831	8	44	26	0	0	0	47	77	
Ethiopia	52	4,913	212	66	0	0	3	37	1	6	0	6		
Faroe Islands	0	0	0	0	0	0	0	0	1					
Fiji		2	0	0	3	3	0	0	0	0	0	1		
Finland	3,098	1,780	1,525	498	391	270	493	1,089	528	757	2,260	1,269	3,267	
France	43,298	67,764	74,338	71,671	50,975	62,921	69,027	78,373	71,802	66,612	99,529	125,794	159,953	
French Polynesia	5	10	24	50	75	64	46	89	41	34	77	46	44	
Gabon	0	0	6	0	27	0	0	0	0					
Georgia	0	0	39	4,629	142	133	0	1,268	634	640	0	110	185	
Germany	17,003	24,986	38,125	22,468	26,728	26,145	9,246	23,989	8,273	14,047	5,649	2,377	3,890	
Ghana	0		119		507	301	114	417	477	615	853	551		
Greece	800	708	703	573	412	215	168	419	195	2	91	0	0	
Greenland	0	0	5	0	0	0	0	0	0	0	0	2	4	
Grenada	0	0	0	0	0	0	0	9						
Guatemala	0	0	0	0	58	248	73	104	134	133	0	1	0	
Guinea	0	0		2	0	0	0	0		33	0	4		
Guyana	0	7	0	1	0	0	0	0	251	66	3	30	0	
Hong Kong, China	931	1,365	684	926	2,260	2,975	2,225	1,988	2,522	2,165	2,461	2,947		
Hungary	536	385	219	6,447	7,666	1,483	462	364	317	85	2,060	971	333	
Iceland	0	0	0	0	0	0	0	470	266	542	444	1,071	908	
India	20	62	67	511	1,047	621	910	1,249	996	8,884	2,938	2,426	1,620	
Indonesia	2,000	329	1,408	60	186	138	161	443	294	569	396	347	854	
Iran (Islamic Republic of)	23	3,676	9,703	109	2	0				9,991	6,838			
Ireland	263	0	138	85	1,381	1,711	3,126	589	197	212	286	552	570	
Israel	1,406	685	26	25	0	0	223	59	0	147	2	29,443	962	
Italy	24,770	28,559	47,313	30,531	34,453	45,610	21,139	32,704	38,559	41,036	39,141	49,149	65,076	
Jamaica	0	0	0	0	44	0	0	0	5	0	0	0		
Japan	15,871	21,970	17,635	34,634	45,212	33,315	30,934	33,193	28,774	39,865	42,679	70,075	53,816	
Jordan	0	0	0	0		0	0	0	0	6	0	0	0	
Kazakhstan	13	17	6	37	12	94	26	605	201	535	126	188	233	
Kenya	46	109	3	44	3	4,453	3,192	5,572	4,009	1,335	5,565			
Korea, Republic of	0	252	117	25	118	613	250	2,280	2,514	2,957	855	1,886	2,406	
Kuwait	0	113	0	0		5	36	243						
Kyrgyzstan	0	0	0	0	0	0	1	2	49	177	0	0		
Latvia	0	9	0	0	8	13	1	4	5	204	1,018	1,016	1,172	
Lebanon	13	5	21	12	27	23	2	27	67	49	34	17	14	
Lesotho	0	0	0					0	0	0				
Libya							0	46	1,413	0				
Lithuania	0	0	0	0	1	0	0	0	0	2	0	11	0	
Luxembourg	0	0	0	0	0	0	0	17	10	43	40	33	53	
Macao, China	5	0	0	0	0	0	0	0	0	1		2		
Macedonia, The Former Yugoslav Republic of	18	0	49	54	422	195	15		0	1	28	0	0	
Madagascar	2,712	7,784	3,945	2,257	7,759	6,458	5,724	12,126	17,726	20,908	19,159	9,770	7,614	
Malawi	0	1	0	1,134	2,925	2,756	1,694	1,390	0	442	113	120	409	
Malaysia	49	153	40	103	48	523	67	636	1,456	8,347	1,820	12,698	6,093	
Maldives	0	1	11,802	7	25	17	22	396	783	79	265	81	397	
Mali	1	0	0	0	0	0	0	0		0	0	0		
Malta	257	445	251	467	653	520	309	320	554	381	657	584	680	
Mauritius	4,828	33,115	7,803	6,773	9,532	32,678	37,194	20,284	4,532	13,910	6,139	15,952	48,030	
Mayotte	8	0	1	13,637	30,609	44,544	26,847	3,448	396					
Mexico	0	190	0	3,122	50	121	158	114	88	90	183	423	1,219	
Mongolia	0		0	0	39	33	51						113	
Montenegro						0	9	1	200	24	22	0	0	
Morocco	5	59	99	84	46	1	0	0	0	5	0	0	0	
Mozambique	1	72	99	409	3	109	1,361	10,725	100	77	496	149	463	
Myanmar										554				
Namibia	22	3	247	15	9	13	1	6	0	20	116	76	0	
Nepal			0						29	0	71			
Netherlands	5,211	6,662	1,790	3,351	4,180	5,913	7,542	6,554	10,554	14,103	12,150	5,753	6,494	
New Caledonia	1	14	25	26	14	22	28	33	27	99	79	100	164	
New Zealand	154	152	8	2	574	447	701	1,078	204	140	10	1	1	
Nicaragua	0	0	0	0	1	0	0	0	0	2	0	0	0	
Niger	0	0	0	0	0	0	0	0	0	2	0	2	0	
Nigeria	84	11	27			4,462	97	598	62	0	5	0		
Norway	3	0	9	93	7	0	153	368	32	11	19	75	100	
Oman	0	0	903	0	0	0	0	0	0	0	0	0	0	
Pakistan			51	0	75	0	22	0	7	76	34	4	0	
Palestine, State of							0	0	0	6	0	0		
Papua New Guinea	0	1	0	0							9	0		
Paraguay	0	0	0	0	0	0	0	0	0	0	0	0	0	
Peru	76	89	0	17	10	8	9	5	11	10	19	85		
Philippines	167	410	427	919	697	282	653	0	0	44	8	432	136	
Poland	0	81	0	197	180	54	48	165	430	149	221	56	40	
Portugal	907	338	85	0	0	1	0	47	0	0	1	56	7	
Qatar	0	0	8	0	0	0	16	1	103	87	39	88	94	
Republic of Moldova	0	0	0	0	0	190	5	35	46	0	1	0	0	
Romania	0	0	0	45	51	55	0	0	0	7	3	0	0	
Russian Federation	286	395	462	474	651	2,625	751	1,692	595	901	1,398	1,233	1,802	
Rwanda	0	0	0	12	0	0	0	124	0	0	2	0	5	
Saint Kitts and Nevis	0	0	0	2	13	7	10	9	19	1	2			
Saint Lucia	0	0	0	1	0	3	0	0						
Saint Vincent and the Grenadines	0	0	0	0	0	0	0	11	2	0	1	0		
Samoa	0	0	0	0	0	0	0	0	0	0	0	0	17	
Sao Tome and Principe	0	0	1	0	0	0	0	0	0	0	0	0	0	
Saudi Arabia	0	0	0	0	0	0	0	627	0	202	0	0		
Senegal	0	0	0	2	10	21	0	0	0	0	45	82	0	
Serbia					355	161	136	46	211	53	30	140	75	
Serbia and Montenegro	56	99		774										
Seychelles	0	0	0		0	0		75						
Singapore	220	315	1,106	777	782	2,554	1,963	2,726	1,589	1,444	4,782	878	909	
Slovakia	60	2	0	95	274	502	175	162	97	67	232	87	114	
Slovenia	1	0	0	55	957	814	2,269	1,792	387	453	265	130	6	
Solomon Islands								0	115	0	0			
South Africa	3,981	1,136	3,455	4,291	2,801	2,240	6,411	450	1,454	1,067	678	741	782	
Spain	14,619	22,283	19,742	50,772	93,566	31,650	19,287	15,575	19,356	12,336	6,473	9,608	23,914	
Sri Lanka	4	0	789	1,427	780	424	229	1,364	470	1,128	1,644	1,373		
Sudan (North + South)	86	258	82	12	0	4		958	840	1,710	19			
Swaziland	654	0	0	0	0	0	0							
Sweden	406	498	377	20	13	7	68	50	69	121	16	74	9	
Switzerland	58	19	75	62	526	342	2,049	5,234	3,724	3,036	4,582	5,260	5,951	
Syrian Arab Republic	0	0	0	0	86	35	0	0	0	0				
Taipei, Chinese	1	110	3	0	19	111	32	228	66	276	1,304	1,786	693	
Tanzania, United Republic of	9	1	277	40	1,078	3,639	17,340	2,153	6,657	6,341	2	0	15	
Thailand	12,969	20,739	41,456	5,962	11,369	2,802	5,499	2,069	6,927	25,493	6,044	6,376	6,292	
Togo	0	0	13	0	0		129	0	944	2,048	0	0	109	
Tonga	0	0	0					2	0	0	0	0		
Trinidad and Tobago	0	0	2	0	0	0	13	0	21	0				
Tunisia	89	40	1,243	4,024	1	0	0	0	0	353	0	54	26	
Turkey	537	1,486	1	2,241	1,875	257	195	181	733	254	474	2,811	1,064	
Uganda	16	96	0	350	3,857	108	44	4,773	70	0	709	1	485	
Ukraine	26	148	51	25	820	160	519	507	223	152	85	443	74	
United Arab Emirates					33		2,062	184						
United Kingdom	68,551	96,412	87,965	107,904	104,792	96,977	87,263	92,998	100,981	70,864	84,198	81,822	114,750	
United States of America	24,231	27,381	13,879	6,079	5,999	10,277	10,469	5,461	6,470	4,822	6,411	4,773	5,939	
Uruguay	0	0	0	0	6	3	31	0	0	1	0	0	19	
Venezuela	0	0	0	0	4	0		203	0	7	2	0	923	
Viet Nam	6	30	198	0	0	0	0	0	0	0	0	0		
Yemen				0	0	0	0	0	0	0	0	0		
Zambia	3	0	0	13	47	155	783	3,606	752	982	0	19	394	
Zimbabwe	14	46		7,904	2,935	1,194	3,323	0	537	1,141	249	84	1,058	
