List of importing markets for a product exported by Guatemala (Mirror) Product: TOTAL All products
"Importers"	"Exported value in 2001"	"Exported value in 2002"	"Exported value in 2003"	"Exported value in 2004"	"Exported value in 2005"	"Exported value in 2006"	"Exported value in 2007"	"Exported value in 2008"	"Exported value in 2009"	"Exported value in 2010"	"Exported value in 2011"	"Exported value in 2012"	"Exported value in 2013"	
Total	4,837,518	4,969,305	5,266,757	5,637,274	6,253,925	6,370,245	7,098,138	8,405,089	7,705,125	8,470,386	10,533,789	10,448,991	9,978,248	
Afghanistan								2,878	10	11	217	0		
Albania	0	0	2	84	187	121	34	9	803	52	29	713	3,039	
Algeria	0	316	4,994	2	5,984	4,808	1	2	52	673	34,019	34,565	5,376	
Andorra	14	3	5	6										
Anguilla	4	4	3											
Antigua and Barbuda					705		81		279	520	764	741	820	
Argentina	1,363	351	132	204	474	1,324	2,544	5,374	2,755	4,896	13,267	3,985	3,981	
Armenia	0	10	0	0	0	34	58	35	281	95	29	51	35	
Aruba					266				0	0	0	0		
Australia	902	2,210	1,844	2,284	2,545	3,908	4,495	5,552	5,292	5,975	12,415	13,044	11,706	
Austria	7,327	4,838	4,689	4,364	6,122	5,002	5,092	6,006	1,876	2,892	1,734	1,918	975	
Azerbaijan	0	156	61	0	1	55	0	0	921	0	0	0		
Bahamas	1,269	1,003	815	1,375	900	506	283	508	387	1,807	1,011	381		
Bahrain	989	656	430	585	494	188	454	1,127	869	1,436	2,373			
Bangladesh	254	2,504	4,565	4,226	7,709	5,125	4,205							
Barbados	4,525	2,043	1,618	1,801	2,957	1,080	1,758	4,170	2,995	3,257	3,907	3,037	3,336	
Belarus	2,956	1,644	4	3,120	93	104	49	85	1,843	6,017	1,121	4,814	2,254	
Belgium	30,314	10,836	16,239	16,508	24,028	22,266	20,146	27,186	27,665	35,454	48,148	35,474	32,904	
Belize	16,512	17,971	16,007	21,178	28,789	42,790	47,086	57,343	53,405	55,982	55,957	58,422	62,753	
Benin	66	0	0	0	0	1	0	17	0	0	0	0	3,727	
Bermuda												9	22	
Bolivia	211	90	90	233	320	400	544	1,380	1,308	1,244	18,142	1,185		
Bosnia and Herzegovina			0	8	11	132	46	139	96	92	212	1,347	1,374	
Botswana	0	0	0	0	0	0	0	0	0	45	0	42	0	
Brazil	725	462	402	575	2,162	6,181	11,998	23,854	14,593	16,417	23,770	13,141	20,634	
Brunei Darussalam	1	2	2	6		7				35	33	37	38	
Bulgaria	1	4,696	5,715	9	12	137	25	111	1	0	1,088	199	3,138	
Burkina Faso	39	0	0	75	27		0	0	0	0	0	45		
Cabo Verde	0	5	0	0	0	0	0		0	0	0	0	0	
Cambodia	1	0	0	0	189	4	0	33	0	0	3	0		
Cameroon	12	3	2	245	370	59	343	457	62	1	0	2		
Canada	95,491	91,881	104,593	139,724	170,800	199,219	213,256	249,243	234,140	314,137	408,232	405,815	367,106	
Central African Republic	0	0	0			0	0	0	0	0	0	0	298	
Chile	4,358	9,474	9,716	12,344	13,739	6,527	45,318	112,505	107,626	106,081	186,447	113,417	138,119	
China	211	575	1,821	42,907	94,693	43,776	46,209	11,503	23,330	36,059	23,345	68,508	173,888	
Colombia	10,990	8,822	11,681	14,100	15,080	20,634	25,060	38,386	35,279	52,244	55,062	51,179	39,225	
Congo							0	0	0	0	0	0	0	
Costa Rica	140,677	147,269	153,968	158,767	181,249	111,314	246,670	296,783	277,787	324,038	457,271	416,946	386,069	
Côte d'Ivoire	287	45	85	124	92	104	522	864	126	29	15	13		
Croatia	901	3,336	793	648	443	418	723	1,611	1,035	886	634	32,402	3,625	
Cuba	14,160	10,752	12,863	22,271	10,727	12,873								
Cyprus	25	1	4	112	1,135	2	2	2	3	7	7	1	1	
Czech Republic	488	404	295	214	451	472	628	891	1,456	1,684	1,896	2,945	3,429	
Denmark	3,811	2,849	3,714	3,228	2,737	2,197	2,499	3,051	1,986	1,515	1,702	1,732	850	
Dominica	1,057	797	1,119	1,122	985	776	727	858	1,136	575	125	845		
Dominican Republic	26,999	49,134	39,594	38,666	48,022	81,359	84,994	110,140	106,613	135,129	129,399	124,884	131,863	
Ecuador	2,669	2,322	11,721	16,543	61,638	30,143	10,007	12,586	8,455	65,017	21,212	26,940	23,017	
Egypt	1,010	2,056	317	794	7,737	412	379	1,832	3,836	8,738	8,174	13,534	8,439	
El Salvador	435,214	418,701	463,605	505,983	591,902	648,229	746,231	830,369	752,649	806,916	989,615	997,599	935,413	
Estonia	170	150	414	187	120	103	428	1,413	846	360	852	647	1,255	
Ethiopia	0	0	41	51	3	92	130	18	64	43	5,846	235		
Faroe Islands	5	8	8	14	8	8	10	15	9					
Fiji		73	43	28	1	42	33	26	29	60	50	58		
Finland	14,023	6,440	7,728	6,547	9,973	14,008	16,079	23,633	18,609	19,495	22,175	8,845	5,493	
France	26,146	24,967	29,812	30,300	48,045	53,027	33,698	44,636	34,581	32,173	38,312	41,233	49,045	
French Polynesia	0	1	46	99	135	54	0	120	12	17	29	106	38	
Gabon	1	0	0	0	0	0	0	0	14					
Georgia	0	0	0	0	0	0	0	0	96	0	0	0	0	
Germany	85,858	63,536	63,962	65,875	77,810	87,591	88,785	112,065	86,911	109,437	146,286	148,846	117,175	
Ghana	3		0		123	3	2,284	0	18	50	106	41		
Greece	160	154	810	173	155	235	926	160	1,653	275	795	416	4,592	
Greenland	0	0	7	0	0	4	0	0	1	3	1	1	0	
Grenada	115	203	174	203	193	59	68	1,035						
Guatemala	0	0	0	0	7,035	0	0	0	0	0	0	0	0	
Guinea	0	0		0	2	0	0	14		0	0	678		
Guyana	915	726	673	784	1,205	687	2,052	1,991	3,611	4,134	3,938	7,353	6,232	
Honduras	236,924	233,953	245,871	272,217	346,490	339,981	540,830	781,543	631,765	614,760	599,982	602,170	618,819	
Hong Kong, China	1,698	2,235	2,833	2,584	4,714	4,087	5,980	5,401	3,888	5,770	8,465	7,543		
Hungary	801	316	437	27	5	161	12	20	38	13	15	52	45	
Iceland	159	100	107	335	352	260	296	313	186	124	373	401	617	
India	202	2,824	571	483	2,030	1,648	2,892	3,947	4,090	39,201	7,824	6,967	13,337	
Indonesia	27	22	115	1,049	1,887	13,326	33,578	1,031	30,134	202	41,129	909	6,041	
Iran (Islamic Republic of)	0	0	0	0	0	0				0	0			
Ireland	323	374	1,327	679	803	1,887	2,660	3,680	1,525	2,205	1,499	1,270	1,312	
Israel	1,579	1,348	2,480	1,628	1,396	1,054	3,372	2,558	4,767	2,141	4,777	1,630	6,746	
Italy	29,196	23,384	31,810	37,943	38,141	44,466	51,201	77,221	69,892	79,366	95,180	91,417	63,861	
Jamaica	9,717	11,848	8,960	15,670	18,631	13,663	31,289	41,680	27,940	22,219	27,774	30,400		
Japan	72,182	73,703	67,625	77,959	112,626	95,684	99,298	149,808	138,159	181,680	274,656	224,891	237,225	
Jordan	1,682	2,570	3,131	2,922		2,538	2,660	1,564	2,005	3,214	3,000	7,195	13,068	
Kazakhstan	27,209	4,546	9,560	2,956	7,473	9	14,130	137	97	87	98	85	96	
Kenya	12	0	1	9	97	443	2,713	1,561	2,931	3,456	2,789			
Korea, Republic of	149,316	105,559	65,701	62,123	83,296	96,102	85,697	50,716	98,757	129,684	219,673	140,618	159,575	
Kuwait	7,118	5,387	4,291	4,670		3,274	5,216	8,503						
Kyrgyzstan	22	2,694	0	30	0	0	6	0	1	0	0	14		
Latvia	27	5	2	7	4	0	0	5	13	0	0	2	16	
Lebanon	1,443	2,005	1,008	1,029	712	630	760	1,324	1,055	1,521	5,193	3,549	5,778	
Libya							0	0	0	1,358				
Lithuania	2,017	2,150	1,819	11	66	4,655	142	278	10	13	1	3	6	
Luxembourg	7	7	5	3	0	3	0	26	81	78	44	1,069	218	
Macao, China	4	14	28	15	1	11	12	4	18	13		106		
Macedonia, The Former Yugoslav Republic of	17	98	113	169	307	494	300		882	628	326	872	43,766	
Madagascar	20	0	0	6	0	2	0	0	0	0	0	71	0	
Malawi	0	71	0	11	0	0	0	0	0	0	0	0	0	
Malaysia	7,140	7,913	12,991	14,108	9,941	13,818	13,332	13,718	37,013	5,732	20,948	2,134	2,213	
Maldives	0	0	0	0	0	0	0	1	0	0	0	0	0	
Mali	0	0	0	0	24	4	0	0		0	0	855		
Malta	16	46	15	5	1	21	0	1	1	0	139	0	0	
Mauritius	8	105	82	86	26	83	129	123	47	229	140	51	52	
Mayotte	0	2	2	0	0	0	2	0	1					
Mexico	95,161	116,512	150,981	229,919	221,822	355,568	456,700	501,223	499,469	488,379	543,329	611,731	528,834	
Mongolia	0		0	0	687	30	0						3	
Montenegro						0	34	7	44	78	19	297	304	
Montserrat	0	2	1	5	7	2	1	17	36			58	56	
Morocco	302	346	6,247	351	654	722	491	1,078	830	1,320	1,630	1,871	933	
Mozambique	0	0	0	0	0	0	0	0	14	3	23	343	270	
Myanmar										162				
Namibia	0	0	0	0	0	0	0	0	0	0	0	0	0	
Nepal			5,553						2,396	1,001	2,751			
Netherland Antilles					1,107	359	878	479						
Netherlands	45,549	53,000	62,185	73,541	77,413	92,368	89,558	142,222	141,581	103,503	178,398	199,125	298,645	
New Caledonia	2	18	13	1	11	0	0	6	15	11	15	5	9	
New Zealand	696	523	648	1,094	2,005	1,617	1,689	1,864	1,780	2,400	3,746	3,670	15,487	
Nicaragua	142,841	149,638	132,160	152,001	173,046	109,451	216,818	235,648	212,328	261,835	336,695	335,312	325,822	
Niger	0	0	0	0	0	0	0	0	0	0	1	24	1,537	
Nigeria	384	626	153			875	864	2,095	0	0	0	0		
Norway	8,245	5,939	7,013	7,749	10,986	13,787	16,475	18,742	15,165	22,043	28,544	24,217	22,362	
Oman	1,083	577	40	528	371	464	519	533	351	951	1,039	563	384	
Pakistan			2,748	2,285	1,931	3,726	3,410	2,946	4,089	5,746	7,484	10,419	4,457	
Palestine, State of							591	849	1,519	914	5,343	2,405		
Panama	57,977	62,904	71,054		83,664	106,893	126,495	169,770	186,043	203,501	222,449			
Paraguay	38	32	68	37	69	9	22	47	225	315	1,058	915	1,354	
Peru	8,659	8,593	2,266	10,876	10,365	26,533	32,905	56,508	27,046	76,480	85,847	87,745		
Philippines	127	688	33	139	12	119	260	272	59	26,513	108	316	3,932	
Poland	3,485	3,905	2,443	2,387	2,466	5,850	7,380	6,195	4,233	8,305	9,544	10,594	9,960	
Portugal	1,754	1,202	1,647	2,642	3,390	4,205	5,375	9,038	4,307	3,439	8,710	19,198	4,221	
Qatar	954	1,022	665	859	792	752	849	1,061	1,998	5,702	4,178	2,632	6,132	
Republic of Moldova	1	1	29	1	7	46	57	10	338	12	14	61	828	
Romania	166	351	2,041	1,046	1,827	3,662	9,962	1,630	3,881	2,850	2,490	1,716	771	
Russian Federation	44,413	22,850	55,949	1,832	6,109	6,417	8,732	9,751	8,632	41,870	66,675	17,231	42,628	
Rwanda	0	0	0	0	39	0	1	1	1	3	0	6	516	
Saint Kitts and Nevis	58	61	133	37	65	23	54	559	348	158	70			
Saint Lucia	347	409	388	298	205	41	388	1,003						
Saint Vincent and the Grenadines	2,674	584	569	76	57	90	102	1,128	1,481	631	1,054	1,576		
Sao Tome and Principe	0	0	0	1	49	0	0	0	2	0	0	0	0	
Saudi Arabia	57,751	58,254	46,810	45,297	43,632	41,949	48,001	98,358	73,364	131,251	127,477	85,891		
Senegal	9	0	0	0	0	0	0	0	0	0	5	1,601	1,350	
Serbia					252	532	287	506	244	284	279	700	450	
Serbia and Montenegro	64	57		214										
Singapore	13,112	23,968	10,166	6,101	3,660	3,639	8,112	11,391	12,575	23,327	18,037	10,112	11,315	
Slovakia	123	76	197	116	287	215	594	231	116	141	175	153	317	
Slovenia	464	422	565	232	178	296	235	356	206	274	1,677	2,050	1,301	
South Africa	1,805	1,392	1,608	4,048	2,535	1,813	1,549	2,485	4,779	11,927	12,535	7,927	6,551	
Spain	35,221	30,028	36,648	41,651	58,870	67,079	71,867	74,245	67,266	80,457	109,222	118,786	129,847	
Sri Lanka	0	0	0	1,796	0	0	0	0	0	15,390	21	344		
Sudan (North + South)	175	204	0	46	0	0		575	1,494	830	477			
Suriname	1,061			1,113	1,269	1,152	1,083		5,763	5,283	6,187			
Sweden	11,091	9,345	8,255	5,993	8,042	8,660	13,445	18,249	6,955	7,412	12,504	22,493	5,308	
Switzerland	14,835	9,800	12,134	8,729	14,903	14,727	20,814	23,973	23,007	29,029	50,100	44,386	42,141	
Syrian Arab Republic	0	0	5,905	7,965	9,202	10,272	7,433	2,003	7,288	11,587				
Taipei, Chinese	21,511	5,580	1,148	4,070	22,082	44,417	32,896	28,662	40,489	72,084	70,443	68,944	68,797	
Tanzania, United Republic of	10	0	0	0	249	0	0	0	110	7	128	41	144	
Thailand	11	37	29	352	1,680	1,202	2,122	4,034	2,093	3,258	5,129	8,561	8,824	
Togo	21	17	20	0	2		57	0	33	0	0	10	467	
Trinidad and Tobago	11,845	12,766	8,064	6,655	6,969	3,271	6,696	11,560	18,565	21,921				
Tunisia	1,022	3,464	2,641	2	9	32	649	1	29	15	23	8,311	54,974	
Turkey	80	1,194	2,056	117	2,310	3,103	3,820	3,652	2,471	11,908	9,066	7,132	10,898	
Turks and Caicos Islands	0	0	0	0							0	0		
Uganda	8	0	0	0	0	0	1,063	9	3	50	5	61	5,524	
Ukraine	865	4,115	8,410	7,463	1,314	4,897	3,666	1,226	4,973	7,219	4,664	12,584	28,051	
United Arab Emirates					14,472		23,216	38,194						
United Kingdom	22,371	24,380	27,885	29,895	26,789	37,086	32,904	41,883	41,261	62,638	67,358	67,398	89,919	
United States of America	2,746,700	2,976,062	3,150,996	3,360,090	3,342,319	3,326,366	3,269,435	3,722,061	3,379,081	3,440,622	4,406,159	4,843,688	4,472,137	
Uruguay	94	97	44	40	77	837	2,632	2,856	595	2,041	1,902	780	1,072	
Venezuela	0	0	0	0	33,791	17,527		14,493	18,271	22,044	62,085	39,923	45,070	
Viet Nam	252	496	38	14	127	489	1,257	2,005	2,990	1,367	22,859	2,074		
Yemen				134	143	169	228	196	191	194	221	366		
Zambia	6	10	0	0	0	2	0	24	0	3	47	0	0	
Zimbabwe	0	0		6	0	0	0	0	2	1	0	0	271	
