List of importing markets for a product exported by Colombia Product: TOTAL All products
"Importers"	"Exported value in 2001"	"Exported value in 2002"	"Exported value in 2003"	"Exported value in 2004"	"Exported value in 2005"	"Exported value in 2006"	"Exported value in 2007"	"Exported value in 2008"	"Exported value in 2009"	"Exported value in 2010"	"Exported value in 2011"	"Exported value in 2012"	"Exported value in 2013"	
World	12,301,486	11,897,488	13,092,218	16,729,678	21,190,439	24,390,975	29,991,332	37,625,882	32,852,986	39,819,529	56,953,516	60,273,618	58,821,870	
Afghanistan	0	0	41	458	12	96	19	64	2,696	1,577	0	17	19	
Albania	2	4	707	146	26	7	129	394	176	7	537	279	1,108	
Algeria	1,224	299	4,632	3,273	1,185	1,228	1,323	123	167	765	1,159	2,151	1,812	
Andorra	204	172	101	336	111	0	2,475	2,789	557	28	42	0	0	
Angola	272	33	51	327	1,106	565	778	851	5,599	4,498	6,963	11,790	13,686	
Anguilla	318	265	222	299	402	43	273	65	73	93	69	0	0	
Antigua and Barbuda	196	603	3,738	2,497	1,366	1,933	11,200	2,402	1,735	674	664	1,927	611	
Area Nes	144,426	124,724	862	305,250	111	612	96	8,698	0	42,326	1,148	22,064	857,814	
Argentina	37,098	13,102	18,898	36,343	47,382	51,187	74,110	132,549	98,586	130,382	305,250	288,253	433,026	
Armenia	0	23	0	0	16	43	70	199	661	648	412	665	277	
Aruba	10,948	7,698	12,611	42,926	136,176	228,903	14,705	23,666	18,609	97,234	1,724,064	1,027,488	1,716,467	
Australia	13,581	12,974	13,290	21,135	17,206	16,264	17,110	22,238	19,466	33,672	37,954	40,205	47,764	
Austria	3,426	3,482	2,950	3,162	4,031	5,366	4,366	3,424	1,813	1,298	1,936	1,276	1,678	
Azerbaijan	10	0	0	7	2	5	7	9	83	198	149	142	166	
Bahamas	9,004	47,132	38,920	44,227	70,470	15,774	2,769	44,110	2,543	192,829	451,620	542,051	588,974	
Bahrain	28	547	459	205	666	368	536	1,308	697	1,615	1,491	1,474	612	
Bangladesh	5	878	13	663	4,935	777	641	277	219	1,104	141	45	209	
Barbados	3,020	1,830	2,463	1,941	3,258	36,509	32,890	117,862	73,797	5,307	5,171	6,226	39,220	
Belarus	0	0	0	34	3	596	181	91	227	617	1,128	826	1,202	
Belgium	210,404	241,066	227,777	288,942	368,176	369,093	389,174	460,193	408,716	450,234	620,668	488,151	494,721	
Belize	352	1,153	1,266	1,021	537	967	817	1,748	1,518	716	741	947	1,801	
Benin	126	94	776	885	362	423	2	74	327	130	1,995	2,009	928	
Bermuda	367	122	155	226	223	3,285	213	546	264	207	112	225	188	
Bhutan	3	0	0	0	0	0	0	0	0	0	0	0	0	
Bolivia	41,761	36,939	36,421	59,599	49,801	58,501	65,550	101,851	90,412	106,646	141,300	125,255	143,726	
Bosnia and Herzegovina	0	2	22	208	0	9	13	0	0	16	13	0	16	
Botswana	0	36	23	34	0	0	0	2	0	0	0	0	0	
Brazil	166,704	107,823	92,848	141,188	141,348	190,701	471,366	648,941	576,636	1,040,263	1,370,308	1,290,579	1,590,629	
British Indian Ocean Territories	0	0	0	17	46	0	0	2	69	0	0	13	0	
British Virgin Islands	344	1,282	814	224	1,102	5,922	1,744	9,384	96,303	815	365	845	87	
Brunei Darussalam	3	0	0	0	0	2	0	11	3	111	92	5	49	
Bulgaria	140	271	384	248	1,618	1,915	16,291	7,073	1,785	310	149	467	831	
Burkina Faso	0	0	0	75	0	179	944	49	470	464	0	8	0	
Burundi	0	10	11	4	0	25	0	31	0	60	110	0	6	
Cabo Verde	0	0	0	64	0	0	0	0	0	152	460	141	165	
Cambodia	8	0	9	0	0	25	1	49	55	1,781	958	1,120	1,887	
Cameroon	1,459	1,586	1,476	732	672	1,146	1,479	1,567	2,718	3,187	1,260	3,903	1,851	
Canada	142,503	164,076	176,505	155,802	297,973	275,148	266,242	326,476	385,593	532,126	614,416	466,978	390,152	
Cayman Islands	3,335	125	111	57	266	255	620	671,533	323	1,657	5,540	20,769	24,054	
Central African Republic	10	0	0	28	187	1,699	16	223	7	0	0	0	0	
Chad	0	0	0	236	0	81	0	0	0	0	0	0	2,220	
Chile	167,991	171,517	188,201	254,345	296,174	258,760	375,831	848,855	627,077	906,925	2,205,006	2,189,220	1,571,633	
China	19,907	27,825	82,204	137,504	236,689	452,420	784,758	442,953	949,726	1,966,624	1,989,061	3,343,081	5,102,171	
Christmas Islands	40	0	0	0	0	0	0	0	0	0	0	0	0	
Cocos (Keeling) Islands	0	0	0	0	11	0	0	0	0	0	0	0	0	
Colombia	0	0	0	0	0	0	0	0	0	0	0	0	0	
Comoros	0	0	0	0	0	0	0	0	0	0	0	0	3	
Congo	17	0	1,006	502	273	758	1,384	1,431	1,649	1,618	2,286	2,281	2,151	
Cook Islands	0	0	0	0	0	0	54	0	0	0	0	0	0	
Costa Rica	149,821	152,299	193,708	235,232	219,450	242,180	283,088	378,372	291,252	464,120	434,877	274,486	276,516	
Côte d'Ivoire	605	220	3,671	3,569	537	1,071	1,058	1,188	2,920	214,933	176,343	110,145	23,808	
Croatia	2,348	73	5,068	4,947	4,340	20,715	7,617	26,131	24,144	44,057	79,983	78,490	59,713	
Cuba	24,030	62,283	61,013	32,668	63,688	48,577	50,509	59,830	35,662	34,583	40,355	32,126	36,152	
Cyprus	832	414	286	251	97	65,191	205,796	354,152	66,867	576	729	164	225	
Czech Republic	1,401	1,425	988	2,430	12,423	3,667	4,952	8,257	1,537	2,168	2,366	3,672	3,508	
Democratic Republic of the Congo	0	0	0	41	0	1	0	74	96	69	0	236	1,761	
Denmark	18,025	36,876	75,761	54,038	56,989	79,326	142,675	114,770	175,201	104,755	451,162	182,630	262,319	
Djibouti	0	0	0	0	602	0	53	0	118	7	64	104	144	
Dominica	678	1,039	1,251	1,184	1,109	1,900	2,620	1,913	1,675	2,141	18,526	7,792	1,487	
Dominican Republic	102,839	165,559	342,415	436,779	583,269	583,399	621,614	750,661	483,221	627,252	620,730	669,250	363,430	
Ecuador	699,929	811,559	778,966	1,010,665	1,324,408	1,237,076	1,276,036	1,499,562	1,257,334	1,824,535	1,908,592	1,910,498	1,974,770	
Egypt	650	502	12,067	1,199	1,223	1,541	620	1,616	3,127	3,386	13,356	3,110	3,245	
El Salvador	29,137	31,844	37,621	46,175	51,472	49,579	50,172	91,032	78,644	99,532	445,151	66,516	82,299	
Equatorial Guinea	0	30	158	6	0	29	10	1	75	117	353	192	0	
Eritrea	19	1,254	0	0	0	0	0	1	0	0	0	0	0	
Estonia	835	394	292	47	849	4,189	7,550	9,021	2,410	1,317	488	320	1,775	
Ethiopia	59	0	0	167	160	21	231	157	357	694	285	747	285	
Faroe Islands	63	26	0	0	0	0	0	0	89	230	0	79	0	
Fiji	434	62	279	184	112	325	102	132	211	434	138	158	104	
Finland	58,944	49,776	57,072	64,527	23,891	37,204	63,990	63,671	24,570	84,966	68,510	55,346	58,075	
France	140,242	143,717	154,609	211,067	184,320	377,784	484,395	290,952	239,092	356,547	488,041	306,281	356,178	
Free Zones	0	0	178,853	0	373,057	461,238	610,148	544,030	290,427	198,240	211,486	259,242	63,107	
French Polynesia	13	77	13	108	124	58	59	58	48	0	0	0	290	
Gabon	37	67	65	148	100	167	33	429	2,890	0	724	650	2,589	
Gambia	38	89	575	152	13	136	36	36	28	635	77	0	0	
Georgia	4	726	12	3,400	3,745	74	16	33	279	570	2,322	2,941	2,934	
Germany	416,905	331,743	264,399	264,892	339,202	360,433	552,659	637,579	365,365	249,930	419,384	395,212	780,360	
Ghana	62	219	2,256	962	2,118	1,629	2,316	3,203	2,294	1,683	41,098	2,484	3,255	
Gibraltar	1,965	136	542	238	660	33	76	45	49	0	28,426	0	110	
Greece	6,812	2,885	3,234	4,881	5,295	8,252	11,021	11,648	8,115	31,048	44,389	19,270	12,286	
Greenland	0	0	22	0	0	0	9	0	0	0	0	0	0	
Grenada	515	228	397	223	204	1,088	296	4,271	710	1,272	1,395	1,099	444	
Guatemala	76,698	82,775	91,101	127,228	142,193	157,250	160,567	184,636	179,204	287,952	573,512	588,797	670,433	
Guinea	105	111	3,664	48	18	9	336	568	275	858	579	498	682	
Guinea-Bissau	0	0	31	30	0	0	33	0	0	0	378	0	0	
Guyana	2,541	2,880	3,228	3,784	4,905	5,762	7,556	6,318	10,502	9,963	10,713	7,197	7,717	
Haiti	28,507	37,191	34,257	38,392	44,380	68,088	54,668	45,253	61,177	56,738	65,731	65,542	54,695	
Honduras	24,594	28,566	35,237	37,057	46,417	43,552	58,045	61,060	49,043	173,326	293,073	185,381	216,426	
Hong Kong, China	16,246	15,947	16,042	17,748	12,688	12,762	23,119	34,698	63,301	60,803	57,841	425,998	78,444	
Hungary	249	327	393	1,062	2,022	1,551	1,602	2,441	1,144	2,128	1,003	1,181	943	
Iceland	189	70	127	270	1,864	791	601	183	681	348	585	531	341	
India	2,898	4,077	6,330	8,168	5,350	62,854	76,889	15,685	449,134	364,999	731,878	1,362,710	2,993,066	
Indonesia	2,113	2,258	2,011	2,473	4,420	2,446	3,511	7,842	20,876	27,666	29,930	130,116	14,661	
Iran (Islamic Republic of)	38	5,640	3,176	2,959	4,186	3,337	140	94	1,324	1,626	1,096	1,045	505	
Iraq	11	0	3	540	514	112	561	516	355	1,231	1,078	2,710	25,056	
Ireland	25,759	20,478	14,968	43,704	58,599	55,915	25,962	64,748	99,665	77,749	178,027	164,280	154,218	
Israel	77,435	89,108	89,161	104,213	197,957	187,922	167,982	196,110	172,978	274,378	672,387	525,822	409,634	
Italy	196,156	221,641	285,174	361,069	439,008	478,882	556,489	407,417	452,305	527,123	744,748	468,080	464,736	
Jamaica	27,636	22,162	29,512	68,312	92,914	59,445	45,605	39,884	48,448	51,380	60,062	49,487	41,811	
Japan	164,731	193,491	201,532	262,078	330,181	323,750	395,288	371,562	336,296	511,058	527,963	360,240	387,855	
Jordan	563	818	955	1,053	1,332	1,358	2,819	3,371	2,147	2,749	2,198	8,411	3,430	
Kazakhstan	0	7	7	0	99	186	137	159	513	658	447	344	639	
Kenya	3,441	26	68	139	173	369	722	546	1,400	4,463	4,460	2,463	1,417	
Kiribati	0	0	0	2	0	0	0	0	0	0	0	0	0	
Korea, Democratic People's Republic of	29	0	700	385	2,009	3,876	1,336	826	100	752	0	0	0	
Korea, Republic of	43,647	46,576	75,558	92,809	135,950	201,080	110,887	113,111	107,131	372,661	276,148	335,985	229,995	
Kuwait	779	477	558	2,097	1,296	1,038	1,500	1,197	1,371	1,381	2,458	1,598	2,711	
Kyrgyzstan	28	0	0	0	0	0	0	4	4	62	55	55	24	
Lao People's Democratic Republic	0	0	0	10	0	0	0	0	0	3	0	0	0	
Latvia	10	25	15	379	653	287	2,243	1,626	1,309	953	2,754	787	1,087	
Lebanon	891	4,302	823	1,420	1,886	1,473	2,562	2,577	4,095	24,225	44,508	33,113	14,209	
Lesotho	0	0	0	0	0	0	0	0	0	0	0	0	0	
Liberia	728	488	4,074	567	636	175	614	919	708	1,676	2,586	1,811	12,506	
Libya	0	50	0	32	0	105	313	339	889	543	45	493	11,981	
Lithuania	125	83	484	627	1,340	1,183	374	1,189	13,011	316	1,584	1,403	983	
Luxembourg	3	1	116	174	7	2	0	20,355	277	432	2,161	287	1,864	
Macao, China	79	96	100	145	202	32	95	126	0	0	209	363	132	
Macedonia, The Former Yugoslav Republic of	3	75	28	0	0	150	13	342	13	48	47	6	5	
Madagascar	387	36	9	294	13	90	150	212	146	141	150	154	323	
Malawi	0	0	0	0	0	186	144	383	306	86	94	0	0	
Malaysia	1,305	1,085	1,022	1,242	1,900	3,400	3,120	4,733	5,507	51,096	14,084	221,575	106,748	
Maldives	0	3	9	0	0	5	7	0	0	0	1	0	39	
Mali	0	1,414	27	351	64	0	310	0	18	0	44	0	0	
Malta	90	92	189	230	10	844	826	53	115	25	118	198	111	
Marshall Islands	12	32	0	0	21	0	234	221	0	0	0	0	3	
Mauritania	0	2,674	5,246	0	0	24	37	228	212	125	948	355	949	
Mauritius	26	0	0	0	19	414	186	3	17	30	109	36	61	
Mexico	261,342	306,584	358,163	525,067	610,934	581,599	495,448	616,957	535,706	638,215	704,938	835,104	863,806	
Micronesia (Federated States of)	0	0	0	13	0	6	0	0	0	0	0	0	0	
Mongolia	0	39	6	13	2	40	0	77	38	0	0	0	0	
Montserrat	7	253	0	0	0	0	0	0	58	0	0	5	0	
Morocco	1,163	1,590	3,683	22,652	9,124	7,741	35,060	20,012	83,993	22,256	9,541	4,189	4,277	
Mozambique	31	48	175	178	212	4	443	1,323	2,643	2,952	3,574	1,681	2,234	
Myanmar	117	30	137	92	0	3	0	0	0	0	8	0	0	
Namibia	0	0	0	14	0	0	0	5	0	0	70	0	32	
Nauru	0	0	0	0	0	0	0	16	0	0	0	0	0	
Nepal	12	32	0	0	8	0	1	390	0	2	1	3	0	
Netherland Antilles	26,832	22,431	22,314	60,429	32,626	38,255	27,639	34,309	33,466	263,765	572,989	750,024	368,942	
Netherlands	114,302	128,839	301,076	386,158	439,704	513,297	836,178	752,336	1,344,590	1,617,219	2,524,104	2,503,054	2,272,605	
New Caledonia	19	109	0	51	165	0	153	0	2	19	15	0	19	
New Zealand	1,543	2,196	2,504	3,035	3,915	4,408	5,058	6,299	7,552	7,099	10,289	15,235	11,938	
Nicaragua	6,304	5,026	6,223	6,221	11,134	9,663	10,254	9,827	10,975	7,639	11,219	8,790	10,535	
Niger	34	0	0	0	0	104	0	2	0	25	2	25	10	
Nigeria	1,337	3,184	8,595	1,871	2,058	3,952	1,487	1,743	9,638	3,320	52,958	30,883	8,107	
Niue	0	0	1	13	0	6	0	0	0	0	0	0	0	
Norfolk Island	0	0	0	0	0	54	40	21	231	0	0	0	0	
Northern Mariana Islands	240	0	0	2	0	0	0	0	0	0	0	0	0	
Norway	9,274	10,056	11,212	15,141	18,787	19,378	27,848	22,011	22,255	37,844	36,241	29,741	31,677	
Oman	59	14	4	4	93	36	98	87	7,121	152	90	162	263	
Pakistan	359	222	872	2,040	2,733	7,816	2,543	2,123	11,475	4,975	1,791	1,916	1,618	
Palau	0	259	3	0	4	9	0	33	0	0	0	0	0	
Palestine, State of	0	30	61	0	121	26	0	96	24	0	0	0	0	
Panama	265,163	214,697	170,524	216,490	264,140	257,484	246,322	318,980	309,589	936,345	1,956,816	2,916,011	3,219,265	
Papua New Guinea	59	0	0	0	8	0	2	0	9	3	57	11	130	
Paraguay	4,692	1,153	1,391	2,140	1,838	2,415	3,530	6,028	6,916	10,267	12,729	14,251	18,367	
Peru	277,458	347,314	395,374	544,250	710,089	692,046	806,060	854,618	788,032	1,131,840	1,396,867	1,582,089	1,273,933	
Philippines	5,564	7,743	6,124	4,763	7,401	5,358	7,423	7,346	6,807	9,075	7,750	10,140	12,663	
Pitcairn	0	15	39	13	0	1	0	0	13	6	0	0	8	
Poland	5,582	4,173	6,770	3,318	6,964	14,750	17,422	28,703	34,338	45,697	56,731	16,326	10,342	
Portugal	70,697	57,143	88,302	113,241	148,395	158,368	185,089	195,004	178,603	151,312	312,468	327,573	322,139	
Qatar	28	59	155	114	166	180	256	503	132	139	680	215	148	
Republic of Moldova	27	16	3	8	27	0	103	3	4	0	4	6	74	
Romania	8,467	5,579	2,020	3,031	4,832	3,565	4,304	4,373	10,914	16,819	9,547	7,175	8,420	
Russian Federation	51,928	41,303	35,960	55,391	73,898	54,506	74,068	92,943	77,318	95,106	100,462	118,692	116,782	
Rwanda	0	21	11	5	33	15	45	143	97	125	36	81	3	
Saint Helena	0	0	0	0	0	0	0	5	0	0	0	0	0	
Saint Kitts and Nevis	486	205	0	52	67	118	971	289	268	817	776	616	393	
Saint Lucia	1,935	1,141	1,403	1,642	3,259	3,594	5,168	5,974	5,733	4,196	66,466	7,308	59,599	
Saint Vincent and the Grenadines	480	363	1,197	1,012	1,388	1,972	2,388	2,761	1,729	2,104	2,833	1,142	1,404	
Samoa	9	8	0	0	0	0	5	274	0	0	170	0	0	
Sao Tome and Principe	17	74	0	81	85	2	0	312	6	36	0	665	0	
Saudi Arabia	4,127	4,922	3,468	2,382	4,251	4,393	4,859	3,038	3,757	2,622	7,835	6,964	5,849	
Senegal	1,063	772	2,338	970	856	844	471	929	1,147	1,294	951	27,731	5,920	
Serbia	0	0	0	0	0	6,795	10,550	8,517	1,911	115	19	2	10	
Serbia and Montenegro	2,754	6,325	2,318	74	8,704	0	0	0	0	0	0	0	0	
Seychelles	0	0	0	7	0	0	0	0	0	0	89	50	45	
Sierra Leone	30	0	0	0	0	0	41	188	0	0	72	29	0	
Singapore	9,243	7,176	10,849	27,386	23,295	15,015	70,798	439,935	104,525	421,707	281,394	427,089	61,387	
Slovakia	414	88	659	112	2,835	688	1,540	2,216	979	1,263	1,218	929	812	
Slovenia	9,356	8,688	10,107	26,355	22,430	2,503	6,914	27,990	17,739	6,895	7,581	21,835	12,690	
Solomon Islands	0	0	0	0	2	0	0	0	0	0	0	0	0	
Somalia	0	0	0	0	0	0	0	0	0	0	0	0	0	
South Africa	6,689	4,238	15,101	33,724	27,074	62,975	118,389	23,684	33,935	80,454	21,146	135,744	45,094	
Spain	140,538	204,667	196,891	211,923	348,620	515,693	581,337	623,204	483,024	565,130	1,720,161	2,939,792	2,879,035	
Sri Lanka	673	3,054	1,725	11,568	16,194	9,945	1,252	1,041	27,990	24,239	1,051	385	645	
St. Pierre and Miquelon	0	74	3	0	0	0	0	0	0	0	0	0	0	
Sudan (North + South)	77	25	0	23	158	0	16	108	369	201	12	36	171	
Suriname	3,005	3,699	5,219	5,614	9,135	9,159	15,838	12,396	16,016	12,956	13,559	9,143	9,065	
Swaziland	0	0	1	44	78	28	5	0	0	4	52	0	6,703	
Sweden	32,732	29,721	26,775	29,081	42,481	49,337	49,791	54,700	45,984	39,224	55,986	45,327	41,230	
Switzerland	50,580	165,455	128,879	152,285	140,127	560,646	884,910	945,500	1,038,236	854,335	953,691	721,370	460,819	
Syrian Arab Republic	2,340	6,095	6,648	5,770	1,832	12,816	10,280	4,752	15,465	20,484	11,753	2,612	1,784	
Taipei, Chinese	24,182	44,050	52,250	76,780	89,660	94,172	65,182	322,030	27,532	188,087	110,271	44,583	40,153	
Tajikistan	0	0	0	11	1	0	0	0	0	0	0	1	3	
Tanzania, United Republic of	0	0	6	84	407	338	426	1,482	2,090	3,209	2,859	2,546	2,165	
Thailand	7,370	7,195	8,253	10,871	11,602	13,894	14,847	22,070	22,998	46,847	37,367	38,163	44,435	
Timor-Leste	0	0	0	0	0	0	0	0	67	75	0	0	0	
Togo	44	23	66	876	11	25	229	129	329	339	100	130,499	4	
Tokelau	0	4	1	0	0	0	0	0	0	0	0	0	0	
Tonga	0	0	0	0	0	0	0	0	0	0	0	0	0	
Trinidad and Tobago	171,370	57,295	98,408	70,537	197,745	206,563	342,267	522,794	378,992	240,103	1,000,916	570,695	446,804	
Tunisia	257	6,605	3,198	1,566	697	792	58	85	13,046	1,234	14,388	10,507	16,939	
Turkey	215	5,903	55,851	65,060	115,011	127,413	132,280	184,487	330,967	214,645	596,103	780,770	624,387	
Turkmenistan	0	0	0	0	3	0	0	0	0	0	0	5	26	
Turks and Caicos Islands	682	119	224	473	720	2,483	1,854	1,765	939	748	25	16	25	
Tuvalu	5	70	0	0	0	0	0	0	0	0	0	0	0	
Uganda	0	33	25	0	6	118	76	199	2,747	2,749	515	671	3,116	
Ukraine	1,632	1,537	2,234	3,063	4,741	6,458	4,671	12,490	6,845	6,642	15,303	9,876	13,866	
United Arab Emirates	1,915	2,017	1,282	4,366	13,683	5,108	8,479	10,549	7,946	43,242	12,515	11,686	51,473	
United Kingdom	287,275	159,361	184,361	279,721	319,954	394,963	409,710	676,576	746,619	663,153	1,196,013	1,128,599	1,115,789	
United States Minor Outlying Islands	16	1,772	78	325	112	0	643	3,744	10,668	801	66	41	55	
United States of America	5,344,533	5,328,470	6,160,245	7,042,201	8,851,631	9,948,230	10,609,167	14,288,833	13,123,466	17,143,277	21,948,535	22,216,238	18,692,895	
Uruguay	10,406	5,387	4,354	5,574	6,828	5,563	9,081	18,888	11,990	14,300	22,148	20,122	23,226	
Uzbekistan	0	6	3	0	0	0	0	198	0	0	0	0	41	
Vanuatu	2	0	0	6	0	97	1	0	0	0	0	0	0	
Venezuela	1,737,388	1,122,152	694,333	1,623,042	2,097,591	2,701,734	5,210,332	6,091,560	4,049,561	1,422,877	1,750,410	2,555,961	2,255,826	
Viet Nam	100	16	265	175	306	396	468	3,464	9,042	9,094	11,361	10,019	18,890	
Wallis and Futuna Islands	0	0	0	0	0	43	0	0	0	0	0	0	0	
Western Sahara	347	0	0	0	0	3	0	0	0	0	0	0	0	
Yemen	9	138	9	2,558	4,852	1,106	323	553	7,181	4,060	3,016	1,798	2,833	
Zambia	24	89	0	86	0	644	1,317	1,394	1,351	283	492	1,315	1,598	
Zimbabwe	0	0	0	0	0	37	9	0	1,100	3,007	2,440	2,182	808	
