List of importing markets for a product exported by Germany Product: TOTAL All products
"Importers"	"Exported value in 2001"	"Exported value in 2002"	"Exported value in 2003"	"Exported value in 2004"	"Exported value in 2005"	"Exported value in 2006"	"Exported value in 2007"	"Exported value in 2008"	"Exported value in 2009"	"Exported value in 2010"	"Exported value in 2011"	"Exported value in 2012"	"Exported value in 2013"	
World	571,426,720	615,997,391	748,531,267	911,742,096	977,131,972	1,121,962,887	1,328,841,354	1,466,137,400	1,127,839,900	1,271,096,300	1,482,202,274	1,416,184,200	1,458,646,978	
Afghanistan	13,801	45,304	94,777	118,213	151,715	255,010	194,151	394,355	311,976	356,533	395,823	380,506	221,330	
Africa not elsewhere specified	0	0	0	0	0	18,134	42,895	25,085	34,666	21,550	10,159	19,922	18,730	
Albania	62,024	64,524	90,398	111,305	142,143	151,709	196,570	282,229	272,270	204,406	225,420	209,260	193,021	
Algeria	703,278	835,007	777,785	1,215,215	1,345,784	1,351,078	1,647,056	2,182,172	2,039,965	1,889,088	2,173,321	2,400,608	2,854,588	
Andorra	32,480	34,612	33,517	41,267	45,793	40,054	53,114	50,972	39,737	48,485	48,317	39,351	43,529	
Angola	37,233	52,250	95,481	96,829	143,207	254,231	512,351	590,842	401,574	348,857	350,777	505,460	391,330	
Anguilla	116	827	906	3,626	2,299	2,218	3,219	5,022	1,698	2,063	6,128	818	7,669	
Antigua and Barbuda	21,479	92,865	28,906	23,871	133,275	141,240	93,206	129,150	43,779	46,916	5,474	9,336	30,320	
Area Nes	818,683	962,706	1,037,276	1,109,694	1,071,353	1,061,382	1,172,111	1,330,954	1,045,699	0	0	0	169,669	
Argentina	996,925	539,584	776,910	1,163,451	1,297,410	1,699,438	2,352,522	2,720,901	1,904,476	3,178,063	3,753,347	3,506,790	3,810,809	
Armenia	32,787	40,117	77,416	62,362	121,327	103,228	135,521	151,701	189,333	157,325	175,662	182,553	180,901	
Aruba	8,149	4,623	18,225	4,674	7,332	54,068	52,087	11,850	8,410	5,206	12,480	10,121	14,396	
Australia	3,196,680	3,694,996	4,760,225	5,767,661	6,243,211	6,900,775	7,972,180	9,752,465	8,786,753	10,415,729	11,596,681	12,041,967	11,496,367	
Austria	29,245,873	31,258,928	39,808,797	49,032,280	53,765,327	62,213,490	72,334,828	79,230,335	67,252,478	71,163,516	80,172,182	74,347,117	73,313,463	
Azerbaijan	79,520	119,006	212,635	299,102	548,108	611,239	612,638	779,355	589,563	974,945	1,182,375	1,038,126	1,140,122	
Bahamas	74,425	556,130	57,184	10,878	423,356	19,163	51,115	43,697	58,296	22,247	77,015	178,999	112,565	
Bahrain	175,480	222,976	243,343	327,904	413,661	484,964	457,839	516,959	424,180	486,525	674,329	518,381	479,424	
Bangladesh	173,183	148,226	195,114	277,013	320,766	382,438	294,950	396,502	418,186	615,820	615,062	540,707	603,908	
Barbados	20,768	19,530	18,194	19,075	21,781	21,681	30,209	75,246	15,576	20,902	37,175	15,205	18,802	
Belarus	679,201	800,251	951,824	1,157,828	1,357,602	1,952,561	2,124,105	2,943,237	2,294,809	2,712,956	3,049,208	3,017,496	3,119,718	
Belgium	28,185,414	28,707,085	37,771,452	51,170,189	54,292,454	58,649,257	70,388,624	76,139,829	58,783,119	61,487,466	65,282,147	57,296,538	55,230,402	
Belize	19,132	6,934	5,327	4,896	9,501	7,282	11,516	11,709	9,884	12,835	27,453	173,634	26,746	
Benin	49,924	45,828	52,358	45,749	42,549	56,159	69,355	81,230	93,664	91,846	116,252	100,604	123,247	
Bermuda	426,845	100,104	6,976	17,419	66,211	612,783	557,137	14,963	16,947	1,445,739	132,981	5,846	1,642,514	
Bhutan	3,060	2,722	1,571	99,020	5,737	4,707	2,584	5,258	4,170	6,183	9,185	3,856	2,848	
Bolivia	25,883	31,069	30,108	35,227	53,592	65,204	69,324	78,646	80,094	106,288	119,163	132,498	163,985	
Bosnia and Herzegovina	354,322	409,181	498,649	656,101	719,050	795,115	899,461	1,092,519	855,419	852,325	1,042,891	980,782	1,020,323	
Botswana	15,157	13,526	12,806	10,245	24,829	24,556	35,819	19,002	43,257	52,055	31,363	59,413	44,158	
Brazil	5,027,010	4,581,964	4,620,802	5,775,980	6,814,719	7,419,980	9,405,570	12,761,225	10,082,810	13,781,816	15,630,521	15,101,051	15,303,238	
British Indian Ocean Territories	679	2,715	1,070	1,627	5,468	19,547	16,107	11,589	3,977	129	0	1,671	2,885	
British Virgin Islands	16,682	25,322	11,385	514,909	70,170	43,979	63,613	46,233	31,400	24,963	265,493	316,503	60,239	
Brunei Darussalam	21,030	33,811	120,850	57,142	27,345	45,837	37,346	46,566	51,153	168,856	481,671	65,934	73,793	
Bulgaria	912,173	1,091,581	1,455,482	1,948,032	2,282,693	2,769,237	3,178,967	3,981,587	2,704,993	2,909,482	3,297,709	3,487,931	3,517,159	
Burkina Faso	9,685	9,464	23,143	19,734	17,078	22,919	22,561	26,045	29,922	38,115	55,667	79,193	63,838	
Burundi	6,266	3,408	5,573	8,700	8,260	10,360	19,015	18,595	14,185	18,631	12,671	19,697	21,281	
Cabo Verde	4,598	16,454	7,239	7,340	7,251	10,264	17,557	22,561	12,929	16,926	19,345	9,430	14,383	
Cambodia	7,873	10,002	9,463	10,146	12,953	14,607	28,219	27,159	20,330	34,654	44,405	57,315	75,724	
Cameroon	119,192	92,329	83,874	94,176	97,634	96,595	127,792	151,361	121,116	167,759	175,464	166,708	222,274	
Canada	4,585,309	5,249,583	5,491,323	6,050,303	6,834,173	8,102,181	8,688,309	9,223,342	7,260,740	8,528,851	10,303,314	11,512,255	11,869,274	
Cayman Islands	5,236	5,566	8,105	11,048	59,408	164,636	147,210	841,276	178,886	539,744	154,827	53,783	329,002	
Central African Republic	4,317	3,796	2,162	2,571	3,758	5,956	5,061	3,722	4,383	5,107	3,485	4,340	1,919	
Chad	8,334	22,189	12,280	23,824	13,868	35,429	49,235	45,236	27,562	26,496	16,755	25,063	21,999	
Chile	685,525	672,080	816,359	1,147,373	1,226,428	1,634,937	1,614,612	2,271,004	1,677,776	2,401,163	3,174,934	3,324,705	3,738,329	
China	10,714,927	13,710,968	20,620,293	26,071,490	26,339,982	34,596,026	41,106,431	50,173,850	51,092,285	71,067,794	90,496,736	85,943,843	89,462,091	
Christmas Islands	11	362	123	451	1,585	843	1,026	168	408	0	0	0	0	
Cocos (Keeling) Islands	0	390	83	735	201	750	2,476	591	846	1	0	0	0	
Colombia	485,688	444,362	621,955	749,241	854,934	919,555	1,231,745	1,506,087	1,230,739	1,590,186	1,805,745	2,128,260	1,952,107	
Comoros	1,836	583	1,188	1,486	951	1,439	893	3,396	969	2,166	1,841	4,498	6,230	
Congo	20,097	24,991	22,973	26,752	30,888	36,263	62,206	94,946	76,754	85,984	82,334	90,277	98,243	
Cook Islands	78	850	1,726	5,314	7,933	5,743	12,348	3,018	8,441	3	481	593	128	
Costa Rica	129,771	139,747	145,894	205,170	147,960	164,009	183,705	231,196	198,696	205,011	262,944	233,063	227,227	
Côte d'Ivoire	76,603	82,556	89,946	97,779	102,193	131,029	137,796	171,944	132,935	151,958	138,467	188,877	202,675	
Croatia	1,358,139	1,703,209	2,287,239	2,687,271	2,797,023	3,323,793	3,784,785	4,328,728	3,148,491	2,706,311	3,169,331	2,866,904	2,692,167	
Cuba	87,932	68,244	114,001	139,623	317,029	518,695	293,641	303,579	214,058	216,272	216,144	230,768	246,797	
Cyprus	328,786	404,941	507,437	627,958	1,192,053	918,810	1,190,697	1,119,671	880,767	941,510	1,032,927	855,343	1,157,399	
Czech Republic	12,891,595	14,632,644	18,927,896	22,135,005	23,815,108	28,268,173	35,713,660	41,003,458	31,635,897	35,732,388	42,735,507	38,892,183	40,567,150	
Democratic Republic of the Congo	29,489	46,278	66,277	65,359	66,034	63,531	92,764	123,167	108,498	124,097	160,544	171,352	219,800	
Denmark	9,168,488	10,381,825	12,799,492	14,031,729	15,499,476	18,037,314	21,065,785	23,728,930	18,472,639	18,770,914	20,485,778	19,367,283	20,617,866	
Djibouti	14,222	15,709	12,881	11,799	7,826	16,863	28,405	19,321	13,953	9,102	10,032	13,496	23,297	
Dominica	11,517	930	937	1,644	1,717	2,484	2,269	1,928	1,253	1,129	1,057	1,580	888	
Dominican Republic	157,344	151,021	100,151	118,795	136,288	180,439	207,769	185,725	202,921	201,381	235,659	232,690	257,593	
Ecuador	199,640	198,877	177,961	210,646	268,746	268,083	319,034	386,714	357,646	574,864	589,729	616,450	558,900	
Egypt	1,284,641	1,295,602	1,462,261	1,774,487	2,109,362	2,386,133	2,929,405	3,990,532	3,716,556	3,951,364	3,339,240	3,382,778	3,213,425	
El Salvador	62,627	74,684	148,918	117,189	110,910	421,837	230,970	121,559	137,556	88,872	104,170	381,689	239,494	
Equatorial Guinea	4,412	4,895	7,865	5,110	7,712	20,909	37,593	33,043	31,676	31,074	50,630	44,909	34,781	
Eritrea	16,598	12,612	8,319	9,113	12,537	12,896	17,459	13,421	19,488	25,818	33,679	33,811	40,605	
Estonia	458,419	579,432	807,771	959,619	1,261,761	1,660,883	2,004,368	2,242,195	1,362,242	1,578,820	2,128,687	2,060,291	2,217,438	
Ethiopia	61,577	64,037	77,125	77,554	136,417	157,649	162,741	157,649	174,190	187,099	172,036	221,238	250,314	
Falkland Islands (Malvinas)	1,036	713	1,163	1,428	1,292	3,242	5,382	2,547	4,610	1,032	32	440	346	
Faroe Islands	11,266	6,387	22,212	9,621	54,664	16,882	31,392	27,953	13,462	14,355	19,155	91,924	41,965	
Fiji	2,332	2,887	3,188	6,263	17,356	12,960	5,748	9,094	4,729	3,144	49,900	7,167	11,781	
Finland	5,907,429	6,181,937	7,670,579	9,258,493	10,117,999	11,588,294	14,114,534	14,636,370	9,887,143	10,350,926	11,765,930	10,417,067	10,830,340	
France	61,235,632	63,786,532	79,186,813	93,594,208	98,354,819	106,705,583	128,665,995	142,630,526	114,262,366	120,169,041	141,249,656	134,257,552	131,955,697	
French Polynesia	18,885	21,991	30,086	31,963	26,155	28,642	30,630	31,884	30,419	34,309	28,027	28,644	32,755	
French South Antarctic Territories	595	2,542	2,836	4,249	3,343	6,532	35,586	15,937	97,429	21,556	43,432	45,671	6,121	
Gabon	26,055	26,015	32,842	40,426	39,136	67,190	63,002	81,231	63,477	86,382	112,380	104,872	123,047	
Gambia	11,419	13,603	14,540	17,114	11,874	12,782	10,760	11,603	16,061	11,889	11,956	12,797	12,156	
Georgia	71,122	64,003	78,795	113,487	145,110	257,605	296,576	392,942	252,400	321,338	481,820	531,705	459,275	
Ghana	111,231	135,335	166,646	176,815	175,839	199,812	271,148	283,145	292,879	275,183	386,846	423,949	424,401	
Gibraltar	204,874	436,146	78,235	201,817	108,762	192,596	1,140,529	245,242	48,198	166,194	139,145	117,823	198,983	
Greece	4,508,630	4,619,880	6,341,102	7,836,261	8,065,762	9,174,128	10,969,135	12,151,145	9,293,855	7,857,758	7,065,353	6,029,795	6,283,032	
Greenland	14,385	2,326	3,232	2,451	3,113	3,286	4,070	4,903	11,893	3,975	3,693	6,235	6,765	
Grenada	1,921	3,414	2,419	1,532	2,947	4,350	3,586	2,978	2,526	1,927	2,563	3,530	3,404	
Guatemala	135,048	128,899	138,374	158,270	164,880	204,597	193,787	209,020	190,010	241,741	284,016	260,533	281,418	
Guinea	19,108	25,920	29,881	24,128	20,894	27,454	39,302	50,021	35,902	32,483	34,195	71,774	44,239	
Guinea-Bissau	1,634	2,450	1,003	953	1,188	1,709	1,675	3,907	2,157	2,858	6,680	1,598	2,672	
Guyana	3,781	4,286	5,306	5,367	6,738	4,493	6,252	16,581	13,593	6,349	13,175	14,170	14,555	
Haiti	11,598	13,495	10,518	15,104	19,504	36,827	11,178	16,154	12,356	35,521	22,138	12,395	25,944	
Honduras	37,099	35,994	48,802	126,455	189,628	84,729	127,700	127,076	77,385	121,749	166,499	176,507	158,498	
Hong Kong, China	3,720,745	3,949,547	4,478,401	5,015,852	5,080,303	6,047,095	6,262,742	6,573,826	5,663,726	7,407,884	8,247,254	7,669,709	7,563,047	
Hungary	9,330,936	10,494,459	13,434,077	15,538,807	16,955,679	20,137,498	23,711,582	26,059,362	16,646,353	18,901,473	21,875,559	21,023,399	23,141,881	
Iceland	263,545	240,791	305,934	427,087	591,425	850,649	858,401	563,888	287,322	351,915	420,374	437,157	421,270	
India	2,016,964	2,227,984	2,767,922	4,095,090	5,208,753	8,004,414	10,130,046	12,002,444	11,197,322	12,261,064	15,211,502	13,396,666	12,276,605	
Indonesia	1,281,348	1,414,838	1,423,773	2,100,512	1,797,637	1,915,573	2,181,112	2,617,100	2,077,324	2,631,892	2,968,933	4,038,864	4,177,690	
Iran (Islamic Republic of)	1,688,774	2,096,952	3,040,110	4,454,364	5,446,779	5,212,518	4,954,681	5,728,088	5,207,983	5,049,179	4,391,284	3,307,315	2,506,274	
Iraq	298,640	373,814	231,598	455,112	340,271	463,512	438,886	443,781	814,765	1,226,837	1,618,649	1,672,127	1,792,021	
Ireland	3,419,356	3,639,439	4,178,480	5,418,012	6,015,708	7,327,781	8,667,364	8,388,498	5,171,148	5,533,615	6,040,403	5,960,789	7,086,755	
Israel	2,323,358	2,133,831	2,661,660	3,062,768	3,068,060	3,414,082	3,595,152	4,001,162	3,401,023	3,815,204	4,887,501	4,775,678	4,889,216	
Italy	41,349,910	43,911,295	55,238,627	65,251,082	67,002,331	74,568,764	89,346,505	94,457,635	71,216,875	77,529,222	86,442,126	72,000,340	70,244,999	
Jamaica	97,611	40,153	205,889	35,994	38,526	55,642	44,316	41,937	30,429	33,686	46,122	51,901	57,759	
Japan	11,403,153	11,628,545	13,400,845	15,788,338	16,610,514	17,424,016	17,913,466	18,848,209	15,067,594	17,373,525	21,399,525	22,186,254	22,937,836	
Jordan	380,905	399,542	506,134	595,076	688,325	1,021,006	994,664	1,099,007	950,574	1,008,744	960,728	1,126,546	955,865	
Kazakhstan	462,421	575,597	779,363	1,107,773	1,294,176	1,830,969	2,707,818	2,449,381	1,954,263	1,827,937	2,510,701	2,638,199	2,973,132	
Kenya	119,964	121,565	159,815	167,202	191,709	246,289	286,949	339,419	275,664	376,204	351,592	393,561	409,880	
Kiribati	107	505	312	612	222	1,551	1,096	589	421	20	139	43	140	
Korea, Democratic People's Republic of	79,791	139,156	71,383	68,557	63,350	63,369	39,909	31,739	43,179	24,477	16,594	27,046	15,248	
Korea, Republic of	3,999,004	5,140,213	6,311,880	7,945,164	8,805,782	10,659,179	11,973,074	13,047,370	11,034,430	13,593,327	16,300,625	17,243,127	19,307,599	
Kuwait	658,200	775,594	986,497	1,410,342	1,510,007	1,200,064	1,436,575	1,866,688	1,336,963	1,585,206	1,480,652	1,575,189	1,781,658	
Kyrgyzstan	27,005	29,137	35,117	46,543	50,497	81,841	97,407	92,559	63,532	50,516	96,329	129,518	121,152	
Lao People's Democratic Republic	6,311	3,699	6,905	25,442	10,263	11,022	31,655	22,870	16,298	21,754	38,394	153,842	51,415	
Latvia	715,506	817,179	1,010,256	1,034,203	1,152,674	1,707,106	2,288,504	2,047,727	1,213,125	1,309,336	1,815,997	1,861,032	1,877,904	
Lebanon	486,884	475,487	821,974	720,498	565,677	617,501	633,069	776,542	830,383	1,025,204	1,021,528	1,131,318	1,059,587	
Lesotho	895	3,030	20,750	9,224	13,481	16,215	12,441	13,269	7,664	1,554	1,849	2,056	8,604	
Liberia	216,494	261,044	385,227	186,774	101,693	107,836	269,275	271,384	100,228	141,813	441,001	94,163	104,350	
Libya	481,936	482,744	593,483	814,987	816,534	742,270	919,056	1,515,093	1,776,411	1,320,313	458,604	914,461	1,389,957	
Lithuania	1,089,126	1,416,905	1,818,293	1,841,521	1,905,902	2,593,732	3,278,235	3,498,921	2,027,658	2,394,973	3,066,026	3,060,730	3,272,001	
Luxembourg	2,498,512	2,681,301	3,423,906	4,344,105	4,843,556	5,544,779	6,299,727	7,348,701	6,466,281	7,606,082	8,654,090	7,378,348	7,065,106	
Macao, China	54,892	232,672	237,722	50,785	61,012	44,950	78,998	74,014	42,048	43,822	72,035	76,675	221,986	
Macedonia, The Former Yugoslav Republic of	220,656	238,148	260,875	322,405	352,623	430,726	548,923	697,348	564,070	603,940	741,845	663,891	735,578	
Madagascar	28,103	15,640	27,295	33,998	33,328	32,701	43,115	84,377	90,000	51,070	43,918	44,337	52,898	
Malawi	15,556	12,772	10,033	26,514	11,001	32,691	25,948	36,975	17,423	23,200	22,796	27,555	36,529	
Malaysia	2,222,747	2,397,479	3,612,316	3,947,709	3,981,122	4,623,431	5,753,754	5,798,024	4,531,758	5,692,780	6,071,912	6,383,367	6,407,092	
Maldives	5,904	7,513	9,139	13,462	15,858	22,552	33,390	51,940	17,409	18,302	24,822	29,388	27,163	
Mali	58,474	48,775	50,313	67,025	57,996	62,591	79,452	108,766	96,704	87,495	113,457	104,651	141,301	
Malta	265,943	238,573	326,415	484,546	392,765	428,235	469,078	518,563	440,817	551,452	449,110	408,690	471,408	
Marshall Islands	103,573	368,389	75,507	79,448	125,757	41,497	337,882	155,054	2,003	366,207	98,017	192,520	203,496	
Mauritania	33,580	38,049	43,865	44,109	47,243	46,780	62,267	71,592	74,503	76,713	169,957	195,694	151,190	
Mauritius	105,144	76,314	124,390	122,002	154,938	138,412	109,379	110,812	101,643	143,094	140,529	123,493	124,568	
Mayotte	1,527	3,302	1,607	1,767	2,370	2,206	6,730	7,027	4,238	6,799	5,217	5,163	3,929	
Mexico	4,742,523	4,936,565	5,495,351	6,073,132	7,340,038	8,041,438	9,014,293	10,088,789	6,963,065	9,194,962	10,589,700	11,429,884	11,985,239	
Micronesia (Federated States of)	349	368	210	191	359	410	88	1,083	141	5	50	1	157	
Mongolia	29,641	34,067	41,512	48,473	51,570	57,149	75,651	98,153	56,015	117,451	205,070	198,747	234,357	
Montenegro	0	0	0	0	0	85,926	139,505	222,489	103,002	79,822	89,264	93,763	103,411	
Montserrat	364	1,042	941	1,440	1,138	2,713	995	591	725	11	576	257	98	
Morocco	613,676	681,837	1,016,037	1,220,249	1,150,697	1,375,896	1,754,184	2,177,714	1,784,283	1,817,352	2,158,359	2,093,133	2,186,611	
Mozambique	11,294	38,947	33,079	22,141	25,434	54,577	32,216	61,065	128,394	82,849	80,624	81,291	123,429	
Myanmar	16,134	17,754	14,553	25,355	32,559	40,891	53,336	55,037	52,600	30,576	59,601	128,661	169,213	
Namibia	33,244	42,636	35,207	50,658	49,835	76,973	71,721	109,096	121,967	109,054	222,893	172,821	221,541	
Nauru	79	548	439	982	1,160	1,495	956	1,056	2,046	3	58	2	3	
Nepal	20,948	29,701	25,357	19,378	24,007	29,109	39,983	31,255	25,540	29,858	23,204	27,564	42,647	
Netherland Antilles	22,617	47,746	37,138	40,806	27,506	32,982	64,462	47,340	34,931	34,044	39,458	36,805	30,782	
Netherlands	34,007,128	36,352,499	46,411,793	56,566,863	60,942,951	71,001,811	85,550,223	96,715,050	75,366,425	83,780,393	96,462,820	91,193,828	90,594,810	
New Caledonia	27,525	29,701	52,301	46,995	45,754	56,314	108,505	88,055	59,795	83,056	70,525	63,574	61,940	
New Zealand	500,439	549,262	693,575	833,544	864,578	914,988	1,037,445	1,101,805	847,915	949,863	1,227,313	1,292,210	1,436,283	
Nicaragua	23,752	20,619	31,292	35,462	36,639	33,156	33,637	35,614	26,016	26,918	35,604	38,052	52,668	
Niger	36,132	50,015	46,153	42,186	34,123	27,554	28,351	44,735	30,420	24,379	31,124	33,829	41,963	
Nigeria	850,631	710,152	720,905	894,221	938,448	1,228,367	1,486,427	1,834,226	1,484,773	1,436,587	1,804,281	1,635,077	1,832,305	
Niue	71	1,049	1,104	1,036	2,477	4,079	2,604	970	3,019	3	0	0	0	
Norfolk Island	495	401	361	408	307	348	282	326	397	164	147	129	139	
Northern Mariana Islands	5,295	5,336	3,536	1,089	1,035	337	992	560	452	45	5,724	1,157	1,263	
Norway	4,296,722	4,298,134	5,083,272	6,421,538	7,105,313	8,364,908	10,395,868	11,288,650	8,603,013	9,750,210	11,170,706	11,106,938	11,211,871	
Oman	233,959	254,406	261,251	359,185	505,557	581,626	756,913	1,392,346	624,203	723,165	1,166,343	1,069,839	1,035,703	
Pakistan	450,794	528,535	616,466	832,121	1,184,864	1,307,442	1,249,696	1,250,473	1,024,195	1,030,945	1,072,011	1,106,026	1,121,470	
Palau	8,652	222	2,881	262	816	586	687	287	558	268	418	47	53	
Palestine, State of	12,087	10,754	14,580	18,919	21,337	18,123	26,745	47,759	40,034	42,704	51,377	64,036	72,406	
Panama	107,940	192,657	161,327	120,153	132,337	156,831	330,888	387,751	336,891	418,878	438,775	408,378	574,594	
Papua New Guinea	6,821	7,457	6,231	4,572	5,239	16,423	11,254	18,287	44,286	25,819	45,833	87,565	35,256	
Paraguay	46,253	33,570	38,378	42,677	48,118	63,270	99,080	121,407	109,673	134,631	164,529	158,568	168,494	
Peru	196,794	194,836	218,548	275,986	325,312	442,976	621,257	764,511	595,936	801,128	1,095,811	1,228,385	1,286,839	
Philippines	965,243	746,595	1,062,507	1,388,946	1,337,638	1,941,439	1,300,030	1,360,954	1,090,322	1,467,717	1,743,960	1,974,256	2,324,732	
Pitcairn	9	503	1,055	611	787	929	1,280	284	742	4	39	11	97	
Poland	13,389,772	14,991,548	18,556,512	23,372,484	27,729,562	36,487,238	49,555,244	59,180,486	44,138,793	50,420,612	60,483,275	54,211,469	56,022,327	
Portugal	5,606,174	6,295,191	7,135,798	8,454,654	9,143,387	9,259,326	10,747,439	12,152,987	8,607,481	10,389,971	9,778,011	7,979,677	8,372,501	
Qatar	281,971	324,392	480,379	671,338	790,103	1,188,361	1,537,815	2,320,260	1,486,929	2,052,797	1,418,791	1,494,102	1,688,586	
Republic of Moldova	126,808	139,204	180,593	235,148	247,074	280,252	372,478	460,965	303,317	347,386	506,372	502,588	520,625	
Romania	2,742,674	3,071,003	3,993,441	5,472,107	6,596,023	9,116,696	10,391,417	12,885,305	9,371,712	9,847,408	12,225,617	11,817,034	12,763,227	
Russian Federation	9,034,941	10,633,522	13,732,034	18,643,661	21,413,908	29,457,553	38,755,181	47,580,025	28,602,753	34,921,650	49,276,386	50,120,453	49,147,194	
Rwanda	5,780	17,385	24,263	32,096	26,691	44,502	43,261	46,732	45,937	30,054	31,903	42,736	45,428	
Saint Helena	49	253	254	469	96	371	434	2,385	8,090	387	66	47	7	
Saint Kitts and Nevis	1,210	1,379	2,457	3,358	2,886	3,121	4,380	3,341	1,580	6,197	6,681	24,216	93,358	
Saint Lucia	4,595	5,105	4,494	4,147	5,668	6,934	15,994	4,802	4,193	3,519	3,337	5,907	4,360	
Saint Vincent and the Grenadines	1,885	1,585	1,279	2,185	10,416	23,122	3,259	5,934	6,262	3,705	1,587	1,937	2,130	
Samoa	1,073	917	1,398	571	1,192	867	1,076	1,486	652	545	427	292	884	
Sao Tome and Principe	490	5,512	6,781	5,643	453	661	781	918	921	553	557	771	1,947	
Saudi Arabia	2,661,451	3,248,117	3,602,045	3,801,957	5,023,655	5,846,064	7,311,409	7,600,865	6,745,169	7,645,909	9,617,047	10,639,627	12,364,342	
Senegal	50,155	45,307	60,283	61,698	64,069	73,666	86,710	158,392	124,222	96,411	111,769	102,331	107,949	
Serbia	0	0	0	0	0	1,590,484	2,126,639	2,714,463	1,910,252	1,923,071	2,291,824	2,190,678	2,317,078	
Serbia and Montenegro	566,790	793,520	1,011,295	1,285,786	1,373,378	0	0	0	0	0	0	0	0	
Seychelles	5,522	6,659	5,911	11,701	23,300	27,150	98,663	85,058	34,956	11,112	14,391	15,902	32,107	
Ship stores and bunkers	559,313	559,273	600,438	590,375	677,709	925,589	998,445	1,392,480	742,177	393,301	1,073,658	1,663,856	3,166,396	
Sierra Leone	20,950	113,666	126,701	67,479	103,941	13,422	18,313	15,163	14,574	17,264	46,113	50,800	31,619	
Singapore	3,630,305	3,532,582	4,319,870	5,021,434	5,304,795	6,015,085	6,878,485	7,815,589	6,844,319	7,780,075	9,034,633	8,453,056	8,509,622	
Slovakia	3,465,411	3,829,269	5,875,385	6,943,979	7,397,080	9,598,916	11,729,716	13,121,772	9,415,377	11,655,664	14,419,975	13,378,859	14,140,647	
Slovenia	2,107,630	2,218,774	2,761,360	3,327,274	3,700,412	4,393,133	5,698,762	6,453,773	4,394,123	4,865,122	5,500,044	5,023,286	5,443,759	
Solomon Islands	1,394	546	1,101	666	1,611	2,176	2,896	4,602	1,344	170	139	424	1,064	
Somalia	465	1,362	3,163	1,801	1,269	1,299	2,405	1,560	708	5,915	2,754	2,442	5,230	
South Africa	3,922,845	4,105,048	5,712,122	7,540,980	8,292,675	9,255,811	9,764,952	10,809,945	7,922,815	10,173,225	12,172,386	11,447,619	11,452,928	
Spain	24,501,741	27,456,887	36,816,560	45,777,069	49,796,586	52,472,241	66,023,015	64,743,590	43,703,475	45,551,012	48,515,477	40,063,090	41,585,002	
Special categories	13,205,842	13,630,592	9,289	6,744	9,879	0	0	0	0	6,189	1,285,472	6,233,373	15,957,857	
Sri Lanka	140,371	129,883	180,170	308,783	281,306	277,840	201,309	227,862	208,021	259,976	316,020	314,596	340,644	
St. Pierre and Miquelon	1,509	174	179	523	338	636	817	403	709	160	139	514	640	
Sudan (North + South)	128,212	103,997	124,432	176,623	283,850	408,519	318,349	327,397	283,072	314,177	436,501	211,667	317,363	
Suriname	6,464	10,982	18,980	15,932	21,732	14,707	21,848	19,370	23,301	30,379	29,863	29,349	47,558	
Swaziland	2,009	2,630	5,182	12,348	6,916	7,330	8,344	6,700	5,541	7,095	6,296	5,156	9,591	
Sweden	11,390,976	12,553,413	16,180,587	19,721,194	21,441,276	23,611,601	29,737,171	30,494,306	22,181,990	26,015,441	30,627,790	27,258,244	27,343,912	
Switzerland	23,869,003	24,520,478	29,666,086	35,314,750	37,433,729	44,366,358	50,610,801	58,103,254	49,938,861	55,803,090	67,079,438	63,372,377	63,625,421	
Syrian Arab Republic	395,790	472,812	549,406	646,942	653,975	839,480	1,002,520	1,009,760	897,100	870,304	770,305	279,166	100,450	
Taipei, Chinese	3,651,468	3,887,152	4,298,302	5,308,088	5,333,426	5,690,276	6,569,570	7,169,552	5,427,541	7,994,888	8,744,451	7,455,560	7,884,542	
Tajikistan	8,636	11,605	19,863	23,217	21,265	33,681	37,490	39,326	36,186	47,485	35,443	35,737	48,646	
Tanzania, United Republic of	62,197	48,141	84,197	93,792	111,358	155,974	165,261	227,031	193,185	151,558	185,754	227,452	193,980	
Thailand	2,070,773	1,965,933	2,130,671	2,513,043	2,546,514	2,804,416	3,331,148	3,716,237	2,937,724	3,682,315	4,555,690	5,421,995	5,286,025	
Timor-Leste	633	7,706	2,863	4,066	3,990	7,202	4,796	1,550	4,249	303	557	771	204	
Togo	34,497	41,773	52,488	55,085	47,690	51,483	49,333	61,656	55,517	57,971	78,993	60,292	88,753	
Tokelau	627	6,908	8,495	10,419	9,406	1,176	1,954	2,570	8,675	7,376	264	129	867	
Tonga	53	311	1,928	2,888	866	1,642	627	517	3,078	237	445	514	2,426	
Trinidad and Tobago	141,427	83,444	222,434	567,426	122,749	133,060	167,517	309,181	236,183	171,991	133,536	164,523	155,826	
Tunisia	1,005,907	922,011	1,012,449	1,175,532	1,253,046	1,475,203	1,771,632	2,025,347	1,585,761	2,127,208	2,179,996	1,818,960	1,817,118	
Turkey	5,180,828	6,938,449	10,040,618	14,691,577	15,887,815	18,076,790	20,723,232	22,383,195	16,143,627	21,454,890	28,183,655	25,910,047	28,693,266	
Turkmenistan	110,763	152,150	160,593	199,574	133,044	196,910	217,372	264,158	340,261	340,334	434,280	419,114	533,426	
Turks and Caicos Islands	1,710	559	455	1,201	824	1,698	2,176	980	1,404	1,093	696	1,157	1,893	
Tuvalu	54	694	2,276	750	324	4,693	802	774	822	0	0	0	0	
Uganda	24,285	25,541	35,764	39,543	52,646	67,133	88,744	97,436	87,733	132,071	141,863	124,695	97,607	
Ukraine	1,764,694	2,123,281	2,940,490	3,700,467	4,523,266	6,233,884	8,142,242	9,600,561	4,925,940	5,846,262	7,627,740	7,605,816	7,341,475	
United Arab Emirates	2,546,395	2,879,700	3,654,166	4,418,487	5,350,452	6,804,934	8,007,754	11,857,675	8,514,564	10,047,190	10,754,193	12,722,856	13,375,766	
United Kingdom	46,392,573	50,056,536	62,522,830	75,893,395	75,159,998	81,235,846	97,258,871	98,710,652	74,226,631	78,816,331	91,140,070	89,287,968	94,647,256	
United States Minor Outlying Islands	2,460	5,756	4,736	24,450	7,957	11,311	8,390	9,470	6,731	10,334	8,356	66,352	8,389	
United States of America	59,613,961	63,377,330	69,665,327	80,545,783	86,050,473	98,010,962	100,560,788	105,211,489	75,017,390	86,847,476	103,075,151	112,085,666	117,840,331	
Uruguay	93,175	72,313	73,126	91,572	107,012	186,702	181,023	208,778	195,514	306,475	397,422	523,156	474,465	
Uzbekistan	201,709	201,711	215,817	220,829	284,926	308,533	360,441	453,243	458,969	712,072	683,290	513,441	576,866	
Vanuatu	16,344	466	376	289	462	468	1,221	1,313	4,783	633	278	386	887	
Venezuela	558,623	546,273	342,626	567,596	702,990	818,338	1,052,946	1,465,213	1,041,518	939,663	987,345	1,170,896	978,267	
Viet Nam	378,337	497,979	671,742	955,316	678,599	896,420	1,694,813	1,466,965	1,569,558	1,965,413	2,631,469	2,529,997	2,472,151	
Wallis and Futuna Islands	107	88	162	453	207	939	142	361	173	119	163	268	154	
Western Sahara	0	0	0	0	0	0	0	0	0	0	0	0	99	
Yemen	100,091	114,597	131,349	176,621	165,647	229,298	399,811	330,134	274,130	243,493	130,587	158,485	307,075	
Zambia	12,592	11,257	20,820	15,361	25,578	34,520	71,387	69,094	47,046	40,433	63,598	116,477	194,173	
Zimbabwe	53,872	41,195	52,094	55,264	36,514	67,303	51,767	62,865	26,092	47,787	69,130	74,419	50,591	
