List of importing markets for a product exported by Bulgaria Product: TOTAL All products
"Importers"	"Exported value in 2001"	"Exported value in 2002"	"Exported value in 2003"	"Exported value in 2004"	"Exported value in 2005"	"Exported value in 2006"	"Exported value in 2007"	"Exported value in 2008"	"Exported value in 2009"	"Exported value in 2010"	"Exported value in 2011"	"Exported value in 2012"	"Exported value in 2013"	
World	5,113,865	5,748,848	7,540,211	9,929,894	11,739,329	15,101,457	18,575,129	22,485,509	16,376,275	20,596,231	28,240,430	26,682,317	29,476,273	
Afghanistan	2,155	3,641	5,738	4,987	521	2,463	7,548	11,295	8,664	8,971	6,482	5,432	4,352	
Africa not elsewhere specified	0	0	0	0	0	0	0	0	0	0	0	0	0	
Albania	27,133	40,414	30,172	38,691	62,587	103,170	70,140	107,867	89,129	77,358	71,735	64,366	81,866	
Algeria	8,206	29,339	16,868	12,179	62,826	11,974	77,977	62,321	42,882	66,866	66,463	73,812	107,575	
Andorra	0	0	23	0	0	0	74	0	1	469	44	40	290	
Angola	258	88	153	442	28,587	970	1,595	5,451	2,182	1,766	1,899	1,234	1,277	
Anguilla	0	0	0	0	0	0	0	0	0	0	0	0	0	
Antigua and Barbuda	114	10,147	6,151	338	1,058	3,713	60,568	25,568	2,005	2,252	3,083	1,119	830	
Area Nes	1,999	65,294	354,234	203,175	69,933	23,400	22,478	30,911	0	0	0	0	0	
Argentina	1,012	509	1,830	3,265	3,602	6,662	21,096	28,949	4,015	7,191	30,050	6,348	9,633	
Armenia	5,648	6,176	10,828	13,149	14,213	15,774	22,685	23,326	19,104	26,668	26,557	25,385	22,022	
Aruba	8	0	0	0	0	26	0	0	9	0	40	12	174	
Australia	3,624	5,051	7,298	11,399	12,394	11,543	13,396	22,881	23,384	14,336	23,599	26,646	29,246	
Austria	85,178	96,099	152,286	218,570	220,603	293,481	344,426	462,730	320,665	390,234	541,223	488,467	532,568	
Azerbaijan	3,888	3,647	7,054	8,784	10,403	10,528	19,454	24,520	22,149	26,151	32,924	37,548	40,245	
Bahamas	112	201	244	312	861	1,659	12,590	13,460	1,640	893	749	894	280	
Bahrain	132	486	490	421	376	2,046	1,162	890	534	1,002	1,549	2,402	2,214	
Bangladesh	1,774	436	447	4,710	739	1,517	805	7,722	3,731	29,795	2,529	15,563	3,253	
Barbados	42	15	55	80	77	550	517	123	560	76	253	73	37	
Belarus	6,682	7,623	7,522	12,063	14,385	24,349	26,884	45,905	25,829	31,919	41,716	34,256	40,068	
Belgium	250,133	275,966	457,638	589,886	699,721	989,810	1,148,647	1,327,085	926,118	770,405	1,397,840	984,713	860,418	
Belize	93	311	110	1,001	375	2,961	494	586	992	1,030	1,811	1,223	3,229	
Benin	81	94	84	1,406	141	310	443	1,206	3,375	23,119	32,715	406	1,115	
Bermuda	3	10	15	6	0	1	7	29	113	32	0	7	0	
Bhutan	0	8	7	10	0	2	0	0	0	7	0	34	0	
Bolivia	68	38	38	91	32	31	94	85	43	601	172	227	434	
Bosnia and Herzegovina	10,052	10,749	9,685	11,733	67,516	127,596	37,266	77,831	57,246	44,112	57,435	45,123	51,833	
Botswana	421	717	0	0	0	8	114	0	1	0	3	17	315	
Brazil	6,973	15,343	20,170	36,671	38,949	26,639	33,717	55,354	18,089	33,052	41,663	45,158	17,933	
British Indian Ocean Territories	0	0	0	0	0	0	0	0	0	0	0	0	0	
British Virgin Islands	0	1,863	2,004	0	0	1,074	2,334	7,946	1,803	3,701	4,022	3,386	208	
Brunei Darussalam	0	0	0	0	0	0	1	0	0	3	12	72	69	
Bulgaria	0	0	0	0	0	0	0	0	0	0	0	0	0	
Burkina Faso	393	40	280	0	2	25	38	0	56	79	124	118	65	
Burundi	4	15	0	0	25	28	12	4	151	25	5	89	144	
Cabo Verde	514	7	2	0	0	0	12	19	1,996	82	75	170	22	
Cambodia	786	1,444	2,432	574	328	3,200	1,224	3,118	3,199	425	236	529	505	
Cameroon	535	881	841	599	686	1,454	159	157	339	167	958	1,040	1,139	
Canada	19,130	24,355	25,994	36,812	55,715	54,599	75,455	59,920	44,538	36,416	120,550	136,887	99,583	
Cayman Islands	31	56	106	118	115	406	17	48	14	7	54	89	9	
Central African Republic	0	0	0	5	5	7	8	2	0	122	97	202	186	
Chad	10	10	0	0	977	866	93	65	33	175	16	103	163	
Chile	365	417	609	575	843	906	7,058	2,916	3,677	5,654	17,043	7,964	5,429	
China	9,703	12,668	61,607	37,105	71,239	78,358	102,757	162,090	136,907	249,623	405,973	763,897	860,356	
Christmas Islands	0	0	0	0	0	0	0	0	0	0	0	0	0	
Cocos (Keeling) Islands	0	0	0	0	0	2	0	0	0	0	23	0	0	
Colombia	1,033	2,883	4,886	5,449	4,559	2,131	3,051	2,913	1,679	1,841	2,277	4,669	2,754	
Comoros	3	86	826	1,020	833	2,070	945	5,920	5,076	3,185	3,904	988	315	
Congo	532	24	947	299	352	2,225	73	2	334	690	2,459	860	940	
Cook Islands	0	0	0	0	1	0	0	11	0	0	132	0	85	
Costa Rica	121	163	41	564	674	85	232	398	808	741	285	565	1,451	
Côte d'Ivoire	490	2,251	1,553	1,887	1,184	946	499	95	231	77	839	2,625	1,978	
Croatia	5,694	15,711	44,099	41,034	164,270	255,030	172,654	187,650	95,633	107,233	117,417	101,333	66,443	
Cuba	2,348	1,091	238	515	1,192	7,736	6,024	10,945	7,122	4,308	8,433	8,772	2,684	
Cyprus	27,616	28,912	25,926	38,591	112,054	111,590	68,156	137,732	76,442	60,920	85,098	107,343	98,947	
Czech Republic	21,844	27,949	42,149	58,404	59,975	101,884	131,326	199,831	132,051	193,721	303,111	326,847	379,393	
Democratic Republic of the Congo	0	135	50	1	19	34	940	1,265	467	647	840	593	541	
Denmark	25,842	26,048	28,720	33,289	36,719	46,667	45,260	61,264	49,667	76,518	189,114	122,098	135,200	
Djibouti	54	172	63	24	15	16	36	47,779	27,600	8,519	1,595	580	244	
Dominica	0	4	4	78	67	416	52	136	82	179	11	5	42	
Dominican Republic	1,764	1,716	1,660	520	1,243	1,117	291	500	666	626	1,918	1,658	957	
Ecuador	233	92	210	166	258	981	670	489	281	1,802	1,023	1,316	1,519	
Egypt	22,475	27,972	44,844	51,632	67,275	46,410	63,949	68,751	146,273	137,387	237,952	221,742	236,449	
El Salvador	42	1,186	1,049	1,186	9	1,108	73	59	89	248	284	368	863	
Equatorial Guinea	173	76	0	179	4	0	3	16	225	175	347	2,771	1,607	
Eritrea	5	11	16	16	27	13	21	48	11	0	5	22	43	
Estonia	3,511	2,503	4,963	4,336	5,686	8,292	5,715	7,751	6,520	14,490	17,126	14,378	24,599	
Ethiopia	465	1,053	554	908	363	1,368	1,093	5,961	1,258	31,852	19,366	4,961	7,157	
Europe Othr. Nes	0	0	0	0	0	0	220,479	20,883	0	0	0	0	0	
Falkland Islands (Malvinas)	0	0	0	0	0	0	0	0	0	0	0	0	0	
Faroe Islands	0	5	1	0	0	0	0	0	25	0	210	1	65	
Fiji	0	20	77	35	21	947	57	445	9	4	57	113	171	
Finland	7,118	9,055	11,151	11,653	13,546	64,345	50,065	41,953	27,469	36,277	51,199	46,877	50,014	
France	287,107	307,817	382,462	446,797	540,034	633,417	740,284	921,482	733,031	834,537	1,192,237	1,066,595	1,276,350	
Free Zones	0	179,457	0	287,178	442,377	149,509	0	0	0	0	0	0	0	
French Polynesia	0	0	0	0	0	25	0	0	45	18	28	10	27	
French South Antarctic Territories	0	0	0	0	0	2	265	243	482	233	284	263	166	
Gabon	0	33	0	26	127	10	96	107	168	281	329	231	258	
Gambia	1,941	306	772	1,458	2,124	130	0	18	50	15	30	160	26	
Georgia	53,091	49,636	44,754	64,552	64,625	98,133	175,813	194,816	133,791	190,799	320,303	366,395	247,240	
Germany	487,783	548,701	812,039	1,014,857	1,151,986	1,461,604	1,882,133	2,045,845	1,851,086	2,199,591	3,286,683	2,736,257	3,648,008	
Ghana	2,104	1,296	739	1,844	2,595	4,143	4,325	40,848	20,449	4,722	12,623	3,662	9,865	
Gibraltar	3,773	5,574	7,518	55,506	36,937	51,389	83,845	179,837	104,951	447,575	870,708	944,608	530,654	
Greece	448,481	528,933	781,764	986,492	1,105,108	1,348,599	1,516,762	2,230,536	1,564,715	1,635,663	1,980,114	1,921,743	2,050,108	
Greenland	0	11	0	0	0	7	0	2	0	0	0	2	0	
Grenada	0	0	0	0	0	0	2	10	0	0	2	0	1	
Guatemala	2,175	1,151	947	307	619	1,022	344	688	408	713	1,139	760	994	
Guinea	96	69	210	254	366	399	326	530	1,377	2,009	1,618	2,185	3,194	
Guinea-Bissau	3	3	19	2	0	2	0	22	71	0	14	49	0	
Guyana	0	1	1	0	0	0	5	3	4	706	24	322	29	
Haiti	7	9	16	4	24	634	191	142	240	2,211	349	9	286	
Honduras	436	442	1,019	712	514	427	457	229	322	74	11	72	119	
Hong Kong, China	1,042	2,995	2,913	5,843	5,406	13,841	18,312	29,817	25,735	45,296	64,650	64,824	62,186	
Hungary	33,199	38,589	62,555	86,163	91,476	136,017	197,215	210,688	189,408	262,466	356,424	310,265	365,983	
Iceland	329	87	156	296	65	212	1,465	187	333	347	994	869	850	
India	10,983	6,969	8,569	21,953	17,511	32,909	75,032	78,954	25,604	57,236	89,308	43,775	43,111	
Indonesia	1,588	3,108	8,466	14,894	13,249	16,906	13,665	20,603	22,412	19,074	17,515	23,780	34,490	
Iran (Islamic Republic of)	16,619	5,798	18,970	11,921	15,345	44,970	38,124	68,499	35,054	69,006	78,719	22,926	47,577	
Iraq	5,382	1,377	676	7,855	20,779	8,070	11,863	13,136	19,060	15,953	123,732	258,956	145,532	
Ireland	7,946	10,952	13,882	17,031	10,097	13,978	20,395	19,224	11,101	11,496	20,681	39,085	39,939	
Israel	32,541	43,627	43,136	73,980	68,262	81,636	93,934	62,425	55,024	98,695	76,396	107,418	120,221	
Italy	765,275	886,089	1,057,421	1,297,644	1,404,508	1,529,689	1,913,961	1,887,175	1,525,650	2,001,102	2,450,261	2,269,137	2,553,790	
Jamaica	30	67	30	0	402	216	5	18	139	169	241	129	268	
Japan	12,930	10,855	14,382	13,841	17,200	26,321	36,272	26,508	19,858	21,361	32,296	31,010	37,245	
Jordan	7,649	5,621	7,261	7,282	9,838	18,436	6,847	8,012	6,346	20,930	16,142	26,603	35,345	
Kazakhstan	7,405	6,162	8,997	11,795	10,867	23,733	62,200	30,876	23,867	27,489	31,236	39,069	44,700	
Kenya	126	75	575	280	16,273	5,341	2,053	2,962	22,580	3,428	2,702	3,397	4,094	
Kiribati	0	0	0	0	0	0	2	0	338	2,868	0	0	0	
Korea, Democratic People's Republic of	372	118	1,292	4,124	3,060	1,069	150	125	3,060	91	295	817	335	
Korea, Republic of	6,256	10,650	14,329	12,908	20,261	37,191	36,936	48,285	30,161	124,366	135,018	150,485	158,466	
Kuwait	474	1,051	2,229	2,366	15,019	3,579	3,911	4,557	2,319	2,572	2,651	5,459	5,752	
Kyrgyzstan	97	102	140	692	621	1,039	886	1,777	2,141	2,205	2,092	2,531	3,954	
Lao People's Democratic Republic	0	2	0	0	0	9	18	0	93	10	299	124	0	
Latvia	5,755	6,812	8,737	9,553	9,087	14,154	25,494	27,314	17,481	22,483	32,293	35,083	33,369	
Lebanon	18,213	12,078	11,587	67,345	44,592	62,516	90,554	104,253	44,792	83,127	45,409	89,089	240,967	
Lesotho	2	0	2	0	2	0	7	0	0	0	0	0	1	
Liberia	148	233	449	1,780	8,814	1,974	1,107	1,530	4,302	5,288	3,693	4,682	3,417	
Libya	2,346	1,375	3,106	6,421	22,427	3,919	2,760	21,203	9,926	40,371	8,261	41,418	151,984	
Lithuania	7,527	8,274	10,697	14,534	16,567	21,470	29,423	39,368	26,389	30,975	36,847	45,243	56,433	
Luxembourg	5,775	2,793	1,646	1,556	2,855	8,497	5,725	6,904	18,205	27,006	25,596	4,904	4,541	
Macao, China	0	2	0	60	37	1,010	428	1,143	179	429	165	986	773	
Macedonia, The Former Yugoslav Republic of	113,366	125,492	154,501	206,024	233,128	331,750	319,537	506,783	334,411	440,362	643,514	505,154	464,030	
Madagascar	2	12	0	58	51	1,168	258	5,351	376	221	89	79	661	
Malawi	56	42	0	3	39	112	160	42	332	234	498	858	1,589	
Malaysia	1,717	3,789	3,158	4,199	4,995	8,082	18,121	14,105	11,500	9,815	18,600	23,270	60,584	
Maldives	1	1	0	1	19	3	52	35	3	9	40	270	48	
Mali	22	18	19	7	138	1,690	461	837	6,551	1,534	994	8,316	3,740	
Malta	11,233	9,083	7,048	21,981	65,995	103,964	49,633	14,901	8,895	8,261	44,592	14,312	30,214	
Marshall Islands	28	86	64	80	19,684	1,052	21,966	28,939	14,181	2,525	3,761	2,143	2,567	
Mauritania	1,319	2,334	3,243	2,130	3,917	53	190	288	6,193	109	905	128	168	
Mauritius	51	52	86	80	174	334	205	897	268	288	257	2,817	516	
Mayotte	0	0	0	0	0	0	0	0	10	0	0	0	0	
Mexico	12,380	21,280	11,459	14,566	25,867	29,006	16,837	13,047	14,073	21,068	35,693	30,846	40,552	
Mongolia	1,453	819	1,304	1,566	1,740	3,679	1,867	2,380	1,252	1,499	1,842	3,890	3,035	
Montenegro	0	0	0	0	0	0	6,513	15,263	14,623	17,495	16,919	18,322	22,155	
Montserrat	0	0	0	0	0	0	32	0	0	0	0	0	0	
Morocco	6,426	5,670	8,869	18,298	8,166	9,009	18,443	25,598	11,663	14,480	15,119	15,321	77,793	
Mozambique	30	30	32	62	153	214	341	856	302	35,584	1,278	871	3,790	
Myanmar	0	1	22	0	69	5	179	81	118	51	0	144	92	
Namibia	294	12	296	0	4	3	22,861	53,410	96,670	116,124	214,680	260,496	181,790	
Nauru	0	97	0	0	0	0	0	0	0	0	0	0	0	
Nepal	55	360	76	150	232	852	57	412	638	320	326	395	732	
Netherland Antilles	4	182	0	0	0	548	225	514	378	450	640	803	424	
Netherlands	79,881	102,351	116,040	126,286	142,959	209,232	223,998	319,604	259,316	313,292	499,624	488,296	638,381	
Neutral Zone	0	0	139	0	0	0	0	0	0	0	0	0	0	
New Caledonia	0	21	72	42	41	52	61	46	285	43	206	79	351	
New Zealand	85	118	179	578	702	448	1,145	1,621	1,901	1,277	5,455	4,841	5,870	
Nicaragua	25	42	2	9	14	963	63	83	7	23	54	28	122	
Niger	2,180	3,106	1,941	2,307	755	748	99	159	115	358	323	342	337	
Nigeria	11,282	6,844	15,173	11,002	7,138	2,890	8,840	122,401	39,726	34,302	40,671	8,233	26,931	
Niue	0	0	0	0	0	0	0	0	0	0	0	0	0	
Norfolk Island	0	1	0	0	0	0	0	0	0	0	0	0	0	
Northern Mariana Islands	0	4	0	0	0	2	0	9	0	0	0	0	0	
Norway	5,965	7,530	7,805	10,382	11,344	12,884	23,358	53,563	31,460	30,988	43,950	39,430	46,740	
Oceania Nes	0	0	0	0	0	0	0	0	0	0	0	0	0	
Oman	1,390	87	213	494	672	1,385	2,998	3,143	520	19,046	28,237	14,576	25,479	
Pakistan	3,626	3,200	7,967	4,844	6,086	43,884	10,372	122,331	36,491	9,178	8,737	15,745	9,584	
Palau	0	0	0	0	0	0	0	0	0	0	0	0	0	
Palestine, State of	0	0	0	0	0	0	21	69	41	925	462	500	289	
Panama	1,712	1,578	11,777	14,045	7,073	3,217	4,042	8,193	6,230	4,741	2,996	3,409	4,173	
Papua New Guinea	0	1	0	18	0	0	0	0	0	0	0	156	0	
Paraguay	17	24	895	528	381	1,760	251	787	98	1,167	213	887	387	
Peru	7,068	7,429	6,169	6,641	22,320	30,540	25,796	19,041	1,025	6,164	3,156	4,199	8,507	
Philippines	1,486	1,692	4,834	7,078	11,019	19,294	12,754	10,459	10,045	20,690	15,621	16,783	45,414	
Pitcairn	2	0	0	0	0	0	0	0	0	0	0	0	0	
Poland	34,709	41,472	61,822	99,821	128,070	223,567	305,380	429,384	257,365	355,905	502,577	466,133	536,958	
Portugal	19,119	15,057	14,420	15,272	25,477	63,573	30,100	39,069	58,362	59,813	115,080	236,411	190,770	
Qatar	138	84	278	261	296	311	1,363	1,898	1,401	2,195	2,950	6,323	9,777	
Republic of Moldova	19,229	17,262	20,704	19,421	20,218	23,939	54,140	51,067	51,122	67,958	75,432	89,630	92,427	
Romania	128,942	159,956	229,905	393,873	442,358	635,153	892,645	1,631,157	1,410,099	1,873,324	2,692,567	2,145,227	2,283,543	
Russian Federation	119,465	92,371	105,245	125,112	151,287	229,930	448,919	610,214	411,434	584,349	755,722	722,540	755,220	
Rwanda	8	18	25	0	1	9	30	18	28	26	0	557	704	
Saint Helena	0	38	0	0	0	0	0	0	0	0	1	0	0	
Saint Kitts and Nevis	0	0	0	0	0	1,053	11,872	193	803	2,715	4,450	221	953	
Saint Lucia	0	20	0	0	0	1	0	1	0	1	0	0	1	
Saint Vincent and the Grenadines	846	652	4,366	2,273	1,901	3,893	3,647	2,979	2,207	2,882	1,720	569	314	
Samoa	0	0	0	0	0	0	0	0	0	0	0	0	0	
Sao Tome and Principe	297	42	1	0	7	0	1	680	0	0	0	26	1	
Saudi Arabia	17,748	17,640	11,047	16,784	31,039	39,837	63,927	167,755	27,277	82,823	306,463	149,245	86,822	
Senegal	702	456	115	94	1,369	1,247	1,124	1,357	203	237	1,866	1,504	1,259	
Serbia	0	0	0	0	0	583,583	789,616	1,045,628	584,522	776,609	734,538	618,447	546,588	
Serbia and Montenegro	209,231	174,035	248,923	269,270	349,856	0	0	0	0	0	0	0	0	
Seychelles	294	133	14	94	0	52	10,808	55	20	23	7	89	250	
Ship stores and bunkers	0	0	0	0	0	0	0	292	77	38	13,643	37,295	42,291	
Sierra Leone	38	17	49	0	0	450	303	2,974	1,177	284	541	2,767	1,797	
Singapore	2,397	3,162	44,353	95,733	182,669	300,097	285,688	277,378	310,880	245,790	52,326	59,833	446,798	
Slovakia	8,885	17,682	17,863	37,763	41,028	80,736	143,889	152,233	132,370	138,973	154,805	162,121	219,451	
Slovenia	19,854	24,914	29,765	29,481	53,063	115,062	292,034	176,870	69,335	152,538	125,786	239,320	165,846	
Solomon Islands	0	0	0	0	0	0	4	0	0	0	0	0	0	
Somalia	0	0	0	0	0	0	0	0	57	102	76	0	21	
South Africa	1,873	1,761	2,335	3,839	21,971	17,489	7,904	13,590	8,605	10,320	91,737	151,270	194,242	
Spain	168,701	193,776	204,730	334,353	383,431	487,887	444,418	504,009	528,960	549,942	756,447	689,688	686,466	
Special categories	0	0	0	0	30,151	0	282,989	254,024	257,472	470,758	521,277	355,231	329,623	
Sri Lanka	4,108	2,275	4,532	4,846	4,584	4,150	4,112	8,080	8,101	5,070	5,505	4,732	4,708	
St. Pierre and Miquelon	0	0	0	0	0	0	0	0	0	0	0	0	0	
Sudan (North + South)	3,330	2,933	4,707	4,022	15,617	4,718	4,805	18,810	12,088	1,584	2,892	889	1,252	
Suriname	7	0	0	0	6	10	120	59	290	282	283	1,213	754	
Swaziland	0	0	0	0	0	3	202	6	6	4	0	43	0	
Sweden	26,760	30,654	37,446	44,110	51,826	69,948	110,565	103,948	91,366	103,617	146,210	120,961	143,700	
Switzerland	58,825	96,320	52,800	66,885	86,105	132,740	112,210	121,732	120,961	135,518	181,366	207,250	208,066	
Syrian Arab Republic	20,470	18,265	12,390	22,395	20,263	36,125	100,222	257,898	92,022	105,738	41,139	25,070	89,777	
Taipei, Chinese	5,568	10,986	15,360	15,891	18,361	14,594	15,106	15,581	16,423	30,514	30,142	31,273	31,547	
Tajikistan	177	317	282	607	572	1,377	762	507	800	706	649	911	582	
Tanzania, United Republic of	94	97	86	424	261	527	119	14,087	18,003	12,403	12,751	1,972	5,406	
Thailand	2,500	8,865	5,253	10,358	10,189	32,828	10,400	28,166	13,702	24,542	28,391	31,327	30,625	
Timor-Leste	0	0	0	0	0	0	0	0	10	4	0	7	10	
Togo	26	31	202	2,959	3,606	3,686	7,933	4,103	1,224	361	305	30,176	455	
Tokelau	0	0	0	0	0	0	0	0	9	0	0	0	0	
Tonga	58	328	329	33	23	0	0	0	0	0	0	0	0	
Trinidad and Tobago	69	0	25	34	82	17,083	21,476	18,612	109	85	85	123	330	
Tunisia	22,357	13,212	11,260	27,519	30,039	28,795	66,428	97,683	62,686	44,078	112,122	101,766	247,588	
Turkey	412,651	535,762	689,922	991,840	1,228,563	1,750,544	2,122,243	1,979,821	1,191,259	1,744,904	2,414,357	2,511,218	2,649,016	
Turkmenistan	1,230	1,707	981	1,024	772	2,988	932	2,792	4,451	1,360	3,361	22,021	7,808	
Turks and Caicos Islands	2	0	0	0	0	0	0	0	17	0	0	0	0	
Tuvalu	0	0	0	0	0	510	6	345	630	16	0	2	56	
Uganda	107	39	106	0	204	2,092	348	443	840	1,560	2,113	1,073	8,678	
Ukraine	299,723	53,355	59,315	74,912	80,817	111,800	229,166	261,014	140,569	264,296	404,239	312,264	567,677	
United Arab Emirates	7,589	9,363	14,295	10,122	20,762	78,140	18,071	246,061	61,819	44,008	78,423	203,775	347,106	
United Kingdom	135,122	167,169	190,677	248,247	259,280	388,664	461,979	471,976	321,226	401,193	516,727	511,985	624,027	
United States Minor Outlying Islands	0	0	0	0	0	0	32	0	3	287	47	0	2	
United States of America	285,580	270,527	336,933	443,726	355,263	429,279	427,151	350,693	256,111	280,461	369,489	473,938	399,685	
Uruguay	349	1,560	2,067	204	2,528	1,430	113	3,309	142	464	225	1,643	1,004	
Uzbekistan	3,037	2,910	1,972	2,696	2,528	4,089	5,110	11,339	10,544	9,878	11,556	16,603	23,738	
Vanuatu	6	0	0	0	1	0	1	2	73	0	16	52	0	
Venezuela	702	919	1,727	2,538	732	1,143	3,888	6,354	1,430	5,463	1,287	2,225	1,984	
Viet Nam	1,900	2,225	5,060	2,848	4,568	6,695	7,169	14,868	14,488	27,128	16,203	23,343	23,215	
Wallis and Futuna Islands	0	0	0	0	0	0	0	0	0	0	0	0	0	
Western Sahara	0	0	0	0	0	0	0	0	0	0	0	0	0	
Yemen	152	2,433	1,330	1,661	326	34,654	2,073	32,454	13,180	8,855	939	9,650	928	
Zambia	100	86	129	40	15	424	1,059	443	46	142	1,818	420	352	
Zimbabwe	5	2	177	0	131	54	192	169	242	273	1,191	2,084	831	
