List of importing markets for a product exported by Zambia (Mirror) Product: TOTAL All products
"Importers"	"Exported value in 2001"	"Exported value in 2002"	"Exported value in 2003"	"Exported value in 2004"	"Exported value in 2005"	"Exported value in 2006"	"Exported value in 2007"	"Exported value in 2008"	"Exported value in 2009"	"Exported value in 2010"	"Exported value in 2011"	"Exported value in 2012"	"Exported value in 2013"	
Total	668,249	742,133	766,436	1,530,823	2,529,224	2,774,392	3,527,144	3,951,890	3,323,911	5,221,468	6,558,842	6,312,583	5,832,305	
Albania	0	1	0	0	0	0	0	1	7	0	0	0	0	
Algeria	0	15	0	1	0	0	0	12	1	0	1	15	1	
Argentina	0	118	0	0	0	0	0	134	21	25	251	31	0	
Armenia	0	0	0	0	9	3	0	0	0	0	0	0	1	
Australia	101	347	123	1,152	474	1,216	1,251	948	869	15,585	1,074	223	111	
Austria	1,948	986	990	2,401	823	4,122	1,610	2,119	1,271	464	81	77	141	
Azerbaijan	0	0	0	0	1	0	0	0	0	0	1	347		
Bahamas	0	0	0	0	0	0	0	0	0	0	0	55		
Bahrain	0	0	0	0	2	0	0	2	0	186	2,137			
Bangladesh	6,330	3,204	492	13,110	11,668	8,822	12,649							
Barbados	0	0	13	26	1	0	1	0	0	0	0	0	33	
Belarus	1	1	1	3	9	4	49	25	11	0	5	0	1	
Belgium	24,121	20,841	34,688	86,681	65,513	59,393	99,315	155,127	103,402	90,996	151,409	141,787	116,855	
Benin	425	7	1	0	0	0	0	0	0	0	18	0	0	
Bolivia	0	0	4	0	10	0	0	0	19	0	0	7		
Bosnia and Herzegovina			0	4	2	9	10	0	5	6	0	0	0	
Botswana	2,641	25,981	2,302	1,600	5,246	6,033	11,123	7,701	9,928	14,663	18,903	22,680	20,109	
Brazil	0	68	675	8,402	1,687	1,993	7,722	4,521	2,308	2,344	1,908	1,212	546	
Brunei Darussalam	0	0	0	0		0				0	0	0	0	
Bulgaria	108	1	1	0	135	0	1,579	3,467	602	8,318	0	0	486	
Burkina Faso	0	7	0	0	0		0	0	0	2	176	133		
Burundi	3,661	4,620	7,451	5,659	8,719	11,839	6,350	2,968	11,739	34,043	35,038	35,401	12,922	
Cabo Verde	1	0	0	0	0	0	0		0	0	0	0	0	
Cambodia	0	0	4	0	3	0	0	105	1	0	0	0		
Cameroon	0	0	0	0	0	0	0	1	84	0	0	0		
Canada	253	944	223	165	354	160	330	600	712	1,309	1,428	2,533	2,698	
Chile	0	0	0	3	5	190	13	206	77	30	17	669	45	
China	35,924	46,092	47,882	171,105	252,062	270,356	394,862	522,498	1,272,464	2,578,407	2,775,940	2,686,560	3,100,798	
Colombia	44	0	0	0	2	0	0	52	0	87	3	0	7	
Congo							0	0	0	0	0	0	0	
Costa Rica	1	68	4,328	376	0	2	2	0	6	5	2,939	4	3	
Côte d'Ivoire	0	0	0	107	0	623	739	41	0	0	267	668		
Croatia	6	11	182	69	127	171	316	1,485	1,490	87	48	27	1	
Cuba	0	0	0	1	0	0								
Cyprus	28	48	59	5	0	2	0	0	1	0	0	0	18	
Czech Republic	294	73	43	80	102	26	217	20	34	135	240	4,366	69	
Denmark	92	178	123	274	1,248	3,704	3,331	2,515	2,388	1,547	326	325	378	
Djibouti									0					
Dominican Republic	0	0	0	0	0	0	0	10	13	31	13	27	10	
Ecuador	0	0	0	0	0	0	0	1	0	0	2	0	0	
Egypt	42,723	42,468	34,797	47,706	62,678	23,521	21,820	600,519	194,263	260,537	352,833	304,704	159,050	
El Salvador	0	0	0	0	0	0	0	0	0	0	0	0	0	
Estonia	0	1	0	0	1	2	5	0	0	14	2	1	0	
Ethiopia	0	91	424	575	629	118	175	49	126	38	696	18		
Faroe Islands	0	0	0	0	0	0	0	2	1					
Fiji		0	0	0	0	0	0	73	0	0	0	0		
Finland	951	1,771	21,335	17,304	2,848	5,858	2,338	22,924	495	221	276	41	1,058	
France	4,256	5,157	4,903	15,365	16,281	7,526	7,785	16,398	8,362	9,994	15,599	9,044	9,865	
French Polynesia	0	11	1	0	0	0	1	0	0	0	0	0	0	
Gabon	0	0	0	0	4	5	0	0	0					
Gambia	1	0	0	0	1	0	0	0	0	0	0			
Georgia	0	0	0	0	2	0	0	0	0	0	0	0	0	
Germany	16,714	11,120	12,132	21,293	22,517	40,055	40,250	26,750	28,571	26,916	56,288	42,767	36,467	
Ghana	111		24		0	9	0	0	159	107	99	34		
Greece	28	492	0	139	9	773	295	30,266	1,378	291	81	5,881	183	
Greenland	0	0	0	0	0	0	0	0	0	0	2	0	0	
Guatemala	0	28	0	0	0	0	0	2	2	0	0	0	0	
Guinea	14	0		0	0	0	0	0		0	1	0		
Honduras	54	0	1	39	25	36	0	0	121	3	31	0	0	
Hong Kong, China	1,365	2,772	1,652	2,472	2,477	2,695	928	911	868	2,085	2,726	4,037		
Hungary	59	32	9	1	3	6	4	0	39	6	84	3	142	
Iceland	18	32	29	39	5	4	20	16	9	1	2	4	2	
India	12,507	13,276	19,243	22,558	34,868	84,430	71,833	139,315	154,766	48,427	127,498	289,661	273,801	
Indonesia	0	350	444	5,948	6,467	3,094	4,198	7,252	1,773	3,415	1,690	11,783	16,533	
Iran (Islamic Republic of)	0	0	0	0	0	0				2,617	1,086			
Ireland	508	550	403	126	193	56	381	961	593	510	974	37	38	
Israel	144	1,129	1,703	2,995	2,351	2,562	812	1,754	638	2,573	1,201	3,753	2,233	
Italy	30,185	7,132	4,229	12,687	42,382	240,844	297,315	254,899	64,173	28,888	311,708	232,247	273,943	
Jamaica	19	0	0	0	0	0	0	0	0	0	0	0		
Japan	60,552	66,215	68,424	97,989	59,380	49,966	125,912	91,630	23,429	52,859	59,087	49,964	51,074	
Jordan	0	0	82	0		0	0	7	0	0	16	0	0	
Kazakhstan	0	0	103	2	200	1,001	802	993	342	147	156	276	245	
Kenya	13,236	4,115	5,050	8,492	10,703	19,857	30,134	27,005	20,353	30,996	62,053			
Korea, Republic of	1,682	5,269	46,131	151,194	251,132	432,514	604,737	300,167	359,399	376,704	500,701	336,603	264,269	
Kuwait	10,970	11,445	19,672	31,370		67,604	32,196	97						
Kyrgyzstan	4	0	0	0	0	0	0	0	0	0	0	0		
Latvia	0	0	0	0	0	80	0	185	0	0	0	3	0	
Lebanon	5	14	3	1	5	0	1	20	11	128	73	98	90	
Lesotho	42	43	16					0	0	919				
Libya							3	0	5	0				
Lithuania	9	3	51	81	1	1	0	2	6	0	0	0	1	
Luxembourg	0	0	9	0	0	0	0	14	29	70	30	0	3	
Macao, China	0	0	0	0	0	2	0	0	0	0		0		
Macedonia, The Former Yugoslav Republic of	0	0	0	0	98	294	0		0	0	0	0	5	
Madagascar	1	10	2	376	0	4	94	29	696	27	257	631	64	
Malawi	9,868	12,547	22,268	35,977	62,137	43,179	32,042	68,543	72,680	120,506	110,406	94,774	131,186	
Malaysia	12,795	12,141	13,410	48,022	35,679	44,019	13,130	12,825	13,993	12,232	28,958	40,248	86,792	
Mali	0	0	0	33	37	0	0	0		0	71	26		
Malta	0	0	0	0	0	0	0	0	0	0	0	0	0	
Mauritania	0	0	0	0	0		0	628	0	0	0	0		
Mauritius	2,181	7,312	5,663	8,244	8,609	11,643	12,586	7,979	7,417	6,273	28,798	8,136	4,560	
Mexico	1,152	94	328	97	67	166	57	138	54	27	82	88	100	
Montenegro						56	20	0	5	9	11	1	5	
Morocco	0	0	0	0	27	0	0	0	227	927	0	4,002	24	
Mozambique	18	136	73	677	2,122	1,264	1,017	14,617	3,784	1,125	22,096	40,140	11,808	
Namibia	87	73	463	1,301	2,464	1,562	6,234	14,311	41,910	75,269	132,873	110,878	156,499	
Nepal			0						208	26	11			
Netherland Antilles					0	45	1	1						
Netherlands	24,683	23,070	21,518	34,339	30,676	34,815	35,279	24,175	17,844	32,651	58,239	48,619	62,068	
New Caledonia	0	0	0	0	0	0	0	0	0	3	0	0	0	
New Zealand	464	156	678	589	27	554	157	231	115	241	628	531	2,221	
Nicaragua	0	1	27	8	2	0	0	0	0	0	0	0	3	
Niger	1	0	0	0	39	0	0	0	0	0	0	0	0	
Nigeria	2	107	663			1,317	15	8	0	2	341	102		
Norway	999	1,141	1,407	2,147	706	464	958	585	629	808	559	433	191	
Oman	865	1,914	0	722	0	6,312	7,647	3,445	95	189	1,954	39,017	0	
Pakistan			7,127	10,015	21,693	61,554	50,510	53,863	45,602	23,116	23,342	42,123	36,557	
Palestine, State of							0	19	0	14	0	0		
Panama	0	0	0		0	0	0	0	0	31	0			
Papua New Guinea	0	16	0	14							0	0		
Peru	3	0	0	0	8	72	0	124	139	176	88	1		
Philippines	0	5	70	2,412	892	0	105	140	0	24	1,553	282	101	
Poland	846	1,420	361	902	1,238	3,578	23,094	6,901	7,825	3,444	16,595	13,519	1,817	
Portugal	7,708	11,060	871	775	13,987	14,679	17,194	24,519	39,859	17,615	6,167	7,344	10,617	
Qatar	0	5	0	0	0	0	6	18	0	28	11	0	61	
Republic of Moldova	0	1	0	0	0	0	0	0	0	0	0	0	0	
Romania	8	4	1	9	17	385	22,458	326	651	7,844	7,920	91	20,526	
Russian Federation	35	18	1,574	897	1,799	5,755	11,384	11,968	14,310	7,973	14,599	10,990	13,543	
Rwanda	3,918	2,611	762	779	566	2,850	4,780	3,413	6,798	2,027	7,653	4,156	3,540	
Saint Lucia	0	0	0	0	0	1	0	0						
Saint Vincent and the Grenadines	0	0	0	0	0	0	0	0	1	0	0	0		
Saudi Arabia	93,532	136,138	134,676	143,560	158,775	259,057	454,449	629,817	288,470	411,545	391,523	319,644		
Senegal	27	100	3	0	0	2	90	0	0	197	55	30	17	
Serbia					3	2	346	3,039	16	135	34	65	2	
Serbia and Montenegro	3	0		49										
Seychelles	5	77	27		0	0		3						
Singapore	4,384	2,514	946	7,348	7,950	6,846	2,687	644	8,888	55,777	23,499	24,512	5,660	
Slovakia	7	29	47	0	4	2	4	16	24	12	37	5	0	
Slovenia	1,243	2,018	2,321	433	329	3,310	868	1	8	1,643	2,273	1,021	1,879	
South Africa	49,300	73,485	75,488	155,128	204,331	271,443	324,970	286,506	195,056	289,372	369,893	407,952	371,453	
Spain	4,462	1,693	2,200	3,632	13,821	19,813	6,961	23,327	10,092	24,113	35,218	28,785	29,400	
Sri Lanka	1	353	0	0	0	1	0	109	0	0	0	0		
Sudan (North + South)	0	73	1	0	0	0		0	471	2,982	5,191			
Suriname	0			0	0	10	0		0	0	0			
Swaziland	4	12,010	4,146	0	14,851	0	3,418							
Sweden	63	484	1,345	346	747	329	1,329	619	3,470	1,140	2,278	2,623	2,216	
Switzerland	1,132	922	1,234	607	403	605	430	203	79	626	213	3,107	3,883	
Syrian Arab Republic	0	0	41	0	0	26	0	0	0	0				
Taipei, Chinese	57,247	38,274	26,613	71,015	43,041	153,524	176,544	95,180	59,878	165,707	127,452	92,729	57,532	
Tanzania, United Republic of	1,793	4,368	2,026	6,190	4,524	11,552	18,742	27,776	23,762	30,843	68,511	40,228	51,102	
Thailand	67,934	67,236	52,765	116,106	96,275	280,250	250,154	136,794	30,478	49,845	46,503	47,884	56,035	
Timor-Leste				0	0									
Togo	0	0	0	0	0		0	0	10	0	0	0	0	
Tonga	0	0	0					0	0	0	0	1		
Trinidad and Tobago	0	0	0	0	0	0	0	0	0	0				
Tunisia	0	0	0	13	1	2	1,337	0	0	37	360	29	0	
Turkey	537	36	2	1,625	534	4,795	20,743	6,839	2,596	8,316	113,457	6,017	1,301	
Uganda	1,596	576	212	480	839	980	1,576	973	879	613	2,548	1,255	1,199	
Ukraine	212	557	26	0	1,696	1,551	1,082	338	530	1,819	2,867	731	385	
United Arab Emirates					16,657		293	93,583						
United Kingdom	16,833	16,940	27,217	35,664	38,104	99,008	80,013	56,751	43,846	62,960	90,504	63,228	64,024	
United States of America	16,103	8,161	12,858	32,855	31,914	28,664	49,142	51,819	8,672	29,755	47,546	63,246	37,586	
Uruguay	0	0	0	0	0	0	0	0	0	0	1	81	0	
Venezuela	0	0	0	0	0	0		33	0	0	0	4	0	
Viet Nam	0	3,632	4,521	3,450	1,368	1,475	0	0	13,144	28,335	60,555	62,974		
Yemen				0	2	1	0	0	0	0	0	0		
Zimbabwe	14,061	21,488		74,387	846,801	45,289	109,784	61,944	91,336	146,353	217,894	492,194	262,113	
