List of importing markets for a product exported by Nepal (Mirror) Product: TOTAL All products
"Importers"	"Exported value in 2001"	"Exported value in 2002"	"Exported value in 2003"	"Exported value in 2004"	"Exported value in 2005"	"Exported value in 2006"	"Exported value in 2007"	"Exported value in 2008"	"Exported value in 2009"	"Exported value in 2010"	"Exported value in 2011"	"Exported value in 2012"	"Exported value in 2013"	
Total	750,122	567,535	628,240	682,256	684,879	615,956	773,353	966,125	663,613	783,874	819,882	622,840	699,059	
Afghanistan								0	6	0	25	0		
Albania	2	0	0	0	0	4	0	6	0	0	0	0	0	
Algeria	0	0	0	0	0	0	0	0	0	0	1	0	109	
Andorra	15	11	2	6										
Antigua and Barbuda					0		0		0	0	1	0	0	
Argentina	57	0	0	2	3	64	16	65	122	162	257	417	204	
Armenia	1	3	3	0	2	17	13	2	10	22	0	2	78	
Australia	1,156	1,432	1,456	1,706	2,205	2,106	2,870	4,201	3,462	6,803	4,460	5,103	6,101	
Austria	2,523	1,881	1,576	2,472	2,275	2,276	2,365	3,451	1,884	2,911	3,580	2,576	2,778	
Azerbaijan	0	0	0	0	0	0	0	0	0	0	69	5		
Bahrain	22	302	1	0	1	0	0	139	108	10	88			
Bangladesh	99	2,311	1,743	129	47	126	152							
Barbados	21	0	6	3	0	0	0	0	1	1	1	0	1	
Belarus	18	12	19	24	29	31	47	36	18	30	38	41	29	
Belgium	5,143	4,090	4,741	4,308	5,729	4,354	4,959	4,477	4,723	3,867	4,470	3,016	3,015	
Belize	0	0	0	0	1	0	0	0	0	0	0	0	0	
Benin	0	18	0	34	0	0	0	0	0	0	0	0	0	
Bermuda												19	5	
Bhutan					2,265	3,816	2,447	2,975	7,634	12,793	3,000			
Bolivia	0	8	0	0	0	0	2	5	1	2	1	0		
Bosnia and Herzegovina			0	77	65	36	26	241	19	33	17	4	8	
Botswana	0	0	0	0	0	0	48	3	0	0	0	0	8	
Brazil	376	35	21	124	151	224	378	507	789	714	757	895	710	
Brunei Darussalam	170	222	3	30		146				13	13	55	20	
Bulgaria	3	0	14	12	32	38	38	62	14	11	55	12	20	
Burkina Faso	0	0	0	0	0		0	0	3	0	0	0		
Burundi	0	0	0	0	0	5,783	126	0	0	0	0	0	0	
Cabo Verde	0	0	0	0	0	0	0		0	0	3	0	0	
Cambodia	0	27	8	0	11	77	31	511	6	0	9	9		
Cameroon	0	0	0	0	0	0	0	0	0	1	3	0		
Canada	6,079	5,629	6,995	11,328	10,432	11,575	13,142	14,537	11,678	14,937	15,886	12,304	11,845	
Central African Republic	0	0	0			0	0	0	4	0	0	0	0	
Chile	25	23	7	27	32	231	109	192	209	271	257	317	328	
China	4,632	5,277	5,350	8,231	8,495	8,285	14,790	5,976	5,290	11,416	13,865	29,520	43,241	
Colombia	4	1	0	3	9	13	24	67	0	45	44	41	102	
Costa Rica	2	3	17	13	14	30	44	29	7	8	4	1	1	
Côte d'Ivoire	0	0	0	0	2	0	5	10	24	0	56	0		
Croatia	101	261	364	463	411	445	664	641	877	691	770	550	147	
Cuba	3	0	0	11	15	4								
Cyprus	0	5	13	30	30	7	15	10	19	27	48	46	35	
Czech Republic	440	393	469	979	1,144	887	1,261	1,796	1,137	1,221	1,594	1,816	3,535	
Denmark	949	909	1,317	1,767	2,271	2,058	2,378	2,615	2,234	3,118	3,325	2,517	3,247	
Dominican Republic	0	15	0	1	0	0	1	0	1	300	3	5	38	
Ecuador	2	0	0	13	5	6	2	2	1	0	59	1	229	
Egypt	16	32	0	276	86	156	72	5,591	1,387	0	22	35	11	
El Salvador	0	0	0	0	0	0	0	0	0	16	0	0	0	
Estonia	12	7	28	17	18	35	37	25	33	11	36	81	66	
Ethiopia	20	1	15	35	87	11	16	4	0	0	27	39		
Faroe Islands	1	0	0	0	3	5	4	13	4					
Fiji		0	1	0	0	1	43	8	2	4	21	11		
Finland	404	253	479	415	410	423	355	444	337	354	684	709	654	
France	9,046	7,204	8,935	18,113	13,538	14,325	18,303	21,254	17,590	20,431	20,524	19,125	18,748	
French Polynesia	6	0	1	0	0	2	6	47	3	3	1	3	2	
Georgia	0	0	0	1	2	1	1	1	0	0	0	0	3	
Germany	71,062	44,534	47,619	58,042	49,299	49,888	46,211	45,687	38,154	42,021	49,054	39,903	38,376	
Ghana	1		0		0	11	0	4	1	0	11	6		
Greece	332	289	602	438	276	232	291	489	403	321	308	357	611	
Greenland	0	0	0	0	0	0	0	1	1	1	0	1	1	
Guatemala	0	0	0	0	4	9	6	1	2	0	0	3	0	
Guinea	38	23		34	1	27	0	0		0	0	2		
Honduras	0	0	1	2	0	0	2	0	0	0	0	5	0	
Hong Kong, China	1,393	894	600	1,240	931	1,557	1,380	3,426	3,031	3,913	2,527	3,537		
Hungary	178	250	238	56	89	138	113	232	272	389	446	269	334	
Iceland	4	2	9	39	117	105	84	191	77	196	133	33	241	
India	356,613	266,412	291,496	340,034	385,461	317,896	469,788	632,095	416,338	505,697	508,214	307,365	376,706	
Indonesia	28	28	133	1	2	3	162	302	12	59	52	64	116	
Iran (Islamic Republic of)	0	0	0	42	76	0				11	27			
Ireland	197	199	167	117	180	221	247	273	290	293	421	739	763	
Israel	113	105	47	47	51	91	105	91	469	716	478	596	316	
Italy	9,084	9,183	8,214	10,285	10,703	10,302	9,877	11,748	9,285	11,228	11,482	10,805	9,493	
Jamaica	0	0	0	0	0	0	0	0	0	0	0	1		
Japan	11,281	6,280	7,161	7,570	10,111	8,920	8,349	11,229	11,487	9,581	12,133	15,501	15,376	
Jordan	0	0	0	0		0	3	4	41	28	23	30	14	
Kazakhstan	5	0	0	0	0	1	2	28	136	152	34	130	120	
Kenya	0	1	7	63	63	1	0	22	1	5	37			
Korea, Republic of	1,215	995	1,121	798	778	936	607	968	1,063	905	2,237	1,738	1,537	
Kuwait	41	151	127	129		103	48	1,105						
Kyrgyzstan	0	0	0	0	0	0	0	0	7	0	0	0		
Latvia	1	4	6	6	57	26	28	9	13	27	19	13	29	
Lebanon	54	23	34	116	46	17	124	541	436	435	666	794	564	
Lithuania	8	17	44	12	6	17	42	28	28	27	31	27	38	
Luxembourg	180	105	31	21	6	15	67	208	197	147	100	34	23	
Macao, China	5	4	0	0	0	23	2	26	9	19		16		
Macedonia, The Former Yugoslav Republic of	0	2	0	0	0	2	0		15	4	0	3	0	
Madagascar	0	0	0	2	0	5	3	20	0	22	0	0	5	
Malawi	3	0	0	0	0	0	7	4	0	33	0	9	15	
Malaysia	321	237	164	282	312	341	449	1,975	2,534	749	1,959	1,280	437	
Maldives	0	16	2	4	5	13	2	8	28	9	10	17	343	
Mali	0	0	3	3	0	9	0	0		0	0	0		
Malta	0	1	1	0	0	7	1	2	3	2	22	62	18	
Mauritania	0	0	0	0	39		6	0	0	0	16	0		
Mauritius	0	0	0	21	35	8	5	23	109	5	5	16	29	
Mayotte	0	0	0	0	0	0	3	0	0					
Mexico	996	1,826	1,361	986	1,655	1,531	2,189	1,419	1,013	1,251	1,649	2,089	2,326	
Mongolia	0		0	2	1	2	23						72	
Montenegro						0	0	33	10	0	2	3	6	
Morocco	0	1	0	1	6	5	8	28	75	10	164	47	61	
Mozambique	0	0	0	16	0	0	0	0	0	0	0	0	10	
Namibia	4	0	0	0	1	0	0	0	0	0	0	2	35	
Netherlands	4,382	3,458	4,193	4,421	3,652	3,351	4,090	4,585	4,853	4,471	5,442	6,735	8,062	
New Caledonia	4	2	19	20	51	14	35	49	62	32	52	79	134	
New Zealand	269	377	360	435	449	615	736	668	630	1,188	615	636	569	
Nicaragua	0	39	0	1	0	0	0	0	0	2	6	0	12	
Nigeria	992	1,437	344			658	5,749	475	0	8	0	0		
Norway	363	440	417	633	492	549	655	991	870	840	1,437	1,417	1,934	
Oman	42	5	82	0	0	0	0	3	10	3	6	2	24	
Pakistan			1,961	3,710	3,558	4,023	1,518	1,450	835	1,347	1,985	1,629	636	
Panama	0	0	0		0	0	0	0	0	3	20			
Papua New Guinea	0	0	0	0							20	19		
Paraguay	0	0	0	2	1	1	0	0	0	0	0	0	0	
Peru	32	6	7	4	11	14	8	30	32	40	27	117		
Philippines	219	192	251	15	164	971	1,961	3,647	918	722	1,710	1,032	8	
Poland	483	399	102	415	277	348	461	558	357	435	228	353	175	
Portugal	585	568	5,703	502	5,917	363	9,701	8,679	624	325	241	380	339	
Qatar	36	67	15	13	187	261	260	918	1,696	1,302	1,069	1,059	988	
Republic of Moldova	0	0	0	0	0	2	0	0	1	1	0	0	7	
Romania	5	2	0	42	1	56	48	128	62	29	19	30	86	
Russian Federation	738	125	147	174	261	339	712	1,269	531	835	2,030	1,275	999	
Rwanda	0	0	7	0	0	0	0	7	18	1	0	2	0	
Saint Vincent and the Grenadines	0	0	0	0	0	0	0	0	0	1	0	1		
Samoa	0	0	0	0	0	0	5	1	0	0	3	0	6	
Saudi Arabia	70	47	132	90	71	154	158	1,546	931	122	0	227		
Senegal	0	1	0	0	0	0	0	0	0	0	0	0	0	
Serbia					14	26	95	272	179	50	39	37	20	
Serbia and Montenegro	1	14		26										
Seychelles	0	0	0		0	0		113						
Singapore	9,410	4,088	3,527	2,558	2,031	2,836	1,432	3,264	3,137	3,154	2,862	4,719	5,072	
Slovakia	73	105	139	70	259	92	91	243	586	489	191	185	148	
Slovenia	341	425	353	188	385	154	339	188	319	352	151	257	358	
Solomon Islands								0	0	11	0			
South Africa	120	100	101	227	302	2,024	612	1,125	717	966	1,117	1,073	832	
Spain	4,593	3,946	3,990	4,876	4,792	4,672	5,253	5,475	3,328	3,502	3,672	3,674	2,994	
Sri Lanka	9	188	9	78	111	72	75	3,566	5,666	138	309	162		
Sudan (North + South)	0	8	0	8	0	0		3,350	262	5	0			
Sweden	682	803	580	1,612	959	1,072	846	1,257	915	1,023	1,938	1,066	1,254	
Switzerland	5,633	3,649	4,303	7,768	4,716	5,018	6,398	6,767	6,150	5,521	5,158	6,734	8,380	
Syrian Arab Republic	0	0	0	0	0	0	0	0	25	1				
Taipei, Chinese	1,185	738	660	619	1,013	866	820	1,061	1,160	1,147	1,529	1,824	1,979	
Tanzania, United Republic of	0	6	0	1	3	0	33	14	1	6	4	1	0	
Thailand	754	348	1,361	1,842	1,201	503	719	348	616	341	1,293	615	522	
Timor-Leste				0	18									
Togo	46	24	0	0	0		15	7	0	0	0	0	0	
Trinidad and Tobago	0	0	0	0	4	0	4	4	0	0				
Tunisia	0	26	7	24	7	23	28	0	0	0	2	4	3	
Turkey	1,063	1,795	4,017	4,532	4,006	7,489	6,579	14,412	3,436	9,616	10,696	11,513	12,623	
Uganda	0	0	0	1	0	0	0	63	1	0	2	41	26	
Ukraine	20	9	37	34	53	194	58	76	75	93	170	58	82	
United Arab Emirates					619		1,397	5,011						
United Kingdom	15,548	16,388	16,391	19,895	18,514	20,829	19,685	20,039	19,373	21,093	25,629	21,379	23,947	
United States of America	217,882	165,645	186,168	156,147	120,473	108,153	97,499	92,302	59,945	66,160	83,872	89,540	83,418	
Uruguay	0	0	0	1	3	4	9	0	3	4	4	4	32	
Venezuela	9	31	0	0	0	0		0	0	11	0	0	5	
Viet Nam	28	83	85	213	173	149	241	0	0	0	0	189		
Yemen				0	0	0	0	0	105	0	0	0		
Zambia	0	4	0	0	0	1	3	1	6	1	0	0	0	
Zimbabwe	0	0		0	0	0	1	0	1	1	0	0	52	
