List of importing markets for a product exported by Bolivia (Mirror) Product: TOTAL All products
"Importers"	"Exported value in 2001"	"Exported value in 2002"	"Exported value in 2003"	"Exported value in 2004"	"Exported value in 2005"	"Exported value in 2006"	"Exported value in 2007"	"Exported value in 2008"	"Exported value in 2009"	"Exported value in 2010"	"Exported value in 2011"	"Exported value in 2012"	"Exported value in 2013"	
Total	1,072,152	1,190,328	1,499,203	2,104,301	2,363,022	3,427,669	3,564,234	5,819,248	4,365,384	5,993,638	7,753,132	10,015,935	10,436,652	
Albania	1	0	0	0	0	0	0	0	129	13	5	11	2	
Algeria	0	0	5	26	70	359	67	8,002	2	20	6,411	96	205	
Andorra	0	2	9	1										
Antigua and Barbuda					9		2		11	0	0	0	1	
Argentina	20,575	15,937	22,989	138,670	299,130	322,613	220,917	148,827	212,689	350,467	629,204	1,415,699	1,731,261	
Armenia	0	0	0	0	0	0	0	0	10	0	12	8	16	
Aruba					52				0	0	0	0		
Australia	940	1,161	2,532	2,369	3,547	4,718	4,166	6,153	6,775	9,450	13,530	13,390	21,964	
Austria	3,736	1,791	2,787	2,668	4,564	7,370	9,177	8,023	3,973	4,761	7,058	7,113	6,359	
Azerbaijan	0	0	0	0	0	0	0	0	1	0	9	0		
Bahamas	0	16	59	28	0	0	0	0	0	0	0	0		
Bahrain	1	20	0	0	11	0	0	1	0	0	4			
Bangladesh	0	132	0	296	832	155	0							
Barbados	102	131	9	129	145	661	833	53	268	31	153	37	3	
Belarus	5	23	16	7	16	18	68	235	294	457	389	688	614	
Belgium	2,710	4,898	1,458	13,970	23,120	7,931	40,329	73,772	52,246	117,575	157,922	74,305	146,633	
Belize	0	4	13	3	60	0	7	11	14	8	35	19	27	
Benin	0	0	7	0	0	3	0	0	0	8	22	0	43	
Bermuda												1	2	
Bolivia	0	0	0	0	0	0	0	404	0	0	0	0		
Bosnia and Herzegovina			1	8	2	8	27	33	59	64	82	45	28	
Botswana	0	0	5	0	17	0	0	0	0	0	0	0	0	
Brazil	256,145	395,830	520,432	713,361	989,774	1,448,379	1,601,146	2,857,880	1,649,751	2,233,080	2,863,361	3,431,044	3,937,744	
Brunei Darussalam	1	0	0	0		0				0	0	11	92	
Bulgaria	12	18	2	1	3	39	37	668	3	0	27	39	4	
Cabo Verde	50	0	0	0	0	0	0		0	0	0	0	0	
Cambodia	0	0	1	0	0	0	0	0	0	0	0	0		
Cameroon	0	0	0	0	0	0	0	108	81	2	0	0		
Canada	6,779	9,106	8,895	17,807	20,488	43,268	98,733	72,643	79,974	139,094	240,300	250,787	226,523	
Chile	24,751	22,382	42,113	53,576	38,649	60,179	55,945	63,744	65,070	79,488	126,751	238,419	141,057	
China	9,515	12,081	6,880	29,548	31,053	46,495	56,356	150,602	125,494	189,086	274,535	324,195	280,405	
Colombia	131,210	139,917	198,373	175,446	191,706	117,191	143,079	229,044	244,961	268,832	167,038	280,569	547,740	
Comoros	0	0	0	0	0	0	0	0	4					
Congo							5	0	0	0	0	0	0	
Costa Rica	273	561	111	267	217	195	3,966	3,397	3,214	2,661	2,636	4,584	3,253	
Côte d'Ivoire	0	0	0	0	4	26	0	0	13	2	67	38		
Croatia	10	12	51	88	64	37	78	178	251	200	202	248	28	
Cuba	31	10	50	44	90	20								
Cyprus	8	8	7	0	0	7	23	0	49	0	11	0	0	
Czech Republic	227	136	176	421	317	1,503	1,069	1,054	799	2,972	2,226	3,457	2,703	
Denmark	825	174	1,145	534	530	1,783	1,228	1,089	1,207	1,060	1,492	2,295	5,859	
Dominican Republic	268	740	1,173	1,262	1,819	3,030	3,818	2,854	10,457	6,654	4,191	4,034	11,976	
Ecuador	21,060	6,025	44,961	31,311	2,636	5,564	9,028	18,375	12,152	19,537	163,492	30,708	198,271	
Egypt	763	1,390	578	335	345	237	260	344	331	349	243	81	606	
El Salvador	16	7	231	2,269	277	307	90	662	813	616	280	327	253	
Estonia	17	11	31	12	176	97	59	57	5	9	30	26	140	
Ethiopia	0	6	2	0	39	28	0	1	0	0	1	0		
Faroe Islands	0	0	0	0	0	0	1	2	3					
Finland	45	56	1,062	296	1,311	162	194	220	110	161	194	171	145	
France	30,821	17,934	7,602	15,023	13,023	18,534	21,251	40,017	57,590	86,573	45,430	108,778	110,460	
French Polynesia	1	0	1	2	2	10	7	5	3	13	12	11	11	
Gabon	17	0	1	0	0	42	3	0	32					
Georgia	0	0	0	0	0	0	0	0	0	0	0	0	0	
Germany	11,283	10,793	11,987	19,432	27,708	31,200	28,985	111,474	113,513	100,165	139,231	109,469	135,828	
Ghana	6		0		0	0	0	7	0	0	3	24		
Greece	44	59	114	25	68	11	229	254	299	198	14	514	135	
Greenland	0	0	4	0	0	0	0	4	5	4	3	4	2	
Guatemala	130	57	2,796	319	340	130	433	99	3,304	146	324	180	173	
Guinea	8	0		0	0	23	0	46		0	0	0		
Guyana	17	1	29	30	0	7	7	8	0	0	47	310	106	
Honduras	62	165	240	685	559	188	901	301	162	250	364	108	5,928	
Hong Kong, China	398	1,144	2,819	2,695	3,426	3,174	2,846	3,552	3,097	3,876	3,906	2,779		
Hungary	45	72	68	21	0	0	83	19	0	5	5	23	24	
Iceland	3	13	0	4	11	19	21	15	136	32	71	67	109	
India	6,333	1,039	1,841	705	538	2,321	3,656	5,911	4,589	5,872	5,409	3,332	6,393	
Indonesia	173	23	106	78	248	43	94	910	1,072	472	311	1,166	135	
Iran (Islamic Republic of)	0	0	0	0	0	0				3,122	232			
Ireland	89	88	149	52	54	84	85	291	423	1,056	623	1,139	1,176	
Israel	309	323	261	558	948	1,446	1,528	1,953	2,763	3,018	3,567	3,405	5,816	
Italy	14,958	19,558	17,767	22,467	22,578	34,081	42,947	54,402	42,663	44,863	48,423	39,144	85,792	
Jamaica	33	88	118	41	87	0	0	358	0	23	29	0		
Japan	28,663	39,265	26,473	87,482	80,407	183,185	274,333	247,391	210,791	291,030	351,534	273,969	341,737	
Jordan	3	0	0	0		0	0	0	23	1	2	0	4	
Kazakhstan	0	0	2,077	1	0	1	53	43	808	53	1,485	1,412	460	
Kenya	0	0	0	1	2	0	24	0	1	0	0			
Korea, Republic of	13,362	8,133	23,121	43,067	34,158	161,641	182,013	202,540	66,185	213,861	482,470	274,584	290,260	
Kuwait	0	12	14	43		95	125	26						
Kyrgyzstan	0	0	0	0	0	0	0	0	18	0	0	0		
Latvia	0	43	241	49	55	62	384	185	66	137	127	158	72	
Lebanon	83	35	72	99	22	5	37	8	217	336	521	293	360	
Libya							58	0	0	0				
Lithuania	167	141	321	0	196	285	330	876	298	96	159	402	796	
Luxembourg	0	0	0	102	105	0	0	41	52	331	247	51	361	
Macao, China	0	0	0	0	9	5	14	17	24	7		21		
Macedonia, The Former Yugoslav Republic of	8,594	5,883	3,813	2	8	2	0		30	14	19	12	53	
Madagascar	0	0	5	1	206	0	0	0	0	0	0	1	5	
Malawi	8	0	0	0	19	0	0	0	0	0	0	0	0	
Malaysia	4,022	4,574	4,786	5,600	3,348	808	1,228	934	2,476	2,944	8,231	3,851	21,135	
Mali	0	0	0	26	0	0	0	0		287	20	0		
Malta	204	36	66	44	0	0	0	0	40	40	40	0	0	
Mauritania	0	0	0	0	0		0	0	0	0	5	0		
Mauritius	0	3	1	1	0	5	98	19	10	19	45	3	4	
Mayotte	0	0	0	0	1	0	5	1	1					
Mexico	13,993	23,595	29,437	30,948	29,945	38,951	58,666	54,522	44,724	44,789	45,205	44,318	31,680	
Montenegro						0	32	3	8	25	57	35	19	
Morocco	14	1,197	6	72	0	70	92	243	263	86	140	163	330	
Mozambique	0	0	0	0	0	7	50	0	8	17	37	164	145	
Namibia	0	0	0	2	0	0	0	17	0	0	0	0	0	
Nepal			5						3	3	0			
Netherland Antilles					12	79	10	30						
Netherlands	5,753	9,851	12,927	19,753	16,750	32,203	35,035	61,076	44,191	100,298	75,689	119,335	162,900	
New Caledonia	0	0	3	1	6	3	2	6	9	10	43	72	22	
New Zealand	585	521	435	384	364	694	778	874	1,085	1,539	2,728	1,735	2,081	
Nicaragua	17	145	38	48	206	116	117	328	179	184	377	2,347	3,878	
Niger	0	0	0	0	0	0	0	0	0	0	3	0	0	
Nigeria	171	243	20			585	0	2,940	5,155	85,274	107,255	55,276		
Norway	98	175	143	285	1,121	1,070	1,546	1,845	1,810	1,486	3,118	2,093	2,627	
Oman	2	59	0	0	0	0	4	0	1,816	0	0	0	0	
Pakistan			18	38	91	134	248	257	31	0	1	53	1,308	
Palestine, State of							1,204	341	0	5	0	1		
Panama	38	1	35		63	388	314	5,617	1,543	387	889			
Papua New Guinea	0	0	2	15							0	56		
Paraguay	3,472	3,590	3,006	9,215	12,718	26,387	26,834	54,007	19,812	17,491	25,977	29,620	43,933	
Peru	50,393	60,140	66,306	125,502	108,312	119,085	152,703	247,835	277,082	310,447	288,076	503,653		
Philippines	0	0	9	0	0	0	0	0	1	4	376	1	0	
Poland	0	620	30,666	391	247	644	1,517	1,459	1,705	6,068	1,411	14,435	15,943	
Portugal	460	419	360	470	304	556	683	1,072	641	2,099	1,937	1,447	14,673	
Qatar	0	0	0	0	0	0	43	24	57	175	114	141	130	
Republic of Moldova	0	0	0	0	0	1	0	0	7	1	7	13	9	
Romania	204	2,587	33	116	89	80	73	1,641	2,082	1,187	338	1,004	5,362	
Russian Federation	121	652	2,264	2,273	4,217	2,438	4,249	4,896	5,748	11,307	14,824	13,588	10,396	
Rwanda	0	13	28	4	0	0	2	0	7	0	0	4	0	
Saint Lucia	14	0	0	14	0	0	0	0						
Saint Vincent and the Grenadines	0	0	0	4	0	20	0	6	9	0	0	10		
Samoa	0	0	0	0	0	0	0	0	0	0	0	0	0	
Saudi Arabia	213	458	30	26	137	51	87	0	364	0	292	142		
Senegal	0	0	0	0	0	0	6	0	0	60	0	0	0	
Serbia					92	183	198	383	344	750	453	432	402	
Serbia and Montenegro	2	16		37										
Seychelles	0	0	0		1	0		0						
Singapore	9,148	1,784	0	0	0	0	0	0	0	0	24,587	25,815	25,576	
Slovakia	44	30	46	91	27	30	200	330	209	249	287	378	3,029	
Slovenia	64	32	80	139	231	255	405	332	263	164	576	345	649	
South Africa	97	202	422	588	364	1,825	17,747	1,521	717	4,487	1,121	1,843	2,022	
Spain	13,467	9,649	12,663	20,447	23,136	23,610	28,186	74,253	55,771	69,772	69,689	99,427	66,974	
Sri Lanka	0	0	33	124	11	6	0	96	1,041	0	0	0		
Sudan (North + South)	0	141	0	0	0	0		216	215	78	0			
Suriname	33			0	64	73	10		1	0	0			
Swaziland	0	0	0	0	0	0	0							
Sweden	842	1,072	245	311	829	438	793	1,228	837	1,209	1,206	2,413	1,325	
Switzerland	851	727	1,195	1,154	1,337	2,400	1,178	2,433	2,054	3,368	2,938	8,299	4,398	
Syrian Arab Republic	0	0	0	0	371	135	0	0	2,507	79				
Taipei, Chinese	156	60	140	366	695	1,172	1,145	1,046	1,241	2,503	1,735	1,076	3,001	
Tanzania, United Republic of	0	0	0	0	0	0	1	0	7	0	1	0	0	
Thailand	1,182	583	2,940	1,485	1,885	1,703	1,268	2,074	938	809	1,789	3,444	23,147	
Togo	0	5	3	0	77		12	0	0	0	0	0	0	
Trinidad and Tobago	137	25	256	45	75	30	58	9	51	35				
Tunisia	0	2	1	0	1	25	247	1	26	26	136	19	8	
Turkey	177	2	163	978	254	110	1,918	4,207	910	1,613	3,268	5,798	1,889	
Uganda	0	0	0	0	0	2	0	0	0	3	0	0	0	
Ukraine	10	15	34	20	27	50	127	112	1,129	1,196	1,537	1,257	526	
United Arab Emirates					140		96	354						
United Kingdom	17,992	18,851	18,667	31,315	37,998	31,640	34,427	40,346	27,370	42,661	52,561	38,324	46,915	
United States of America	173,146	166,769	191,981	273,082	307,730	377,619	376,821	526,008	522,530	692,094	916,563	1,658,537	1,298,296	
Uruguay	1,126	554	745	1,080	1,196	1,354	2,615	3,374	3,346	7,111	8,197	7,849	11,999	
Venezuela	178,202	163,476	160,761	200,070	12,699	251,570		401,743	351,177	396,411	342,772	463,317	379,766	
Viet Nam	16	0	0	0	0	87	0	0	0	0	0	0		
Yemen				0	1	0	1	0	2,456	577	0	0		
Zambia	0	0	0	0	0	0	0	0	0	0	0	1	2	
Zimbabwe	0	0		0	0	0	0	0	0	0	0	0	0	
