List of importing markets for a product exported by Czech Republic (Mirror) Product: TOTAL All products
"Importers"	"Exported value in 2001"	"Exported value in 2002"	"Exported value in 2003"	"Exported value in 2004"	"Exported value in 2005"	"Exported value in 2006"	"Exported value in 2007"	"Exported value in 2008"	"Exported value in 2009"	"Exported value in 2010"	"Exported value in 2011"	"Exported value in 2012"	"Exported value in 2013"	
Total	32,410,876	37,438,046	48,566,368	58,091,053	67,369,228	83,616,870	108,529,254	129,765,449	103,369,593	119,728,899	144,880,038	138,870,840	145,243,162	
Albania	6,275	5,443	13,366	20,747	25,619	32,599	32,732	43,735	61,164	64,948	80,059	51,302	38,959	
Algeria	39,125	35,456	48,735	80,517	123,970	143,184	136,605	132,183	189,702	184,852	170,983	208,251	239,936	
Andorra	920	778	981	1,251										
Anguilla	1	0	0											
Antigua and Barbuda					0		2		11	9	19	25	11	
Argentina	16,549	12,745	21,929	38,610	6,319	60,682	63,671	74,616	70,714	138,959	162,633	156,915	163,816	
Armenia	1,914	2,566	3,289	1,970	7,575	8,602	15,855	22,706	15,075	18,371	23,972	20,221	20,473	
Australia	36,391	58,266	78,665	111,625	136,601	152,260	188,776	316,381	184,973	236,317	382,579	440,028	614,608	
Austria	1,898,090	2,110,867	2,975,812	3,509,508	3,964,239	4,194,609	4,989,566	6,224,037	4,843,700	5,707,191	7,044,523	6,709,608	7,472,772	
Azerbaijan	2,046	1,911	9,832	5,274	17,632	25,485	19,504	21,347	27,927	37,781	102,678	98,223		
Bahamas	1	19	214	10	44	6	2	9	0	4	1	1		
Bahrain	967	3,861	4,139	3,875	5,308	2,519	7,400	12,889	8,729	15,366	14,061			
Bangladesh	1,499	1,686	3,221	12,864	10,735	16,057	19,235							
Barbados	1,183	1,090	1,311	1,507	859	768	423	357	483	192	180	198	583	
Belarus	57,192	54,227	74,480	111,091	99,364	139,221	197,314	336,014	238,304	317,084	353,460	437,336	494,006	
Belgium	749,714	711,845	932,333	1,515,684	1,912,831	2,523,309	2,999,959	3,540,739	2,767,695	3,109,746	4,036,805	3,847,237	4,525,811	
Belize	1	14	47	7	129	53	160	150	204	49	52	124	380	
Benin	955	483	455	232	80	285	1,007	2,524	2,940	4,555	7,821	3,947	7,354	
Bermuda												99	28	
Bhutan					0	0	0	35	0	213	0			
Bolivia	923	1,020	589	660	1,064	1,441	1,651	1,860	2,035	3,285	5,040	3,813		
Bosnia and Herzegovina			0	0	144,631	204,030	212,247	220,480	172,262	185,998	232,535	178,389	167,219	
Botswana	0	141	8	30	7	33	220	100	42	274	382	732	393	
Brazil	52,342	54,748	65,311	110,086	215,820	237,484	274,655	378,370	330,600	459,742	547,772	541,974	597,340	
Brunei Darussalam	27	70	15	56		6,963				0	143	953	334	
Bulgaria	116,437	124,115	176,865	244,034	264,029	343,484	513,499	703,509	644,367	484,482	562,832	630,395	701,337	
Burkina Faso	266	641	367	127	0		1,714	1,711	842	2,874	3,593	6,269		
Burundi	81	48	0	0	9	46	68	56	35	105	0	972	82	
Cabo Verde	58	41	0	2	15	21	245		534	398	715	247	486	
Cambodia	72	4	3	1	8	406	292	204	1,036	77	59	54		
Cameroon	3,891	3,403	2,989	3,314	4,377	3,866	3,680	7,346	7,946	7,686	4,868	6,707		
Canada	106,965	113,485	126,464	181,777	250,853	301,227	297,335	350,243	236,709	309,778	376,833	411,587	434,089	
Central African Republic	0	30	24			0	96	107	325	117	117	34	12	
Chile	6,956	9,366	8,161	14,125	20,692	28,269	24,179	29,599	104,691	32,505	41,759	74,835	51,451	
China	92,246	154,605	297,219	442,243	371,779	516,703	830,799	1,002,704	1,131,849	1,727,987	2,318,996	2,406,877	2,613,074	
Colombia	9,209	10,555	10,751	39,561	15,922	16,151	21,813	19,606	17,815	22,322	36,961	38,692	49,597	
Comoros	2	0	0	0	0	0	0	0	0					
Congo							61	11	1	1	65	166	488	
Costa Rica	1,078	1,207	1,470	939	2,090	1,178	2,800	2,144	1,445	2,521	2,705	3,168	3,511	
Côte d'Ivoire	2,398	5,293	0	4,247	8,684	7,947	5,091	6,557	14,393	6,836	9,097	16,203		
Croatia	209,303	266,247	352,897	395,819	434,810	484,799	558,348	631,313	424,099	383,045	438,284	376,613	485,601	
Cuba	10,412	14,819	14,331	22,478	28,526	37,923								
Cyprus	7,026	9,491	11,758	12,033	11,212	15,563	28,163	27,042	16,044	29,628	38,064	27,831	20,605	
Czech Republic	0	0	0	0	1,483	0	0	412	0	0	410	799	2	
Denmark	187,917	209,946	269,515	364,296	563,725	779,211	952,235	1,065,580	907,323	950,955	1,154,667	1,158,746	1,338,529	
Dominica	0	0	0	0	0	0	0	2	0	0	0	1		
Dominican Republic	8,609	0	58	194	8	3	42	42	8	1,389	36	5,025	7,032	
Ecuador	6,136	1,000	6,565	7,517	1,977	2,758	3,758	4,460	1,679	3,872	16,266	3,715	20,586	
Egypt	28,350	21,524	84,612	60,813	81,827	53,547	194,981	174,703	131,759	198,281	201,173	313,260	343,413	
El Salvador	5,978	1,435	1,451	1,419	8,608	4,835	30,816	61,224	42,044	69,573	53,854	45,330	52,720	
Eritrea			37											
Estonia	74,020	46,603	74,011	92,135	98,702	139,588	165,714	179,210	120,528	140,824	216,726	209,682	202,152	
Ethiopia	1,168	3,041	3,153	78	2,086	1,750	11,989	8,259	8,472	7,642	14,151	9,385		
Faroe Islands	251	233	362	576	1,374	2,714	9,115	1,639	1,285					
Fiji		164	137	155	580	77	96	58	29	36	60	64		
Finland	255,068	243,593	277,500	308,107	458,061	494,275	692,916	900,618	655,091	709,188	893,493	743,881	801,732	
France	1,372,056	1,623,850	1,960,909	2,534,229	3,982,711	5,154,866	6,214,037	6,891,627	5,875,979	6,640,401	8,130,847	7,141,373	7,386,250	
French Polynesia	741	591	1,419	1,483	1,681	0	0	0	0	2,816	3,088	0	2,936	
Gabon	693	0	295	191	431	1,006	98	692	19					
Gambia	62	0	0	0	0	0	0	0	0	10	11			
Georgia	2,886	5,177	5,777	8,759	16,543	34,124	42,989	59,396	45,985	57,649	91,855	82,882	75,853	
Germany	12,847,280	15,175,701	19,829,945	21,146,714	21,989,153	27,476,980	35,983,602	41,717,491	34,757,452	39,246,108	45,898,399	42,726,948	43,922,790	
Ghana	631		976		762	2,566	2,532	761	156	2,023	4,186	6,427		
Greece	144,538	169,536	248,154	234,061	240,497	303,443	393,513	448,856	429,545	311,187	278,213	237,987	277,344	
Greenland	0	3	619	42	0	709	82	719	990	2,246	2,478	575	1,461	
Grenada	59	40	7	0	0	0	57	14						
Guatemala	2,464	2,702	0	2,608	4,455	1,132	4,602	1,914	4,850	823	1,874	650	1,201	
Guinea	547	479		169	131	276	0	0		195	177	247		
Guyana	133	124	81	33	45	143	61	152	37	115	351	66	308	
Honduras	27	330	1,277	1,938	889	1,116	1,279	2,239	1,145	2,647	4,308	3,983	4,043	
Hong Kong, China	86,284	108,845	127,565	139,207	177,660	172,226	183,375	201,524	219,819	234,955	316,288	303,353		
Hungary	714,781	871,549	1,147,352	1,723,855	1,889,216	2,402,796	3,374,424	4,122,512	2,613,594	2,831,555	3,469,640	3,255,051	4,091,667	
Iceland	7,190	8,608	18,051	25,588	39,886	45,281	59,279	39,360	14,336	21,857	28,764	36,275	48,688	
India	37,723	73,030	99,914	158,618	223,743	339,073	371,232	568,870	480,945	622,179	727,091	700,326	546,886	
Indonesia	12,447	18,548	22,344	23,483	33,660	28,053	61,267	61,197	47,788	72,646	94,301	119,029	171,593	
Iran (Islamic Republic of)	75,458	26,776	30,361	34,017	61,920	0				26,575	36,684			
Ireland	110,304	134,282	163,929	137,302	221,589	359,087	386,492	276,462	167,117	255,346	349,376	425,565	439,596	
Israel	54,202	75,841	76,905	104,214	96,544	111,460	136,470	165,859	188,094	268,093	389,287	516,664	558,721	
Italy	1,250,501	1,451,492	1,843,491	2,230,351	3,012,288	3,951,536	5,467,264	6,153,657	4,656,806	5,948,068	6,819,141	5,828,249	5,906,522	
Jamaica	508	1,127	507	150	97	241	96	17	346	62	15	203		
Japan	172,438	181,928	214,632	274,599	391,071	423,370	480,902	527,273	425,292	536,359	631,551	738,952	797,998	
Jordan	11,421	14,422	15,041	17,763		14,267	13,962	23,414	25,621	51,462	31,940	39,329	35,702	
Kazakhstan	46,011	53,229	37,493	99,056	95,698	125,563	172,589	185,543	179,223	166,811	163,277	248,925	330,302	
Kenya	1,712	2,465	10,139	2,760	3,816	3,449	4,802	12,314	15,254	23,668	34,995			
Korea, Republic of	98,728	100,238	104,623	108,257	149,867	258,806	369,147	394,546	337,218	328,789	501,424	572,440	557,479	
Kuwait	13,742	24,611	33,055	38,559		47,666	73,584	83,006						
Kyrgyzstan	1,922	1,932	1,771	2,478	1,714	2,446	4,018	4,560	4,752	4,646	6,749	9,368		
Latvia	49,689	55,812	73,361	104,760	121,739	200,742	282,661	237,056	136,981	163,093	227,588	236,970	234,282	
Lebanon	39,368	40,112	42,837	39,992	37,324	33,448	38,251	47,876	46,976	62,977	78,544	72,889	80,137	
Libya							382	8,202	1,759	15,117				
Lithuania	86,015	99,376	146,901	189,996	231,225	277,309	382,512	462,789	342,327	332,397	383,677	453,973	547,413	
Luxembourg	56,903	61,437	71,559	59,079	76,439	97,643	108,795	159,137	115,862	139,051	200,506	144,167	117,941	
Macao, China	126	5,519	146	179	409	294	640	258	408	195		1,250		
Macedonia, The Former Yugoslav Republic of	10,732	9,032	11,928	17,463	23,345	32,789	64,191		51,888	51,343	60,511	71,535	90,751	
Madagascar	1,012	375	1,007	957	3	800	1,415	1,318	94	256	2,463	1,819	3,603	
Malawi	1	24	48	135	72	260	24	68	40	360	521	436	1,504	
Malaysia	21,402	36,916	36,651	54,772	59,730	57,486	61,805	65,723	52,884	82,406	111,369	112,712	172,491	
Maldives	27	2	8	13	22	39	690	365	266	217	596	5,983	20,548	
Mali	1,206	276	471	1,016	578	1,606	369	978		1,408	922	1,651		
Malta	5,103	6,750	7,466	8,400	5,370	9,975	14,585	9,567	7,327	11,643	27,779	12,389	10,387	
Mauritania	11	2	5	2	8		1	0	0	360	24	39		
Mauritius	758	1,147	1,291	2,373	3,184	3,165	4,221	3,787	3,758	7,939	8,897	10,278	9,927	
Mayotte	27	125	98	44	124	268	474	1,166	575					
Mexico	71,954	70,463	84,448	172,122	243,785	294,978	338,499	390,681	318,465	432,023	542,017	668,174	842,457	
Mongolia	7,024		5,751	4,550	5,103	5,944	6,342						16,133	
Montenegro						29,161	47,638	48,153	28,558	20,950	27,723	23,611	15,951	
Montserrat	0	2	0	0	0	0	0	12	0			0	0	
Morocco	16,546	17,106	29,254	44,303	58,447	66,675	69,461	108,764	89,946	102,835	129,045	124,417	178,165	
Mozambique	14	258	58	244	338	453	139	27	370	1,401	281	338	1,748	
Myanmar										378				
Namibia	263	100	62	109	614	211	250	754	7,122	1,194	1,077	962	917	
Nepal			642						1,258	2,163	3,576			
Netherlands	833,447	788,462	1,312,767	1,963,863	2,095,159	2,404,770	3,096,406	5,453,839	5,291,308	6,026,452	7,290,264	7,186,465	6,344,273	
New Caledonia	493	795	1,021	882	1,495	1,442	1,964	2,408	3,989	3,135	9,786	7,698	6,564	
New Zealand	5,379	12,331	14,952	17,616	23,204	20,196	23,856	42,979	40,648	37,007	42,910	57,450	65,958	
Nicaragua	179	151	298	215	177	390	415	542	544	1,004	1,816	1,288	1,763	
Niger	14	261	757	363	112	290	219	486	499	870	1,316	1,210	1,656	
Nigeria	1,835	1,356	3,418			2,377	15,559	2,633	0	0	0	1,040		
Norway	171,079	251,093	259,689	359,567	403,463	491,048	750,802	776,855	675,822	767,030	926,172	905,184	969,446	
Oman	639	619	3,126	2,864	6,447	10,465	21,412	5,564	7,514	15,504	35,214	26,432	2,715	
Pakistan			3,360	8,420	11,343	18,764	34,253	62,102	27,847	17,321	23,101	18,887	22,474	
Palestine, State of							6,641	6,081	11,005	14,634	16,120	9,880		
Panama	1,197	1,519	1,844		1,627	3,596	3,279	4,312	2,629	2,215	4,111			
Papua New Guinea	0	6	9	0							333	1,136		
Paraguay	795	744	325	372	328	807	820	1,177	1,899	3,203	3,863	3,171	5,215	
Peru	7,518	7,710	7,277	8,380	16,214	12,272	16,690	23,631	20,842	44,012	27,375	39,277		
Philippines	3,084	5,153	14,411	23,884	63,343	86,046	99,442	84,520	74,901	115,459	128,605	76,868	97,791	
Poland	1,703,427	1,753,788	2,300,696	3,188,115	3,633,298	4,380,752	5,673,750	7,532,157	5,399,556	6,441,555	7,747,372	6,873,843	7,293,533	
Portugal	131,173	155,804	144,977	203,698	270,986	341,724	408,724	439,467	383,242	470,341	482,668	406,697	419,969	
Qatar	2,400	3,487	8,415	8,520	23,720	28,869	57,273	79,336	97,616	89,598	86,907	98,121	101,409	
Republic of Moldova	11,381	12,878	18,967	21,516	28,752	30,878	43,636	57,514	37,581	42,710	59,721	65,025	69,272	
Romania	274,995	347,932	489,987	706,514	928,696	1,263,607	1,703,816	2,076,168	1,285,532	1,475,289	1,872,326	1,762,549	1,989,357	
Russian Federation	467,200	564,072	712,469	834,636	988,669	1,529,254	2,449,692	3,612,471	2,317,000	2,904,573	4,472,914	5,363,256	5,317,861	
Rwanda	193	83	1	0	17	0	6	4	99	201	881	634	656	
Saint Kitts and Nevis	0	13	12	2	4	2	5	0	0	0	0			
Saint Lucia	19	0	0	0	1	28	7	5						
Saint Vincent and the Grenadines	0	0	0	0	11	39	14	24	37	63	14	256		
Samoa	0	0	0	1	0	0	0	1	0	0	0	0	0	
Sao Tome and Principe	0	0	0	0	0	0	0	0	0	0	0	0	0	
Saudi Arabia	57,455	72,197	59,866	86,202	133,873	111,113	193,415	248,162	263,087	304,695	324,443	361,413		
Senegal	1,423	1,467	1,744	1,580	5,417	3,212	2,522	4,881	4,716	3,862	3,624	4,071	3,803	
Serbia					193,752	213,933	307,666	368,398	269,157	317,241	423,210	389,309	440,847	
Serbia and Montenegro	90,259	127,755		223,733										
Seychelles	0	42	54		97	406		440						
Sierra Leone		13												
Singapore	48,868	66,121	116,212	169,144	99,771	99,077	115,581	162,790	111,122	125,992	184,758	232,601	255,110	
Slovakia	2,226,023	2,518,508	3,232,817	3,979,971	4,367,521	5,105,642	6,453,341	8,257,368	6,212,027	6,643,403	8,177,931	7,594,270	8,535,364	
Slovenia	261,934	288,610	368,461	418,745	428,154	442,320	592,161	716,837	540,989	633,284	774,407	655,362	733,651	
Solomon Islands								0	0	7	0			
South Africa	40,936	68,545	101,326	149,212	242,430	272,882	348,053	387,940	323,900	495,342	613,415	562,302	636,539	
Spain	631,693	754,744	1,028,662	1,346,930	1,706,091	2,051,253	2,769,034	2,725,876	2,395,915	2,929,139	3,313,690	2,930,415	3,356,018	
Sri Lanka	676	934	1,314	1,228	1,550	3,276	3,372	1,897	3,177	5,668	11,289	8,921		
Sudan (North + South)	0	1,335	2,218	3,396	4,909	8,716		2,916	3,456	4,598	4,030			
Suriname	12			51	50	82	119		290	74	174			
Swaziland	0	0	0	0	43	0	0							
Sweden	324,770	407,015	519,194	609,314	1,036,492	1,368,580	1,817,554	2,192,149	1,522,976	1,789,197	2,201,426	1,988,036	1,946,332	
Switzerland	398,433	545,230	664,105	794,126	878,238	1,113,853	1,423,662	1,684,617	1,563,031	2,049,478	2,429,144	2,365,812	2,357,341	
Syrian Arab Republic	32,202	32,082	32,596	24,657	22,345	26,248	37,926	24,241	18,451	29,243				
Taipei, Chinese	52,834	48,588	50,754	52,879	89,094	94,122	105,976	104,327	74,347	139,017	191,657	199,959	194,322	
Tanzania, United Republic of	402	544	619	1,681	5,941	2,485	1,316	1,518	5,459	4,260	1,417	10,464	2,179	
Thailand	87,046	54,715	43,107	52,173	63,696	98,202	109,923	102,976	98,781	128,451	160,484	182,687	198,659	
Togo	536	176	290	216	5		25	89	152	657	1,624	640	1,608	
Trinidad and Tobago	2,445	2,320	4,094	143	0	3,173	67	108	1,686	66				
Tunisia	10,456	12,960	21,910	21,860	28,399	49,877	44,928	67,097	74,425	92,727	102,015	76,854	67,269	
Turkey	126,872	316,618	443,937	654,592	698,561	681,659	1,169,130	1,303,955	1,027,994	1,327,672	1,755,452	2,005,341	2,627,205	
Uganda	131	1,132	696	1,317	3,486	1,147	1,209	3,529	8,017	1,178	824	1,332	1,541	
Ukraine	202,338	222,611	314,252	429,853	593,938	825,141	1,154,600	1,375,700	622,142	747,929	1,181,275	1,246,700	999,402	
United Arab Emirates					144,914		231,695	328,786						
United Kingdom	1,570,946	1,846,724	2,316,651	2,380,056	2,977,371	4,552,512	5,943,612	6,719,800	5,428,482	6,183,515	6,894,650	6,881,719	7,136,533	
United States of America	1,172,887	1,293,242	1,458,591	1,842,701	2,305,524	2,455,487	2,525,102	2,666,473	1,978,431	2,545,791	3,452,868	4,042,521	4,048,405	
Uruguay	1,623	587	728	1,309	3,203	1,850	4,725	3,605	6,329	9,381	14,949	13,911	8,073	
Vanuatu						2	0		2	4	1			
Venezuela	6,900	4,288	2,940	2,562	2,523	8,904		13,790	4,273	4,146	8,656	16,436	7,088	
Viet Nam	7,615	8,841	14,156	14,386	15,898	22,034	23,099	23,037	35,875	70,349	36,506	62,062		
Yemen				3,879	9,560	10,892	4,345	9,142	2,138	819	1,941	1,790		
Zambia	896	350	240	925	1,032	196	343	976	2,415	3,050	4,074	764	1,296	
Zimbabwe	136	1,080		217	94	120	143	206	105	433	1,407	407	2,448	
