List of importing markets for a product exported by Angola (Mirror) Product: TOTAL All products
"Importers"	"Exported value in 2001"	"Exported value in 2002"	"Exported value in 2003"	"Exported value in 2004"	"Exported value in 2005"	"Exported value in 2006"	"Exported value in 2007"	"Exported value in 2008"	"Exported value in 2009"	"Exported value in 2010"	"Exported value in 2011"	"Exported value in 2012"	"Exported value in 2013"	
Total	6,747,580	7,941,646	9,318,801	12,768,618	22,086,059	31,982,862	41,694,931	67,747,255	40,176,489	53,442,013	66,230,897	74,658,798	70,980,070	
Albania	0	0	0	0	0	0	0	0	0	0	0	0	0	
Algeria	14	215	28	32	37	172	112	177	46	3,845	41	121	183	
Andorra	0	0	0	0										
Argentina	0	0	0	0	0	15	3	9	0	4	18	6	13	
Armenia	0	0	0	0	0	0	0	9	0	0	0	0	0	
Australia	6	47	32	3	36	40	33	139	22	87	2,370	32	32,726	
Austria	5	2,395	4	24	60	29	82	312	15	28	68	4	6	
Azerbaijan	0	70	0	3	5	22	34	279	3	6	4	0		
Bahamas	0	0	0	0	0	0	0	0	0	0	0	0		
Bahrain	0	0	0	0	0	0	0	0	0	0	0			
Bangladesh	482	548	0	0	0	44	1							
Barbados	0	0	0	0	0	0	0	51	0	0	0	0	0	
Belarus	0	137	0	0	0	1	0	0	1	0	0	0	0	
Belgium	557,867	496,271	258,105	118,706	520,732	361,139	285,131	194,716	249,867	93,505	247,876	595,917	583,483	
Belize	0	0	0	0	0	0	0	898	0	0	0	0	0	
Benin	327	0	171	2	0	2	13	243	73	6	21	833	1,690	
Bolivia	0	0	0	0	15	0	0	0	9	9	5	2		
Bosnia and Herzegovina			0	0	0	11	3	0	0	0	0	0	0	
Botswana	97	0	34	12	3	26	300	713	478	155	56	0	26	
Brazil	174,837	11,629	7,552	3,581	120	464,424	944,790	2,240,264	137,760	500,753	438,079	45,922	726,836	
Brunei Darussalam	0	1	0	3		0				0	0	0	0	
Bulgaria	7	7	0	0	0	2	12	4	0	0	2	0	0	
Burkina Faso	235	0	0	12	0		0	1,000	106	0	2,133	2,371		
Burundi	0	0	0	0	0	0	0	0	0	0	0	0	0	
Cabo Verde	435	729	0	0	0	34	0		17	8	36	159	773	
Cambodia	0	0	0	28	201	0	1	0	0	0	8	0		
Cameroon	1,546	288	1,095	12	1	1	277	1,368	16	1	742	2,369		
Canada	25,757	26	34	38	274,661	534,404	1,117,814	2,607,325	1,207,222	1,575,914	2,469,609	1,930,849	1,507,323	
Central African Republic	0	0	0			0	0	0	0	1	0	16	0	
Chile	0	0	64,496	430,833	1,197,146	1,317,206	962,542	1,671,248	42,463	164	345	0	9	
China	721,828	1,087,049	2,205,935	4,717,339	6,581,829	10,933,295	12,888,665	22,382,524	14,675,831	22,815,049	24,922,180	33,561,897	31,955,188	
Colombia	5	13	23	52	0	33,528	12	24	166	37	58	66	0	
Congo							867,157	266,834	680,518	656,840	967,459	1,902,135	1,266,588	
Costa Rica	6	0	2	2	54	40	26	6	11	1	0	7,825	6	
Côte d'Ivoire	68	588	57	406	518	155	10	1,506	0	19	3,851	6,965		
Croatia	10	2	2	4	2	18	16	12	15	14	4	32	0	
Cuba	0	0	1	0	0	9								
Cyprus	0	0	2	0	0	0	0	0	0	4	220	0	0	
Czech Republic	0	0	4	2	28	24	291	3	12	1,630	64	159	30	
Denmark	205	29	515	1,322	14	526	1,529	20	79	148	67	88,758	152	
Dominica	0	0	0	10	0	0	0	0	0	0	0	0		
Dominican Republic	0	1	0	0	0	0	2	21	91	1,390	10	10,166	74	
Ecuador	0	80	120	0	25,814	42,782	122,293	127,330	51,154	41	38,820	27	4	
Egypt	4	8	276	1,345	0	49	83	27	52	0	9	2	499	
El Salvador	68	0	0	26	0	0	0	19,806	0	17	0	2	0	
Estonia	1	1	0	0	0	2	6	0	0	0	0	0	0	
Ethiopia	17	35	27	0	14	0	0	11	0	1	7	1		
Faroe Islands	0	0	0	0	0	0	0	10	26					
Fiji		0	4	0	0	0	0	0	0	0	0	0		
Finland	0	11	0	0	11	13	6	1	2	0	3	1	91	
France	657,618	635,741	693,959	815,351	1,749,101	1,553,209	2,370,503	4,010,271	3,270,520	2,126,303	1,825,619	1,199,927	1,226,087	
Gabon	0	0	89	796	559	673	1,176	3,173	2,519					
Gambia	3	0	81	0	15	3	2	24	16	0	0			
Georgia	0	27	0	0	0	0	0	0	0	0	0	0	0	
Germany	54,119	211,271	59,671	4,056	76,656	75,943	196,009	701,305	343,447	301,672	1,229,730	341,171	624,144	
Ghana	213		802		5	104	17	3	492	2,132	9,366	1,200		
Greece	0	2	0	0	0	0	0	0	0	1,941	1,930	0	4	
Greenland	0	0	0	0	0	0	0	0	0	0	1	0	0	
Guatemala	4	0	3	0	3	0	12	10,837	25	0	7	0	3	
Guinea	223	11		2	0	18	0	261		9,390	3,430	889		
Guyana	0	25	0	0	0	0	0	0	0	0	0	0	0	
Honduras	0	47	111	1,665	1,457	17	2,340	6,925	911	317	0	0	7	
Hong Kong, China	351	156	522	452	87,884	150,229	49,820	121,658	133,601	1,151	4,478	106,797		
Hungary	2	87	9	0	1	0	0	0	57	0	0	9	0	
Iceland	0	0	0	0	0	0	0	0	0	0	0	16,827	0	
India	11	7,162	0	661	2,830	183,067	920,236	1,289,285	3,394,217	4,838,457	6,005,485	8,020,442	6,798,300	
Indonesia	49	2	94,802	332,731	1,143	408	1,062	949	2,276	3,381	119,746	503,459	212,725	
Iran (Islamic Republic of)	0	0	0	0	0	0				0	0			
Ireland	13	56	25	14	19	40	25	32	16	25	13	160,662	165,960	
Israel	5	213	106	158	172	228	896	91	90	6,001	814	36	116	
Italy	55,626	289,331	202,682	35,356	83,737	51,661	195,529	453,740	35,097	353,332	2,071,749	879,814	732,557	
Japan	23,153	394,440	83,658	8,672	18,153	696,922	190,437	25,540	24,113	89,388	26,856	383,474	385,639	
Jordan	0	0	0	0		0	0	0	0	0	0	0	0	
Kazakhstan	0	13	0	0	3	23	46	16	18	108	0	0	0	
Kenya	73	317	9	80	135	1,240	12	4	88	16	45			
Korea, Republic of	219,709	177,717	267,634	137,398	681	218,671	342,585	743	118,155	114,383	2,529	139,542	136,179	
Kuwait	0	0	0	5		1	0	56,243						
Latvia	0	0	0	0	0	0	2	0	0	0	0	0	0	
Lebanon	0	5	31	6	13	49	459	241	0	6	0	0	0	
Lithuania	0	0	0	0	0	0	0	0	0	0	30,415	0	0	
Luxembourg	6	7	17	2	0	0	0	0	15	0	0	0	1	
Macao, China	0	0	0	0	0	0	0	22	29	1		388		
Macedonia, The Former Yugoslav Republic of	20	0	0	2	0	0	0		0	0	0	0	0	
Madagascar	11	0	0	18	0	0	1	0	1	4	42	4,619	3,381	
Malawi	0	0	0	0	5	0	0	5	0	3	52	1	5	
Malaysia	1	4	8	2	5	14	11	1,537	1,616	4,927	2,416	1,191	50,195	
Mali	0	0	11	2	0	0	0	0		0	0	112		
Malta	0	0	0	0	0	0	0	0	0	0	0	0	0	
Mauritania	0	0	80	833	69		19	0	0	16	11	0		
Mauritius	0	0	0	0	0	0	0	12	18	1,977	5	70	6	
Mayotte	9	0	0	0	0	0	3	0	0					
Mexico	3,399	1	50	153	142	152	53,321	59,247	251	36	68,953	85	12	
Mongolia	0		0	0	0	0	0						0	
Montenegro						0	3	0	0	0	0	3	0	
Morocco	0	79	19	100	317	211	15,079	279	0	0	0	8,876	7,935	
Mozambique	69	2	118	95	18	32	155	2,988	92	231	12,598	3,489	3,367	
Namibia	1,382	5,551	4,511	3,834	3,546	1,320	2,239	4,745	12,048	6,184	9,274	3,842	3,777	
Nepal			0						0	8	0			
Netherland Antilles					2	22	0	13						
Netherlands	100,953	28,001	21,261	3,884	76,870	61,031	754,859	1,857,436	998,838	780,296	1,133,955	946,932	1,700,913	
New Caledonia	0	0	1	0	0	0	0	0	14	145	0	0	0	
New Zealand	0	8	6	14	1	3	1	0	2	0	2	2	31	
Nicaragua	0	0	0	0	0	0	0	3,416	0	0	0	0	0	
Niger	0	0	0	95	0	0	0	152	0	0	133	49	112	
Nigeria	831	5,981	2,428			297	64,747	17,423	257,582	228,356	57,701	52,956		
Norway	47	62	198	456	4,563	6,667	2,516	163,519	65,442	2,584	3,092	11,223	13,200	
Oman	2	12	1,986	0	0	0	0	0	0	0	0	0	0	
Pakistan			1	0	570	32	98	364	48	1,545	962	1,311	584	
Palestine, State of							2	0	0	0	0	1		
Panama	0	0	0		0	0	0	0	0	0	31			
Papua New Guinea	0	0	0	0							4,256	1,832		
Paraguay	0	0	0	0	0	0	0	0	0	0	0	0	94	
Peru	0	0	1	0	275,724	58,485	523,103	819,505	220,536	227,472	700,246	418,197		
Philippines	0	0	237	306	0	97	0	0	0	1	17	125	444	
Poland	0	0	0	41	607	1,403	1,275	1,704	1,565	1,968	2,803	2,066	3,128	
Portugal	113,690	65,931	2,716	2,275	31,224	66,235	507,094	601,533	211,175	746,365	1,639,689	2,290,549	3,496,670	
Qatar	0	0	106	93	13	0	14	1	0	0	238	0	44	
Republic of Moldova	0	0	0	0	0	0	0	54	0	0	0	0	0	
Romania	0	0	0	0	9	3	0	1	0	0	0	0	0	
Russian Federation	18	38	7	11	1	42	792	60	5	2	94	105	263	
Rwanda	13	0	0	0	1	18	10	0	22	0	0	0	3	
Samoa	0	0	0	0	0	0	0	0	0	4	0	0	0	
Sao Tome and Principe	4,050	3,478	4,214	6,479	10,176	14,188	15,648	26,116	15,199	17,547	14,679	31,739	37,879	
Saudi Arabia	0	0	0	0	0	0	0	0	0	0	0	0		
Senegal	0	25,262	0	17	1	0	0	14	0	10	80	5	214	
Serbia					10	108	194	104	0	10	18	3	0	
Serbia and Montenegro	0	7		0										
Seychelles	0	0	0		22	0		0						
Singapore	310	64,347	1,292	317	46,053	20,274	8,275	4,257	18,060	4,082	3,130	892	144,752	
Slovakia	0	0	0	0	7	3	4	56	12	14	11	0	13	
Slovenia	1	5	22	176	152	1,256	198	115	0	0	0	0	0	
South Africa	1,460	12,226	3,836	262,219	296,956	366,029	1,645,794	2,686,473	1,370,601	1,998,215	1,584,841	2,804,583	1,960,887	
Spain	151,313	343,545	33,418	209,951	674,568	472,604	659,422	1,801,515	769,256	622,304	595,095	1,424,391	2,884,406	
Sri Lanka	0	0	0	0	0	0	0	0	0	0	0	0		
Sudan (North + South)	0	1	0	0	21	5		130	463	8	3			
Suriname	0			0	0	0	68		52	0	0			
Swaziland	0	0	0	0	0	0	0							
Sweden	15	73	23	113	5,276	65	15	148,580	553,475	68	26,901	90,946	220	
Switzerland	153	75	198	45	48	60,458	204,979	4,834	58	484	341	1,339	312	
Syrian Arab Republic	0	0	0	0	0	2,005	0	0	0	8				
Taipei, Chinese	457,911	598,516	754,817	859,065	983,487	1,866,922	2,121,461	2,012,656	1,058,624	2,859,561	5,665,316	5,004,959	3,873,438	
Tanzania, United Republic of	0	0	0	1	0	0	43	107	227	3,317	446	1,027	269	
Thailand	41,420	125,408	1,922	3,662	113,805	137,031	89,535	1,882	636	83,217	457	331,978	191,021	
Timor-Leste				15	0									
Togo	0	6	0	0	0		438	2	0	5	55	0	1,512	
Trinidad and Tobago	0	43,268	18	0	0	17,066	0	0	38,580	0				
Tunisia	1	2	1	0	2	20	16	93	196	4	175	1	4	
Turkey	0	72	8	265	9,085	26,593	983	16,023	9	276	341	1,812	8,006	
Uganda	0	0	0	4	1	31	26	98	1,846	21	335	167	21	
Ukraine	0	0	6	1	12	19	0	52	0	267	146	765	63	
United Arab Emirates					23,099		277,908	544,451						
United Kingdom	98,224	27,363	3,813	5,618	15,586	4,892	356,114	1,061,280	422,687	66,700	437,171	1,261,395	994,287	
United States of America	3,277,231	3,275,341	4,506,201	4,796,800	8,846,505	12,174,574	12,925,965	19,497,728	9,703,061	12,281,250	13,833,012	10,030,265	8,924,982	
Uruguay	0	0	32,461	0	42,594	0	0	203,777	82,261	0	0	0	315,549	
Venezuela	24	130	22	0	21	4		631	52	121	53	1,041	262	
Viet Nam	0	37	37	312	969	2,112	0	3,947	0	4,685	5,316	9,617		
Yemen				0	0	0	0	0	0	0	3	0		
Zambia	3	4	17	112	8	19	72	66	121	30	23	2,936	382	
Zimbabwe	14	0		30	40	1	19	21	1	4	1	27	5	
