List of importing markets for a product exported by Dominican Republic (Mirror) Product: TOTAL All products
"Importers"	"Exported value in 2001"	"Exported value in 2002"	"Exported value in 2003"	"Exported value in 2004"	"Exported value in 2005"	"Exported value in 2006"	"Exported value in 2007"	"Exported value in 2008"	"Exported value in 2009"	"Exported value in 2010"	"Exported value in 2011"	"Exported value in 2012"	"Exported value in 2013"	
Total	4,863,298	4,909,762	5,339,752	5,758,404	5,931,876	6,323,826	6,574,522	6,680,098	5,345,541	6,141,564	7,042,519	7,629,129	8,235,211	
Albania	0	0	0	0	0	3	14	2	22	153	98	168	81	
Algeria	0	17	392	1,115	636	460	4	280	921	1,523	732	377	600	
Andorra	276	311	525	417										
Anguilla	202	411	663											
Antigua and Barbuda					2,519		6,953		8,002	3,840	3,264	4,467	4,410	
Argentina	964	442	540	918	1,612	2,487	4,234	3,338	2,259	2,769	3,246	3,774	2,715	
Armenia	254	193	3,361	2,170	240	29	27	93	68	269	286	211	108	
Aruba					2,332				0	0	0	0		
Australia	3,417	2,827	2,471	4,061	8,556	13,997	18,409	17,259	15,169	19,139	20,990	25,514	27,664	
Austria	2,538	3,385	6,258	5,822	8,847	17,197	18,614	18,138	6,822	2,364	453	407	700	
Azerbaijan	4	0	0	2	195	2	0	5	12	0	1	4		
Bahamas	261	403	450	706	995	2,032	2,348	4,348	4,740	6,767	7,074	8,377		
Bahrain	49	35	46	19	31	7	31	127	233	159	223			
Bangladesh	3	35	38	199	884	7,833	10,968							
Barbados	2,738	3,003	3,107	3,124	4,036	5,989	5,362	7,591	7,927	6,789	9,484	9,833	10,008	
Belarus	5	9	12	98	100	366	343	727	766	867	711	1,028	651	
Belgium	27,293	51,425	51,147	82,674	106,416	154,594	241,515	236,524	194,983	233,808	200,070	149,687	200,438	
Belize	71	69	180	2,667	59	33	116	134	377	214	158	80	98	
Benin	0	0	0	0	0	2	0	0	345	14	0	17,416	17	
Bermuda												2,057	1,064	
Bolivia	12	34	261	706	308	388	725	627	205	502	710	710		
Bosnia and Herzegovina			25	22	63	84	279	264	347	281	673	639	440	
Botswana	0	0	0	0	0	0	0	0	9	0	0	0	0	
Brazil	1,749	1,635	1,707	2,240	3,453	4,290	12,784	21,859	10,841	14,823	19,666	17,845	18,788	
Brunei Darussalam	0	0	3	0		4				0	7	4	6	
Bulgaria	8	22	60	136	263	432	626	840	292	483	330	326	18,369	
Burkina Faso	0	0	0	0	0		0	1	459	470	168	12,987		
Burundi	0	0	0	0	0	0	0	0	0	0	0	0	0	
Cabo Verde	0	0	0	0	7	62	0		227	0	0	0	20	
Cambodia	0	0	0	0	110	0	331	1	0	19	0	13		
Cameroon	3	0	0	1	1	1	3	0	45	7,277	88	321		
Canada	61,729	75,350	81,885	98,644	99,089	100,692	105,945	122,334	129,729	139,607	150,075	283,794	1,194,675	
Central African Republic	0	0	0			10	0	0	0	0	0	0	0	
Chile	280	1,008	2,345	2,914	3,542	5,038	8,399	15,364	16,049	18,853	23,750	27,632	20,241	
China	224	1,814	3,514	15,590	29,102	94,445	126,342	146,291	98,100	130,741	292,447	409,574	293,745	
Colombia	1,614	3,053	2,631	3,371	3,184	8,290	9,590	10,817	10,363	21,322	25,475	30,745	46,904	
Congo							0	0	49	45	15	0	0	
Costa Rica	4,106	5,389	5,617	12,191	10,571	18,074	48,055	76,041	25,618	27,200	42,951	39,165	30,367	
Côte d'Ivoire	1	0	0	0	0	0	14	1	31	268	384	13		
Croatia	364	585	697	567	620	583	872	1,039	1,237	878	1,800	1,633	170	
Cuba	18,088	16,011	17,241	30,303	26,710	32,204								
Cyprus	146	95	468	565	68	320	234	363	276	201	197	216	214	
Czech Republic	1,046	1,565	4,804	3,257	5,117	5,809	7,152	11,262	15,226	13,417	12,317	10,348	8,345	
Denmark	1,193	642	767	1,539	1,460	1,509	1,358	1,337	590	986	1,150	3,320	4,839	
Dominica	844	909	679	689	927	1,087	3,423	5,023	5,596	4,437	3,324	3,735		
Dominican Republic	0	6	0	0	0	0	0	0	0	0	0	0	0	
Ecuador	1,778	501	3,530	2,460	5,437	6,119	6,808	6,043	6,058	91,413	9,935	15,103	10,090	
Egypt	0	0	0	24	0	2	2	2	1,955	364	1,678	112	173	
El Salvador	1,283	1,775	4,206	3,729	4,950	5,361	6,339	8,954	13,529	13,013	14,427	70,115	46,916	
Estonia	127	196	202	584	503	376	450	477	2,402	3,691	4,036	4,231	4,535	
Ethiopia	0	0	0	0	0	0	0	0	21	0	25	12		
Faroe Islands	1	2	5	4	2	3	3	8	1					
Fiji		0	0	0	21	0	0	0	0	8	0	0		
Finland	10,630	14,997	32,653	80,223	75,790	131,749	214,114	134,908	706	223	177	157	288	
France	49,613	56,125	44,907	53,996	41,107	45,919	73,374	88,601	96,575	89,284	112,804	114,734	144,224	
French Polynesia	16	18	31	21	112	66	100	90	42	101	108	83	149	
Gabon	0	0	0	0	0	0	0	0	0					
Georgia	0	120	486	2,484	1,606	0	0	0	0	0	6	0	0	
Germany	47,224	54,441	54,921	59,303	60,232	95,701	100,046	132,923	134,583	148,917	177,395	184,999	228,741	
Ghana	0		0		0	0	34	125	18	149	273	87		
Greece	1,679	1,399	1,712	1,175	1,704	1,774	2,383	2,118	2,716	2,275	1,696	707	981	
Greenland	0	0	0	0	0	23	0	0	0	0	5	15	0	
Grenada	226	299	487	428	544	1,343	815	1,912						
Guatemala	2,414	3,247	20,211	17,101	12,089	13,186	24,227	23,725	15,153	39,492	83,402	124,711	126,193	
Guinea	0	0		0	0	7	4	71		142	85	15		
Guyana	1,824	2,292	1,050	2,140	1,521	3,321	9,553	17,166	15,276	12,713	10,598	14,451	14,090	
Honduras	3,211	7,280	3,821	8,715	8,251	6,717	9,812	27,255	11,583	21,315	18,546	52,557	11,995	
Hong Kong, China	1,159	1,875	4,279	7,712	10,195	17,867	12,027	15,901	13,409	13,016	15,769	18,919		
Hungary	377	544	870	98	83	82	149	205	124	133	78	108	91	
Iceland	63	55	119	134	99	111	146	108	130	130	160	357	485	
India	0	70	1,083	3,264	1,842	5,168	2,228	10,151	8,453	15,367	8,358	10,401	13,073	
Indonesia	0	17	3	21	11	48	8,695	4,520	1,918	932	9,299	3,843	3,198	
Iran (Islamic Republic of)	0	0	0	0	0	0				30	0			
Ireland	409	684	1,382	339	1,958	3,028	6,982	8,130	8,152	8,782	9,463	8,747	9,035	
Israel	68	280	388	303	221	747	1,001	1,086	720	1,514	2,713	2,018	3,869	
Italy	23,180	31,153	28,100	36,044	37,522	58,425	51,481	65,057	24,465	50,378	48,452	59,996	84,031	
Jamaica	9,296	12,056	17,772	15,999	23,066	45,700	40,695	78,957	48,652	54,755	66,541	47,743		
Japan	26,662	35,009	44,769	59,936	47,373	51,176	87,439	71,992	46,815	71,142	99,633	94,148	94,696	
Jordan	0	0	0	0		0	45	0	0	418	722	675	963	
Kazakhstan	8	20	4	7	70	110	296	131	132	262	296	354	646	
Kenya	0	0	1	0	0	0	0	0	29	2	22			
Korea, Republic of	37,573	21,808	71,844	121,849	68,544	87,216	126,158	90,169	29,116	55,310	96,084	122,869	108,414	
Kuwait	0	187	105	212		403	825	1,109						
Kyrgyzstan	0	0	0	0	0	1	15	21	13	36	22	38		
Latvia	4	17	70	37	33	88	72	40	25	18	35	47	117	
Lebanon	433	629	945	1,112	1,213	656	1,424	1,491	2,149	2,945	2,118	1,526	2,604	
Lithuania	63	87	172	123	7	22	36	19	23	30	73	64	73	
Luxembourg	11	4	2	45	2	2	2	443	453	721	985	1,109	462	
Macao, China	366	436	723	862	1,119	1,601	2,395	2,830	3,431	3,228		3,286		
Macedonia, The Former Yugoslav Republic of	1	13	32	23	33	25	199		276	344	697	582	712	
Madagascar	0	0	523	67	0	4	4	9	31	0	15	34	12	
Malawi	0	0	0	0	0	0	0	0	0	0	0	0	2	
Malaysia	149	841	2,321	3,340	9,269	14,304	9,964	19,908	5,934	3,669	3,852	1,938	1,115	
Mali	0	0	0	0	0	2	0	0		56	185	31		
Malta	0	63	80	21	0	7	15	33	37	8	63	49	43	
Mauritania	0	0	0	0	0		7	0	0	154	5	0		
Mauritius	45	0	0	114	79	183	426	71	101	73	71	419	186	
Mayotte	0	2	0	0	0	0	1	5	6					
Mexico	16,094	17,722	16,408	37,756	102,063	113,973	142,897	136,761	122,459	125,712	144,598	138,440	131,680	
Mongolia	0		0	0	3	2	0						111	
Montserrat	1	8	56	281	67	16	80	96	237			120	31	
Morocco	1,807	1,188	1,117	1,053	770	204	326	534	604	447	330	189	910	
Mozambique	0	0	43	0	0	0	0	0	50	36	0	32	1	
Myanmar										0				
Namibia	0	0	0	0	67	0	0	0	0	433	1,055	207	242	
Nepal			2						1	0	30			
Netherland Antilles					4,834	2,752	7,951	9,877						
Netherlands	99,237	46,834	43,636	63,373	90,603	74,689	117,778	141,047	160,077	189,342	212,132	175,367	179,820	
New Caledonia	2	0	43	18	17	24	31	86	18	63	74	4,252	58	
New Zealand	449	667	553	771	893	1,486	1,904	1,925	1,846	2,153	2,444	3,875	5,792	
Nicaragua	1,507	1,676	1,476	3,430	3,347	5,384	4,454	10,518	9,795	5,551	9,974	10,524	9,579	
Niger	0	0	0	0	8	0	0	39	0	845	0	2	15	
Nigeria	113	10,604	1,177			1,353	0	38	14	42	120	32		
Norway	879	1,092	3,073	3,448	4,559	3,609	5,170	7,155	8,391	11,104	12,195	10,106	14,115	
Oman	0	0	0	0	0	0	0	0	0	0	0	0	0	
Pakistan			49	47	321	91	125	135	146	29	279	153	207	
Palestine, State of							0	0	11	0	140	14		
Panama	3,887	3,545	6,473		9,945	20,884	24,858	66,228	51,852	30,786	30,943			
Papua New Guinea	0	0	3	0							1	1		
Paraguay	4	1	1	22	1,169	2	56	85	88	58	155	28,953	20,042	
Peru	680	409	572	2,087	2,236	2,573	7,835	19,107	14,459	21,477	16,162	31,373		
Philippines	36	10	10	23	10	79	100	107	47	6,344	10,873	29,459	4,793	
Poland	3,081	3,297	3,852	3,300	3,460	13,604	11,083	16,601	14,084	8,104	14,610	26,392	22,795	
Portugal	150	144	119	87	196	763	481	10,980	1,755	1,834	1,812	10,465	24,728	
Qatar	9	0	5	564	115	0	159	283	102	303	211	1,281	1,224	
Republic of Moldova	1	5	18	10	4	55	111	108	54	78	118	48	32	
Romania	138	349	244	984	826	872	1,684	220	144	180	363	265	244	
Russian Federation	417	472	1,135	1,478	1,412	3,354	12,551	14,878	8,935	12,259	15,683	21,200	21,071	
Rwanda	0	0	0	0	0	0	0	0	0	0	0	5	0	
Saint Kitts and Nevis	608	598	539	629	1,109	2,292	4,553	5,664	3,124	3,098	2,710			
Saint Lucia	1,202	1,510	1,665	1,902	2,664	4,367	4,774	5,659						
Saint Vincent and the Grenadines	749	1,004	889	770	1,184	1,547	1,550	2,646	4,914	3,789	1,891	3,543		
Samoa	0	0	0	0	0	0	0	0	0	0	0	1	0	
Saudi Arabia	53	27	1,448	711	1,503	3,908	3,812	991	598	1,131	3,701	1,964		
Senegal	0	0	0	0	0	3	2,605	5	1	7	212	113	0	
Serbia					276	585	705	972	1,085	1,322	2,698	1,711	1,597	
Serbia and Montenegro	14	38		257										
Seychelles	0	0	0		0	0		0						
Singapore	1,086	1,718	1,040	2,177	12,427	20,836	19,751	39,764	13,735	19,569	23,610	31,825	36,949	
Slovakia	227	451	1,507	636	979	940	1,664	2,225	2,614	2,498	3,085	3,123	4,551	
Slovenia	116	209	285	542	1,044	1,395	1,413	1,436	1,470	1,162	1,443	2,238	2,313	
Solomon Islands								0	2	0	0			
South Africa	858	1,008	1,439	1,886	3,652	5,084	7,400	7,990	6,627	6,534	7,533	8,127	11,758	
Spain	24,629	33,131	41,184	103,529	65,931	88,316	151,023	255,868	165,213	178,195	170,701	142,914	151,745	
Sri Lanka	60	0	0	0	0	0	0	0	0	380	0	1,442		
Sudan (North + South)	0	162	0	10	0	0		52	171	27	5			
Suriname	505			250	1,347	1,783	2,474		10,065	13,622	17,336			
Sweden	3,936	8,014	10,819	3,046	1,978	3,372	2,875	3,262	3,427	5,929	7,002	48,327	18,927	
Switzerland	7,586	12,301	15,485	11,497	9,247	10,605	9,911	9,058	9,587	10,246	12,091	17,613	26,937	
Syrian Arab Republic	0	0	0	0	0	229	229	0	80	383				
Taipei, Chinese	1,108	1,330	2,313	11,158	18,047	28,068	53,321	61,444	21,688	44,213	47,632	40,063	31,701	
Tanzania, United Republic of	0	0	0	0	0	0	0	31	75	150	0	0	0	
Thailand	596	203	342	2,030	4,805	3,033	11,176	28,746	11,944	15,110	24,777	24,843	31,032	
Togo	1	0	28	0	0		5	0	13	0	0	0	0	
Trinidad and Tobago	4,344	4,421	6,291	12,649	8,292	13,108	14,090	17,161	13,250	14,175				
Tunisia	1,223	179	95	102	148	183	326	336	517	321	496	415	295	
Turkey	149	540	1,044	3,296	3,136	3,296	4,032	8,255	7,836	9,958	13,405	10,037	15,724	
Turks and Caicos Islands	43	94	229	208							891	455		
Uganda	0	0	0	0	0	0	0	0	251	119	164	177	139	
Ukraine	1	23	3	833	357	1,132	1,048	3,138	1,519	2,447	2,750	3,614	4,747	
United Kingdom	42,189	59,312	76,976	78,820	101,005	150,227	172,087	153,622	159,948	186,757	213,770	213,778	216,418	
United States of America	4,286,329	4,271,169	4,557,891	4,638,011	4,721,471	4,649,199	4,327,915	4,087,184	3,420,570	3,782,769	4,304,375	4,481,000	4,382,363	
Uruguay	508	51	132	121	75	212	288	639	321	9,971	2,048	950	1,435	
Vanuatu						0	0		0	1	0			
Venezuela	7,311	4,323	2,248	3,826	4,418	6,968		22,607	23,673	28,924	47,073	43,600	61,211	
Viet Nam	0	698	92	0	1,195	347	0	5,736	12,906	14,539	33,586	26,678		
Yemen				0	0	26	0	0	1	0	8	12		
Zambia	0	0	0	0	0	0	0	0	0	0	0	0	0	
Zimbabwe	0	0		0	0	0	0	5	0	0	0	1	0	
