List of importing markets for a product exported by Uzbekistan (Mirror) Product: TOTAL All products
"Importers"	"Exported value in 2001"	"Exported value in 2002"	"Exported value in 2003"	"Exported value in 2004"	"Exported value in 2005"	"Exported value in 2006"	"Exported value in 2007"	"Exported value in 2008"	"Exported value in 2009"	"Exported value in 2010"	"Exported value in 2011"	"Exported value in 2012"	"Exported value in 2013"	
Total	2,102,369	2,338,424	2,667,782	3,628,131	3,944,368	5,536,524	6,491,479	7,923,396	5,383,846	6,526,846	6,905,701	4,973,402	5,880,945	
Afghanistan								168,698	875,868	1,087,927	732,450	0		
Albania	422	0	0	0	0	137	0	0	0	0	0	0	0	
Algeria	0	0	10	8	0	0	0	0	0	0	1	0	8	
Andorra	0	0	0	0										
Antigua and Barbuda					0		0		0	0	7	5	0	
Argentina	57	0	4,897	6	0	0	33	0	13	29	0	600	938	
Armenia	1,188	1,187	1,323	1,281	1,345	1,839	10,428	10,532	3,206	5,699	2,864	2,775	1,556	
Australia	11	9	48	12	67	24	16	12	148	502	1,318	2,600	2,015	
Austria	19,600	7,968	26,251	61,804	127,227	6,963	5,267	5,248	2,104	2,204	4,241	1,872	2,150	
Azerbaijan	6,089	1,410	2,061	79,665	99,801	27,489	19,131	22,439	12,366	12,333	50,555	8,027		
Bahrain	0	34	23	0	4	0	0	869	0	6	4			
Bangladesh	35,926	64,803	238,400	320,475	338,744	439,753	514,017							
Barbados	4	0	0	12	0	4	23	101	3	1	0	9	0	
Belarus	17,580	11,956	10,665	11,260	13,867	16,194	21,626	29,930	23,043	58,526	44,318	28,963	33,613	
Belgium	49,118	37,385	40,777	42,129	26,785	32,375	30,094	30,102	19,590	20,114	14,397	10,575	8,483	
Belize	0	0	0	0	0	0	0	0	0	0	0	0	0	
Benin	0	0	0	0	0	0	0	0	0	0	0	0	52	
Bermuda												0	116	
Bhutan					0	0	0	0	0	3	0			
Bolivia	80	0	0	0	0	140	18	5	2	3	0	0		
Bosnia and Herzegovina			0	192	166	151	79	244	821	269	1,431	2,381	3,396	
Botswana	0	0	0	0	0	0	0	0	0	0	0	0	0	
Brazil	3,501	2	0	2	1,361	606	1,259	6,702	2,063	1,074	2,533	1,968	361	
Bulgaria	6,589	1,995	520	1,022	2,272	10,079	2,311	3,493	2,383	3,251	4,782	5,334	2,180	
Cambodia	0	576	1,493	1,930	0	2	252	0	0	182	116	0		
Cameroon	0	0	0	0	0	0	0	0	41	0	0	0		
Canada	27,131	5,155	7,416	28,287	46,722	353	31,025	1,315	10,431	1,336	1,902	593	403	
Chile	0	0	0	13	0	18	0	6,372	7	338	392	88	378	
China	7,617	27,403	200,251	403,066	450,495	565,937	363,450	328,882	349,419	1,300,780	807,315	1,091,833	1,937,444	
Colombia	0	8	16	607	107	84	114	42	0	0	0	1,095	801	
Costa Rica	0	0	0	0	3	3	23	1	0	0	0	0	43	
Côte d'Ivoire	0	0	0	0	0	0	1	0	0	0	949	0		
Croatia	1,135	590	1,171	1,179	490	235	517	625	97	217	1,183	442	52	
Cuba	0	0	0	123	1,407	42								
Cyprus	66	4	1	1	0	3	0	0	5	0	2	0	0	
Czech Republic	28,968	29,555	19,773	19,134	12,474	10,326	9,624	21,394	9,779	11,084	10,156	7,913	5,844	
Denmark	90	9	61	79	22	814	92	667	128	32	47	94	8	
Dominican Republic	0	0	1	0	0	11	34	0	26	27	0	48	1	
Ecuador	0	0	0	3	0	0	0	0	0	0	14	0	0	
Egypt	49	42	224	107	0	3	7,393	16,908	12,184	9,714	12,690	7,205	8,207	
El Salvador	15	0	0	0	0	0	1	0	0	0	0	0	0	
Estonia	23,951	16,933	11,411	5,551	11,729	10,493	5,318	6,681	3,715	1,110	1,820	1,006	785	
Ethiopia	0	0	0	0	0	0	4	13	0	0	0	2		
Faroe Islands	2	5	2	8	6	2	0	0	1					
Fiji		0	0	0	0	0	0	0	0	0	0	4		
Finland	114	156	62	151	187	562	8,461	69,244	925	37	3	1	24	
France	54,726	38,771	28,822	40,081	44,061	64,639	216,066	15,811	195,577	115,701	157,984	156,289	167,803	
French Polynesia	0	0	0	0	0	0	0	0	1	0	0	0	0	
Gabon	0	0	0	0	0	0	292	0	0					
Georgia	1,496	376	1,019	14,987	3,327	4,874	11,056	7,335	3,514	9,707	11,710	12,212	15,474	
Germany	59,475	44,569	38,411	66,468	58,202	68,100	96,874	67,703	37,744	51,602	45,642	38,906	30,530	
Ghana	0		0		0	0	0	0	0	40	0	0		
Greece	32,971	11,410	26,887	31,558	34,496	27,047	81,495	185,974	44,235	7,945	87	108	14	
Greenland	0	0	1	0	0	0	0	0	0	0	0	0	0	
Guatemala	1	0	47	37	76	0	0	1	55	0	0	0	0	
Guinea	0	0		0	0	0	0	0		0	17	1		
Guyana	0	0	0	0	0	0	0	0	14	1	101	0	0	
Honduras	0	11	2	30	1	54	0	2	0	0	0	0	0	
Hong Kong, China	279	187	702	1,546	1,052	75	714	1,914	373	1,412	5,514	1,110		
Hungary	8,255	4,634	7,052	22,347	19,037	134,093	198,709	162,954	8,008	15,567	8,272	1,812	2,062	
India	18,362	18,093	29,255	28,128	32,471	28,355	13,642	79,657	27,321	24,088	52,138	33,550	35,080	
Indonesia	2,956	2,647	3,091	2,721	10,257	9,357	26,657	9,933	432	6,472	2,187	320	24,050	
Iran (Islamic Republic of)	51,189	40,208	108,552	129,284	136,694	0				104,475	116,662			
Ireland	1,440	274	383	136	32	0	56	1	202	713	351	6	6	
Israel	2,276	2,898	1,752	1,172	1,366	1,291	2,002	2,850	622	3,277	4,055	2,118	1,658	
Italy	170,671	148,661	59,855	53,683	68,906	126,341	111,532	37,918	25,859	39,178	98,032	13,580	23,302	
Jamaica	0	32	0	0	0	0	0	0	0	0	0	0		
Japan	53,429	73,882	91,661	86,828	124,873	178,821	160,647	312,452	105,116	173,440	48,374	107,375	102,144	
Jordan	119	395	367	16		650	777	919	9	49	669	26	129	
Kazakhstan	81,085	86,523	89,714	227,608	254,456	319,090	538,470	516,081	304,414	473,311	770,558	817,200	962,597	
Kenya	0	0	0	0	0	0	0	57	0	639	2,853			
Korea, Republic of	136,726	96,812	78,957	76,945	28,828	40,087	103,890	262,934	47,410	21,979	39,822	42,362	53,095	
Kuwait	0	0	11	52		982	16	123						
Kyrgyzstan	66,723	60,130	39,202	51,867	60,112	65,000	120,856	160,077	114,423	93,832	84,314	63,154		
Latvia	2,278	2,240	5,014	9,028	14,886	7,781	10,605	13,187	3,696	8,943	9,856	8,460	12,230	
Lebanon	1,031	555	815	485	631	394	779	672	97	93	58	1,077	1	
Lithuania	15,118	6,809	7,550	3,713	14,176	21,476	22,608	36,110	5,187	8,119	4,595	3,868	25,835	
Luxembourg	0	95	479	409	18	36	11	23	2	7	0	1	0	
Macedonia, The Former Yugoslav Republic of	45	0	57	10	240	73	44		237	447	97	46	282	
Madagascar	0	0	0	0	0	0	0	0	0	0	0	107	0	
Malawi	38	0	1	0	0	0	0	5	0	0	0	0	0	
Malaysia	124	186	2,518	212	1	49	3,176	2,406	1,186	15,595	9,098	7,055	1,614	
Malta	0	0	0	0	0	0	1	0	0	0	0	0	0	
Mauritius	0	15	0	0	0	0	0	4	0	225	0	0	0	
Mexico	20	19	26	576	275	72	237	270	218	70	263	107	458	
Mongolia	16		63	77	311	435	808						6,176	
Montenegro						0	13	2	0	0	2	1	0	
Morocco	2,940	1,880	1,103	898	2,110	955	854	3,752	312	1,613	1,919	257	535	
Mozambique	9	0	19	61	0	0	0	0	0	0	11	0	367	
Namibia	0	0	0	0	0	0	0	0	0	0	6	0	0	
Netherlands	9,189	6,492	4,344	3,573	3,212	15,921	11,806	14,527	6,276	11,746	75,823	3,594	4,682	
New Caledonia	0	0	0	0	0	0	0	0	0	0	0	2	4	
New Zealand	0	1	13	8	64	10	15	12	32	183	11	3	9	
Nicaragua	0	0	0	0	0	0	0	1	0	0	3	0	0	
Nigeria	0	0	0			0	0	115	0	53	53	3		
Norway	0	23	1	0	1	0	117	168	313	17	80	459	796	
Oman	190	73	0	0	0	0	0	0	0	0	0	0	0	
Pakistan			1,301	6,309	11,588	18,247	24,783	20,035	1,035	19,189	10,692	689	701	
Palestine, State of							41	0	0	0	39	159		
Paraguay	0	0	0	0	0	0	2	0	0	0	0	0	0	
Peru	7	2	96	134	9	227	1	5	3	0	229	969		
Philippines	881	419	259	0	31	0	0	368	0	0	0	404	1,624	
Poland	90,258	45,203	32,586	58,429	171,783	631,469	671,871	53,676	29,132	53,596	44,230	31,352	25,425	
Portugal	20,113	19,074	17,902	18,293	10,315	11,047	13,598	16,533	13,221	20,587	13,740	10,912	9,926	
Qatar	0	0	0	0	0	0	0	0	0	0	0	0	149	
Republic of Moldova	88	156	935	722	1,223	3,982	14,744	8,835	1,279	3,579	10,604	8,595	9,768	
Romania	13,247	11,831	13,432	15,253	7,602	153,639	89,752	24,787	784	8,056	14,148	4,357	1,991	
Russian Federation	584,169	344,168	485,043	613,352	904,023	1,290,420	1,459,557	1,298,017	846,344	1,513,472	1,756,215	1,390,799	1,258,659	
Rwanda	0	0	0	0	0	0	0	4	0	13	0	0	67	
Saint Vincent and the Grenadines	0	0	0	0	0	0	0	0	5	0	0	0		
Samoa	0	1	1	0	0	0	0	0	0	0	0	0	0	
Saudi Arabia	225	5,212	117	564	49	74	1,259	394	1,932	3,133	303	0		
Serbia					621	144	1,440	8,617	3,703	9,544	16,306	4,284	442	
Serbia and Montenegro	5,787	1,798		9,083										
Singapore	0	37	0	0	0	0	0	0	0	0	296	194	1,847	
Slovakia	4,687	4,062	3,280	1,492	630	4,896	6,962	13,017	2,926	725	323	166	419	
Slovenia	6,881	4,407	5,505	3,565	3,219	1,640	1,796	911	561	612	929	25	160	
South Africa	3	24	113	1,126	1,889	74	1,292	66	465	155	1,911	1,313	975	
Spain	10,965	8,322	9,880	10,746	4,736	3,608	9,117	6,419	3,152	4,443	4,577	947	4,940	
Sri Lanka	1,088	1,631	314	0	0	0	0	1	148	176	1,797	7,161		
Sudan (North + South)	0	0	0	0	0	0		1,105	336	4,248	246			
Sweden	295	43	44	18	13	100	41	1	23	10	7	24	2	
Switzerland	6,080	3,589	2,321	1,310	4,542	4,515	2,563	11,902	12,391	32,843	9,375	1,906	937	
Syrian Arab Republic	0	0	304	652	1,511	1,108	292	3,024	1,289	1,917				
Taipei, Chinese	12,443	14,406	13,696	14,004	5,229	3,299	2,308	1,763	957	2,046	1,050	1,025	2,212	
Tanzania, United Republic of	0	0	0	0	2	10	0	8	0	0	0	1,462	2	
Thailand	6,812	5,239	243	1,893	3,213	6,991	6,833	35,784	1,104	8,797	61,715	2,759	130,775	
Trinidad and Tobago	15	12	0	1	0	0	77	1	0	5				
Tunisia	2,756	2,262	923	955	1,579	855	8,919	5,683	86	703	278	643	754	
Turkey	36,045	75,197	99,462	178,671	261,466	415,841	613,810	580,810	412,973	861,373	939,882	813,287	815,417	
Uganda	0	0	0	0	0	0	0	0	0	0	0	2,042	2,280	
Ukraine	192,971	27,769	160,435	69,469	205,320	418,046	546,008	2,118,238	1,640,771	81,733	643,873	108,962	91,630	
United Arab Emirates					876		3,411	3,475						
United Kingdom	34,305	816,157	535,183	693,127	188,662	168,415	74,147	785,534	52,038	103,621	54,572	42,188	12,324	
United States of America	56,618	81,253	87,571	89,951	97,513	153,297	165,670	292,989	89,854	68,779	51,483	26,296	26,913	
Uruguay	6	6	52	43	38	75	102	184	0	1	1	223	0	
Venezuela	0	867	0	109	0	0		0	7	11	17	628	441	
Viet Nam	13,144	9,191	2,181	6,205	7,231	3,805	5,631	4,723	6,071	16,115	20,155	16,589		
Yemen				4	2	0	16	18	3	5	1	120		
Zambia	0	0	0	0	0	0	0	0	0	22	0	2,320	374	
Zimbabwe	0	0		0	0	0	0	0	0	0	0	0	0	
