List of importing markets for a product exported by Turkey (Mirror) Product: TOTAL All products
"Importers"	"Exported value in 2001"	"Exported value in 2002"	"Exported value in 2003"	"Exported value in 2004"	"Exported value in 2005"	"Exported value in 2006"	"Exported value in 2007"	"Exported value in 2008"	"Exported value in 2009"	"Exported value in 2010"	"Exported value in 2011"	"Exported value in 2012"	"Exported value in 2013"	
Total	29,513,543	35,325,094	45,709,934	60,249,364	68,990,894	79,143,102	102,939,325	123,545,947	91,114,891	105,494,698	124,447,272	120,583,170	122,034,998	
Afghanistan								50,891	71,163	108,694	138,211	0		
Albania	80,709	91,437	122,326	163,599	195,941	232,950	304,748	313,255	292,522	260,255	299,592	280,644	311,036	
Algeria	380,715	392,404	438,195	583,812	605,857	710,850	921,358	1,345,752	1,746,343	1,522,258	1,398,425	1,798,328	2,077,240	
Andorra	619	663	1,233	2,298										
Anguilla	0	0	1											
Antigua and Barbuda					190		522		699	426	404	728	427	
Argentina	31,151	7,683	10,642	25,739	33,024	59,075	76,423	156,130	93,824	176,564	249,541	300,507	380,238	
Armenia	29,004	34,108	33,338	37,565	53,119	93,827	130,406	267,408	177,775	210,517	240,366	213,115	210,197	
Aruba					269				340	783	2,440	3,223		
Australia	89,203	110,416	151,524	241,666	267,369	308,496	326,925	401,176	370,851	436,239	478,755	541,847	576,976	
Austria	467,294	579,403	791,456	916,384	1,005,365	1,005,116	1,180,835	1,337,179	1,775,140	1,909,278	2,208,878	1,859,707	1,777,274	
Azerbaijan	148,167	156,219	195,132	224,968	313,002	385,040	624,692	807,343	906,072	771,442	1,302,443	1,520,405		
Bahamas	0	4	0	0	0	0	0	0	0	0	195	534		
Bahrain	13,605	22,529	31,488	42,648	43,615	33,632	39,809	368,565	91,294	210,896	147,408			
Bangladesh	17,506	27,139	50,167	40,386	95,533	95,832	76,836							
Barbados	1,394	1,889	1,634	1,863	1,821	3,610	3,395	6,958	5,028	5,480	5,545	4,249	2,440	
Belarus	23,154	24,945	25,622	41,358	72,281	114,135	139,011	223,153	187,613	259,435	315,291	343,191	397,247	
Belgium	892,838	954,175	1,375,772	2,237,217	2,351,264	2,494,648	3,319,990	3,896,327	2,963,732	3,609,058	4,405,640	3,929,417	4,635,419	
Belize	10	10	26	139	116	471	341	90	67	282	377	361	475	
Benin	3,608	5,147	4,517	1,868	1,915	1,430	2,018	4,912	5,867	15,579	19,615	41,109	41,181	
Bermuda												681	481	
Bhutan					0	45	7	471	136	292	378			
Bolivia	392	519	405	854	714	799	1,930	2,989	7,055	7,051	9,644	10,395		
Bosnia and Herzegovina			80,031	108,912	198,353	212,875	563,682	645,630	248,257	256,409	320,276	294,995	334,328	
Botswana	0	47	1,791	321	638	112	792	1,098	417	3,920	8,197	1,553	2,527	
Brazil	88,463	63,386	58,050	76,436	108,232	145,593	209,562	337,522	399,322	652,038	917,269	964,114	1,144,898	
Brunei Darussalam	209	107	89	125		256				629	1,100	1,361	4,172	
Bulgaria	273,643	393,763	667,377	870,253	1,099,423	1,391,253	2,072,260	2,075,875	1,281,640	1,385,992	1,545,654	1,526,508	2,000,983	
Burkina Faso	493	6,331	1,635	3,059	1,925		16,287	6,782	8,593	22,819	24,974	33,459		
Burundi	259	162	166	214	21,020	772	1,045	901	2,004	2,038	9,633	12,369	4,981	
Cabo Verde	4,570	6,286	9,816	6,743	5,161	3,912	4,795		2,769	4,103	6,074	5,296	10,001	
Cambodia	150	282	142	564	204	1,630	798	1,597	3,378	1,022	1,043	2,729		
Cameroon	9,733	14,373	20,594	22,373	18,314	18,241	22,321	81	50,201	54,400	115,389	122,657		
Canada	203,610	255,223	333,701	469,351	526,148	551,373	525,120	662,280	555,947	693,593	1,134,047	1,480,411	1,280,393	
Central African Republic	67	143	820			1,388	0	0	0	0	0	0	0	
Chile	20,478	22,421	22,729	32,284	31,698	37,082	843,871	852,462	40,844	92,679	167,530	217,232	264,088	
China	230,938	288,786	532,672	591,381	621,744	765,952	1,293,801	1,962,933	1,745,485	3,164,059	3,123,228	3,511,810	4,495,130	
Colombia	11,854	10,750	11,933	13,719	19,801	23,911	35,596	60,600	48,623	56,753	124,307	175,046	168,757	
Comoros	7	0	2	732	95	296	106	279	602					
Congo							3,350	5,552	10,591	10,154	21,575	58,313	45,875	
Costa Rica	12,337	7,363	5,087	5,991	4,175	10,664	7,867	12,143	11,630	12,515	15,507	34,711	43,784	
Côte d'Ivoire	8,862	10,732	16,486	18,422	34,733	38,325	37,547	46,466	41,668	49,258	60,666	75,504		
Croatia	41,527	67,987	124,156	160,283	252,174	274,711	450,329	477,033	304,432	584,092	340,440	274,935	305,566	
Cuba	7,957	19,769	5,072	6,134	4,984	7,348								
Cyprus	662	829	1,307	9,407	18,555	11,120	15,236	29,255	10,731	19,594	12,599	8,486	6,139	
Czech Republic	171,714	254,500	327,051	416,892	534,357	583,385	784,655	970,181	731,683	978,173	1,299,303	1,102,787	1,143,190	
Denmark	277,305	385,371	505,481	645,184	750,302	842,665	1,016,600	1,048,366	719,419	757,995	891,447	946,512	950,913	
Djibouti									6,452					
Dominica	8	41	49	37	43	40	25	32	84	193	223	209		
Dominican Republic	9,273	10,356	3,727	3,000	3,727	4,164	3,743	35,215	15,482	32,920	33,903	43,675	57,342	
Ecuador	11,318	7,481	4,172	22,665	16,617	32,171	28,352	75,732	19,316	26,535	60,656	58,411	101,043	
Egypt	243,565	222,737	170,958	246,373	622,498	390,457	457,731	1,174,750	2,347,222	1,879,970	2,638,659	3,490,120	2,626,284	
El Salvador	3,005	2,190	1,519	1,267	2,129	3,323	1,785	6,821	8,684	6,663	3,177	2,033	3,661	
Eritrea			17,544											
Estonia	20,558	29,694	38,385	57,628	79,906	137,617	127,604	205,344	171,886	117,738	135,503	175,920	170,092	
Ethiopia	22,825	35,064	62,202	83,668	114,948	98,701	151,679	167,397	260,930	238,709	359,724	513,586		
Faroe Islands	1,307	2,106	3,066	3,634	3,679	4,657	5,511	4,689	3,454					
Fiji		119	500	297	498	263	298	289	277	667	813	712		
Finland	95,594	135,228	243,452	329,030	383,215	416,541	516,488	490,252	208,878	290,725	387,652	318,056	294,111	
France	2,218,549	2,550,793	3,176,187	4,069,120	4,394,737	5,292,458	6,569,803	7,828,730	7,019,164	7,159,650	8,173,127	7,288,842	7,956,598	
French Polynesia	1,383	1,765	2,114	1,707	2,567	2,444	2,836	3,442	3,187	4,577	4,191	3,950	4,404	
Gabon	1,966	2,166	946	2,461	4,313	4,611	8,229	8,567	10,537					
Gambia	841	456	1,785	3,630	1,786	1,014	1,713	1,543	8,510	6,578	13,227			
Georgia	106,905	89,216	111,617	201,365	282,264	519,370	708,366	916,168	694,335	883,578	1,272,427	1,392,937	1,346,037	
Germany	5,823,264	6,517,988	8,143,841	9,871,434	10,434,571	11,591,993	13,328,399	14,214,263	11,514,649	13,126,472	16,373,158	15,403,767	16,277,809	
Ghana	12,093		27,401		25,341	31,535	44,370	83,642	59,837	92,464	173,037	206,799		
Greece	493,072	596,894	881,611	1,223,689	1,191,213	1,665,845	2,287,531	2,491,999	1,806,784	1,539,507	1,604,135	1,424,684	1,472,259	
Greenland	5	0	1,212	58	0	1,742	503	1,334	1,599	1,441	1,716	1,716	2,495	
Grenada	20	72	66	116	150	266	108	231						
Guatemala	6,328	5,119	4,111	4,314	8,131	7,650	11,790	16,991	14,341	18,482	22,630	28,760	35,049	
Guinea	4,065	2,930		7,209	7,931	7,415	19,528	15,411		21,985	23,073	27,665		
Guyana	2,525	1,095	731	472	2,808	1,676	1,663	2,773	4,030	4,630	6,880	12,222	10,483	
Honduras	338	3,748	2,027	2,506	3,537	8,328	4,325	4,797	5,967	7,061	6,325	12,492	15,015	
Hong Kong, China	162,085	131,554	132,524	154,804	125,794	127,646	167,464	181,887	175,857	242,351	416,001	350,709		
Hungary	181,006	244,470	376,758	350,516	417,916	438,618	533,287	595,412	403,991	423,078	497,079	513,406	732,030	
Iceland	7,237	8,932	21,897	23,932	41,934	45,163	35,689	29,079	19,122	19,974	25,053	36,232	31,450	
India	65,174	65,310	66,440	116,984	190,913	191,409	1,065,435	1,895,383	1,573,208	795,425	886,632	1,052,939	872,255	
Indonesia	28,451	22,716	48,596	53,507	68,841	78,850	735,496	1,217,605	587,708	304,760	554,975	304,869	1,314,975	
Iran (Islamic Republic of)	264,365	334,284	464,610	693,046	856,112	0				2,323,535	3,078,508			
Ireland	129,070	212,186	295,147	399,456	509,285	648,517	732,287	607,458	348,639	339,372	408,635	380,403	392,945	
Israel	683,144	813,656	951,307	1,166,715	1,221,107	1,272,663	1,607,017	1,825,339	1,387,836	1,800,197	2,171,186	2,082,785	2,492,192	
Italy	2,708,437	2,771,805	3,767,202	4,933,186	5,429,432	6,790,812	7,320,239	8,194,208	6,178,488	6,848,754	8,332,942	6,761,753	7,306,715	
Jamaica	19,406	13,626	18,914	22,228	13,316	21,536	19,720	46,581	20,638	20,098	23,248	45,018		
Japan	153,709	168,292	210,663	268,395	283,116	359,288	375,431	418,877	400,390	401,527	516,411	574,569	598,659	
Jordan	121,887	123,324	139,183	187,117		304,118	385,399	437,348	412,956	558,398	548,925	951,038	754,563	
Kazakhstan	136,889	173,620	208,976	342,347	399,737	558,265	958,803	970,750	570,875	616,256	729,289	786,138	900,577	
Kenya	12,159	7,297	9,460	14,408	13,919	45,132	50,010	91,532	44,402	63,095	191,854			
Kiribati					0		0	3	0	9	0	40		
Korea, Republic of	130,332	125,342	78,124	104,044	127,401	194,333	281,570	361,913	434,435	516,290	804,624	672,311	691,856	
Kuwait	136,229	185,233	223,748	324,229		271,760	275,059	565,669						
Kyrgyzstan	15,715	16,948	25,937	33,190	33,699	39,467	50,919	91,111	72,699	84,700	117,090	178,519		
Latvia	17,571	24,032	35,124	44,817	54,531	66,844	88,943	67,659	39,334	51,737	67,215	80,666	88,168	
Lebanon	237,160	258,618	234,099	258,147	199,620	257,805	405,096	698,484	653,111	684,000	840,582	962,479	1,134,457	
Lesotho	217	7,212	326					0	0	165				
Libya							359,336	499,630	1,172,029	1,872,056				
Lithuania	41,179	61,349	82,988	88,109	102,566	134,366	188,871	169,486	103,626	107,187	140,306	156,599	155,772	
Luxembourg	8,792	10,888	9,889	17,346	26,552	28,523	54,697	69,221	35,203	39,598	65,056	67,894	74,365	
Macao, China	2,791	3,558	5,011	3,921	4,030	4,694	4,527	5,013	3,431	6,515		17,727		
Macedonia, The Former Yugoslav Republic of	46,407	59,259	78,787	94,844	113,615	123,919	194,766		250,746	261,652	343,882	323,952	314,494	
Madagascar	3,346	1,306	6,539	8,187	11,291	10,338	12,427	27,613	20,460	25,971	51,905	58,225	63,994	
Malawi	307	53	1,922	5,868	3,451	4,071	2,161	2,382	5,453	6,183	3,500	7,048	11,359	
Malaysia	42,971	57,871	41,207	52,405	67,285	62,875	92,452	138,410	112,526	138,389	177,148	202,308	200,090	
Maldives	54	134	290	819	2,717	1,050	759	1,475	2,809	7,598	7,667	7,732	7,225	
Mali	1,829	1,902	4,582	4,031	5,327	6,942	5,014	12,453		21,775	35,648	30,011		
Malta	27,656	41,101	46,251	46,325	45,057	47,968	64,330	86,405	33,316	66,651	99,375	108,896	121,719	
Mauritania	1,847	5,328	4,436	3,340	4,170		5,563	5,262	15,818	23,401	37,875	96,685		
Mauritius	2,163	2,669	2,594	5,192	6,494	8,875	18,278	32,086	31,642	48,987	49,783	45,391	47,473	
Mayotte	642	371	478	963	1,000	2,148	1,948	5,817	4,704					
Mexico	82,415	121,820	97,470	168,087	241,462	361,223	317,535	252,989	225,485	311,245	324,973	426,413	527,103	
Mongolia	1,215		1,209	1,475	2,267	3,499	6,395						41,907	
Montenegro						17,418	32,784	46,692	34,322	37,018	35,776	36,577	44,153	
Montserrat	0	0	0	1	0	1	1	21	0			0	0	
Morocco	112,180	150,519	210,126	363,552	401,488	618,472	848,146	1,079,004	717,146	762,977	1,168,590	1,136,434	1,398,721	
Mozambique	427	674	1,578	3,604	2,281	41,420	7,063	12,667	10,512	8,788	14,343	32,442	34,832	
Myanmar										2,692				
Namibia	327	613	926	331	350	770	1,609	3,454	2,865	3,895	2,579	3,376	1,354	
Nepal			1,501						1,124	14,889	14,209			
Netherland Antilles					271	251	593	1,104						
Netherlands	957,342	1,097,542	1,472,655	1,763,459	2,079,064	2,190,886	2,357,794	2,419,863	2,336,628	2,626,368	3,288,707	3,081,910	3,666,264	
New Caledonia	4,069	1,722	1,811	3,651	3,998	4,757	5,506	7,586	7,133	8,876	13,812	11,141	14,035	
New Zealand	16,398	21,736	28,052	49,750	74,550	56,163	71,854	83,581	69,531	83,080	88,109	100,129	104,380	
Nicaragua	1,945	806	2,221	1,178	3,297	1,866	1,408	2,065	4,375	2,567	5,576	10,144	9,139	
Niger	724	639	1,127	1,029	1,870	1,529	1,466	1,415	3,271	5,529	10,104	10,231	16,037	
Nigeria	21,320	28,463	24,486			77,786	91,844	104,345	321,918	269,526	1,005,583	274,129		
Norway	115,593	176,995	257,619	351,827	441,113	426,797	582,687	591,249	556,232	553,246	691,560	770,090	955,889	
Oman	31,576	28,700	602	25,101	34,911	58,086	153,836	172,174	109,611	128,625	157,249	197,354	377,926	
Pakistan			65,579	89,176	186,824	139,473	159,809	136,011	152,154	155,704	160,111	189,043	150,462	
Palestine, State of							82,021	68,512	113,809	179,112	214,723	233,144		
Panama	6,422	2,873	1,646		2,072	14,513	17,083	61,072	41,912	62,827	92,248			
Papua New Guinea	148	193	125	71							3,043	3,243		
Paraguay	756	490	961	1,832	858	1,084	1,567	3,415	7,718	24,722	30,939	22,012	18,657	
Peru	9,611	12,425	12,919	5,983	14,967	10,621	17,381	84,813	114,574	195,564	344,316	246,851		
Philippines	11,300	11,687	24,979	24,524	24,303	23,064	35,279	55,179	57,739	58,909	96,638	132,703	104,397	
Poland	385,495	613,234	855,050	1,111,079	1,314,437	1,576,014	2,137,612	2,519,997	1,925,811	2,119,995	2,324,135	2,137,691	2,400,171	
Portugal	247,476	242,412	320,103	438,144	444,311	596,875	605,000	532,887	391,737	424,958	143,339	308,630	385,647	
Qatar	18,685	24,917	29,265	32,138	69,748	334,355	480,544	1,051,365	393,042	269,830	241,019	369,608	320,210	
Republic of Moldova	19,684	32,745	48,249	69,094	93,034	113,815	166,769	231,877	172,354	205,822	366,883	388,193	380,992	
Romania	376,567	560,706	923,581	1,364,778	1,966,162	2,534,849	3,763,771	4,080,988	2,024,810	2,280,120	2,645,752	2,367,247	2,486,259	
Russian Federation	521,012	728,857	927,988	1,231,149	1,732,114	2,722,646	4,171,918	6,141,305	3,221,933	4,865,990	6,352,530	6,840,000	7,256,024	
Rwanda	601	591	1,059	530	775	1,291	1,408	2,353	8,471	7,500	7,123	8,389	16,198	
Saint Kitts and Nevis	13	455	57	115	49	8	5	83	130	5	108			
Saint Lucia	100	49	152	250	233	307	119	101						
Saint Vincent and the Grenadines	32	34	68	271	88	108	455	466	2,096	544	2,899	397		
Samoa	0	0	0	0	0	0	0	5	26	0	0	181	75	
Sao Tome and Principe	0	0	45	10	192	112	154	49	79	62	1,312	210	167	
Saudi Arabia	352,067	392,877	559,265	599,119	837,803	850,027	1,253,778	1,914,900	1,683,754	2,137,374	2,355,389	3,361,666		
Senegal	12,737	16,371	16,891	18,438	25,434	41,283	62,561	84,325	58,430	84,195	223,890	167,378	176,146	
Serbia					211,315	255,696	395,101	436,629	293,851	324,881	405,143	439,246	530,841	
Serbia and Montenegro	82,882	126,352		204,988										
Seychelles	1,720	130	489		2,806	8,431		2,689						
Sierra Leone		2,464												
Singapore	110,890	115,328	116,294	119,028	107,849	193,921	363,104	989,910	434,181	568,593	1,033,767	607,236	559,570	
Slovakia	65,809	79,410	111,084	160,859	197,098	278,657	384,226	470,664	358,836	513,347	510,492	493,050	513,408	
Slovenia	85,716	93,265	146,178	168,416	217,541	271,797	314,669	310,397	272,422	313,448	375,683	313,105	421,171	
Solomon Islands								114	35	69	2			
South Africa	60,040	76,698	130,787	196,516	314,593	481,426	697,558	674,605	344,336	280,142	565,727	501,776	659,929	
Spain	1,032,416	1,334,003	2,030,527	3,056,363	3,584,893	4,476,245	5,781,886	5,464,049	3,691,561	4,062,816	4,685,360	4,050,811	4,883,766	
Sri Lanka	6,028	14,215	27,349	18,525	41,334	29,556	46,526	60,785	33,611	30,357	55,503	51,085		
Sudan (North + South)	35,223	48,084	74,085	107,168	165,544	200,590		80,869	381,017	212,250	237,740			
Suriname	745			804	3,331	2,970	2,007		3,187	1,963	3,786			
Swaziland	0	0	0	16	0	0	0							
Sweden	0	0	509,399	684,192	810,904	1,014,792	1,089,822	1,238,433	842,311	1,008,296	1,297,070	1,277,003	1,267,091	
Switzerland	260,283	298,773	328,640	425,269	495,310	539,354	717,327	787,039	639,541	736,049	872,914	1,205,359	1,288,793	
Syrian Arab Republic	208,464	202,194	291,912	301,015	336,544	461,034	571,145	498,690	1,173,409	1,672,062				
Taipei, Chinese	85,169	253,398	151,022	262,530	98,205	105,927	173,325	305,443	159,368	183,506	210,162	188,563	169,604	
Tanzania, United Republic of	2,224	3,238	4,534	4,668	8,403	31,399	46,764	79,639	76,520	59,601	126,620	119,187	120,695	
Thailand	44,381	55,483	94,122	105,760	79,842	165,208	115,587	199,491	132,220	250,674	189,168	243,832	318,604	
Timor-Leste				0	30									
Togo	1,142	10,743	5,137	1,053	2,157		1,426	2,090	8,842	13,471	14,498	26,449	35,904	
Tonga	0	17	2					0	0	11	357	586		
Trinidad and Tobago	3,091	4,779	4,104	4,652	5,233	9,613	9,896	38,026	15,515	29,958				
Tunisia	143,536	147,700	198,934	321,998	297,546	313,058	496,124	732,325	576,648	631,729	850,172	771,332	820,977	
Tuvalu		1												
Uganda	0	244	1,831	3,654	5,486	15,827	15,308	46,826	42,479	23,098	56,805	40,840	26,561	
Ukraine	138,040	195,239	312,299	356,339	607,701	769,081	972,254	1,949,725	952,241	1,298,282	1,481,219	1,951,858	1,852,897	
United Arab Emirates					1,443,150		2,849,810	7,474,448						
United Kingdom	2,539,811	3,813,788	4,722,405	6,573,441	6,876,088	7,880,066	9,887,649	9,103,648	7,262,505	7,990,223	9,284,221	9,255,099	9,112,738	
United States of America	3,254,784	3,759,998	4,062,097	5,321,936	5,584,496	5,774,354	4,897,057	4,949,657	3,856,854	4,420,881	5,463,155	6,604,686	7,017,804	
Uruguay	5,761	2,702	2,134	3,280	4,451	4,583	7,182	16,529	12,364	40,104	38,470	52,196	48,496	
Vanuatu						284	535		1,021	1,000	705			
Venezuela	13,991	9,452	17,335	13,267	33,086	29,861		53,191	51,425	31,801	52,935	69,731	175,734	
Viet Nam	8,005	15,589	24,775	31,431	42,953	28,340	41,557	111,011	144,255	107,741	80,172	90,113		
Yemen				102,131	151,537	142,232	191,345	236,113	364,316	297,438	232,064	374,710		
Zambia	159	47	196	952	831	1,944	1,521	3,198	3,220	6,326	4,595	16,567	18,122	
Zimbabwe	1,755	1,810		125	43	391	620	204	1,254	5,034	11,164	9,667	8,777	
