List of importing markets for a product exported by Tunisia (Mirror) Product: TOTAL All products
"Importers"	"Exported value in 2001"	"Exported value in 2002"	"Exported value in 2003"	"Exported value in 2004"	"Exported value in 2005"	"Exported value in 2006"	"Exported value in 2007"	"Exported value in 2008"	"Exported value in 2009"	"Exported value in 2010"	"Exported value in 2011"	"Exported value in 2012"	"Exported value in 2013"	
Total	6,501,833	6,842,908	8,138,684	9,756,812	10,263,510	11,920,268	15,156,004	18,585,050	14,804,594	16,747,098	17,457,308	16,632,157	16,928,328	
Albania	1,922	2,818	2,650	2,273	3,530	7,989	1,503	816	4,838	1,418	1,764	3,112	5,179	
Algeria	51,528	102,348	91,419	110,504	144,037	171,580	212,899	294,277	354,449	392,175	440,439	434,306	489,216	
Andorra	432	532	513	593										
Anguilla	0	3	1											
Antigua and Barbuda					43		21		39	79	80	59	32	
Argentina	5,424	9,609	13,025	15,914	6,075	9,536	13,493	33,574	8,431	36,233	6,803	9,979	18,442	
Armenia	0	0	0	0	0	78	150	249	272	384	789	788	1,304	
Australia	2,117	3,190	3,030	3,853	5,188	6,086	9,185	42,312	12,301	14,185	16,506	17,866	18,226	
Austria	35,173	35,569	132,942	62,570	101,697	124,014	146,125	173,259	110,858	112,147	189,178	167,924	163,556	
Azerbaijan	0	5	10	6	24	10	1	146	204	1,753	5,186	8,152		
Bahamas	0	1	0	0	0	0	0	0	0	0	0	203		
Bahrain	9,890	7,382	9,438	6,526	10,511	10,465	15,453	16,903	15,810	3,539	1,816			
Bangladesh	10,982	9,289	10,751	11,293	41,264	10,034	6,784							
Barbados	49	13	21	4	2	8	6	31	20	28	60	56	73	
Belarus	12	19	50	105	225	242	933	1,011	875	1,300	1,589	1,748	2,721	
Belgium	455,922	451,430	475,517	465,705	431,923	466,211	535,714	584,179	884,143	530,229	575,426	488,122	448,445	
Benin	1,557	1,919	1,927	2,143	1,818	1,434	1,687	2,246	3,417	4,418	2,742	3,737	9,792	
Bermuda												68	112	
Bhutan					0	0	0	0	0	0	1			
Bolivia	3	195	0	30	102	147	139	134	191	724	1,163	2,620		
Bosnia and Herzegovina			183	443	1,041	1,590	1,699	1,987	2,258	2,489	3,636	3,264	3,003	
Botswana	0	1	1	70	0	1	0	2	44	15	1	164	23	
Brazil	33,717	38,084	42,309	74,186	58,440	81,807	121,037	216,403	105,290	124,225	104,408	137,473	136,081	
Brunei Darussalam	8	9	0	2		0				1	11	1	10	
Bulgaria	491	722	2,598	7,466	3,834	3,176	6,883	78,460	8,428	19,745	13,032	7,682	4,276	
Burkina Faso	1,182	1,905	2,912	2,643	4,083		6,844	10,014	7,653	10,682	9,915	14,023		
Burundi	0	0	0	0	0	40	41	4	134	693	3	1,478	204	
Cabo Verde	2	1	1	0	0	1	7		29	141	96	305	21	
Cambodia	0	0	0	0	0	0	0	103	0	18	35	6		
Cameroon	3,650	3,698	4,234	2,434	3,064	3,224	4,786	4,976	14,580	14,693	19,324	22,408		
Canada	7,754	11,041	14,444	18,411	27,382	58,340	47,151	38,826	40,159	49,262	53,583	51,176	310,640	
Central African Republic	33	0	20			0	214	302	98	436	666	732	274	
Chile	122	3,023	138	186	203	2,392	1,071	384	307	1,472	3,815	11,182	1,526	
China	3,204	38,297	17,045	34,131	44,088	50,533	30,318	90,308	107,524	124,900	219,462	176,976	176,754	
Colombia	305	154	234	678	317	471	582	901	3,065	5,788	4,697	8,525	7,041	
Comoros	8	480	0	0	10	300	1	312	580					
Congo							2,288	4,162	7,201	7,400	9,161	7,924	8,154	
Costa Rica	0	44	0	15	14	62	140	171	269	352	156	866	1,103	
Côte d'Ivoire	5,390	8,368	7,280	10,355	12,506	24,100	18,110	22,240	36,027	23,144	22,352	32,864		
Croatia	2,227	17,386	7,027	10,291	20,628	13,877	19,289	25,765	20,020	26,152	21,354	20,743	8,971	
Cuba	17,838	7,666	5,526	22	242	30								
Cyprus	1,627	1,896	2,293	9,743	2,628	3,303	3,209	5,304	2,424	1,993	2,489	3,324	937	
Czech Republic	9,035	19,583	21,816	22,877	34,992	52,143	41,905	32,360	37,876	59,024	117,352	74,237	115,896	
Denmark	4,660	4,569	3,644	5,610	5,263	7,487	6,804	9,519	7,669	14,697	11,153	7,048	16,904	
Djibouti									151					
Dominica	26	0	20	0	16	6	0	0	0	0	0	0		
Dominican Republic	24	41	31	14	0	13	112	77	1,192	1,453	981	2,822	2,408	
Ecuador	0	0	26	178	1	2	0	0	99	27,600	39,994	2,343	3,597	
Egypt	15,509	12,151	9,823	6,807	12,377	30,173	15,327	93,643	47,884	67,560	72,869	304,800	66,171	
El Salvador	0	0	0	0	0	96	0	31	9	0	365	31	43	
Eritrea			24											
Estonia	475	1,327	1,703	1,540	1,386	1,568	2,126	2,710	2,012	1,878	3,568	3,937	4,885	
Ethiopia	2,230	866	1,384	269	2,487	9,922	877	319	437	8,999	1,797	625		
Faroe Islands	84	102	89	118	310	117	232	479	684					
Fiji		0	0	1	5	2	0	0	0	0	45	0		
Finland	4,830	8,499	5,816	7,800	9,855	8,653	7,994	24,736	3,123	2,019	1,463	871	405	
France	2,026,962	2,335,288	2,837,823	3,232,241	3,430,020	3,878,924	5,187,246	5,573,270	4,297,560	4,681,754	5,574,148	4,839,080	4,967,972	
French Polynesia	306	463	746	815	1,137	1,000	1,166	1,426	1,427	1,285	1,438	1,459	2,128	
Gabon	1,918	0	1,112	4,032	4,864	5,928	6,666	7,894	8,581					
Gambia	155	0	0	0	0	0	0	0	0	461	598			
Georgia	0	0	0	7	0	0	0	0	0	145	440	276	369	
Germany	895,041	882,615	983,296	1,025,678	1,033,396	1,213,932	1,468,427	1,966,128	1,704,901	1,830,646	2,113,576	1,876,355	1,983,021	
Ghana	7,547		1,735		4,189	4,890	5,842	8,396	11,311	18,729	12,388	13,266		
Greece	9,670	11,651	17,416	21,744	26,856	23,306	36,012	48,401	37,378	15,448	28,432	70,070	14,793	
Greenland	0	0	13	0	0	19	0	15	9	34	72	50	36	
Grenada	3	1	0	0	2	1	0	0						
Guatemala	65	22	0	0	215	8,780	0	0	730	291	35	155	1	
Guinea	1,140	844		1,135	1,211	1,113	1,293	3,032		4,524	3,779	3,073		
Guyana	61	44	39	142	10	0	0	0	0	0	0	0	12	
Honduras	18	23	0	42	20	419	0	14	65	328	289	454	217	
Hong Kong, China	2,335	2,001	2,623	4,930	5,569	6,004	10,894	14,995	8,245	13,915	22,404	11,871		
Hungary	18,544	19,798	15,641	964	1,946	3,955	5,360	7,786	3,561	5,192	37,389	22,606	20,284	
Iceland	740	718	959	2,274	3,942	3,630	6,815	8,856	5,691	6,424	8,259	8,715	7,561	
India	98,716	99,776	56,366	90,254	104,493	142,572	165,681	625,096	236,149	302,935	143,961	222,048	116,960	
Indonesia	6,895	2,030	6,490	2,627	12,853	16,155	10,995	24,022	11,937	15,432	14,357	23,478	26,098	
Iran (Islamic Republic of)	49,347	37,647	61,999	53,733	45,674	0				72,274	3,213			
Ireland	15,206	15,002	17,888	20,618	21,065	21,362	27,592	27,241	19,904	27,698	16,939	18,120	18,718	
Israel	8	5	1	0	4	108	342	20	38	2,007	841	308	12,366	
Italy	1,503,421	1,444,034	1,810,133	2,435,481	2,306,706	2,638,119	3,364,913	3,419,914	2,831,679	3,095,554	3,581,312	2,886,552	3,050,432	
Jamaica	61	1	0	0	0	0	0	4	178	2	0	1		
Japan	23,730	22,806	31,115	58,758	62,075	72,798	104,601	166,787	143,948	116,173	156,592	141,593	131,121	
Jordan	1,316	1,599	1,690	2,833		4,575	5,140	44,210	19,125	11,032	9,506	12,808	76,714	
Kazakhstan	0	4	35	351	992	1,306	3,299	3,072	3,039	2,916	3,917	5,071	4,938	
Kenya	59	143	85	5,649	1,193	8,732	341	217	2,122	10,761	38,670			
Kiribati					0		0	1	0	0	0	15		
Korea, Republic of	3,245	2,000	3,394	7,184	10,136	14,456	25,149	58,492	18,904	34,885	42,658	68,881	244,391	
Kuwait	3,120	3,346	4,253	4,783		5,622	8,956	6						
Kyrgyzstan	3	0	0	0	0	0	6	23	11	51	34	30		
Latvia	359	519	808	483	321	50	30	399	211	131	92	378	390	
Lebanon	7,952	8,800	7,962	8,268	15,621	12,673	13,207	17,106	22,153	25,013	57,282	39,862	25,438	
Lesotho	0	47	90					2	0	14				
Libya							125,950	179,083	570,037	384,758				
Lithuania	437	527	730	118	330	273	589	628	451	235	120	275	280	
Luxembourg	4,469	3,998	5,273	7,628	5,465	4,227	3,096	9,201	6,517	7,054	5,071	5,589	15,610	
Macao, China	31	71	142	382	322	580	657	1,030	1,121	1,536		2,141		
Macedonia, The Former Yugoslav Republic of	1	7	834	97	191	311	586		641	688	1,222	1,450	4,239	
Madagascar	1,072	502	1,002	1,215	973	2,947	2,364	2,980	3,741	1,705	1,879	1,783	1,542	
Malawi	12	0	27	15	125	25	236	298	65	259	45	32,247	8	
Malaysia	11,415	3,269	8,177	6,298	4,088	13,311	20,040	5,982	9,836	15,487	12,873	24,024	18,248	
Maldives	0	0	0	0	2	0	0	16	4	32	42	75	98	
Mali	1,196	1,644	3,233	3,296	5,338	6,737	6,432	8,887		11,408	12,857	5,513		
Malta	4,088	3,070	1,807	7,792	7,711	4,102	6,760	19,583	3,744	7,694	2,526	9,572	5,435	
Mauritania	242	364	1,046	1,306	4,337		8,852	7,677	5,993	8,597	10,691	8,218		
Mauritius	132	64	189	245	267	717	2,193	4,457	1,679	3,275	3,152	3,244	3,223	
Mayotte	139	136	205	400	623	1,066	1,496	1,615	1,395					
Mexico	1,896	2,848	3,084	8,532	12,848	40,920	22,211	26,339	31,099	22,600	32,204	24,569	31,639	
Mongolia	0		12	6	5	2	0						766	
Montenegro						160	427	993	793	786	1,055	967	1,248	
Morocco	45,238	55,353	70,683	84,963	124,768	133,849	202,667	243,543	227,334	254,354	282,126	241,046	223,513	
Mozambique	1	36	14	14	10	77	4	213	1,769	125	8,929	80	4,448	
Myanmar										2				
Namibia	5	0	0	0	0	0	7	0	0	345	773	992	307	
Nepal			0						0	0	31			
Netherland Antilles					3	4	95	34						
Netherlands	154,006	147,962	179,627	227,961	231,462	223,523	379,164	369,954	252,540	466,968	420,978	501,225	426,052	
New Caledonia	804	928	1,117	1,316	1,314	1,885	1,571	2,311	2,023	2,157	2,502	2,592	2,890	
New Zealand	7,521	8,017	6,089	7,577	8,765	14,350	11,296	32,170	8,504	12,576	2,516	4,273	4,482	
Nicaragua	1	6	50	51	119	135	110	65	115	283	129	184	101	
Niger	3,964	7,808	9,583	5,962	5,567	4,953	4,414	5,553	5,534	7,699	7,944	7,716	6,015	
Nigeria	3,358	466	899			4,312	10,759	9,876	9,190	23,695	33,951	34,264		
Norway	11,887	15,588	13,434	15,387	22,449	24,173	32,596	42,357	44,104	40,037	48,007	45,477	42,690	
Oman	3,519	1,895	3,736	1,801	260	457	484	26,983	1,406	1,301	929	5,399	1,825	
Pakistan			14,825	17,694	38,409	1,972	57,028	43,569	2,213	76,688	17,762	10,754	6,052	
Palestine, State of							102	65	96	585	486	180		
Panama	0	0	0		0	511	1,017	1,174	233	96	345			
Papua New Guinea	0	4	18	3							1	636		
Paraguay	0	0	0	15	1	36	0	0	40	2,385	7,689	521	474	
Peru	28	161	234	353	569	644	841	901	4,896	6,032	4,400	11,187		
Philippines	71	0	0	41	81	1,040	30	30,565	76	636	543	1,425	1,611	
Poland	41,807	53,302	61,509	66,874	89,580	104,879	133,722	215,319	118,084	160,567	150,204	232,996	142,911	
Portugal	29,914	23,159	25,793	30,394	30,104	35,391	36,747	37,986	26,637	147,961	36,225	112,640	27,607	
Qatar	766	802	902	668	1,194	2,803	3,327	4,729	6,821	6,593	8,848	10,644	10,828	
Republic of Moldova	5	65	26	39	65	62	193	816	507	547	844	1,216	1,088	
Romania	2,018	4,973	5,790	5,986	16,675	13,542	10,409	49,059	57,196	63,939	94,809	88,003	86,165	
Russian Federation	6,138	1,278	4,728	5,368	12,972	10,721	25,740	49,185	58,149	89,619	100,629	102,472	137,026	
Rwanda	25	16	188	85	17	90	457	141	5,304	137	35,696	15,967	154	
Saint Kitts and Nevis	25	0	0	1	0	2	0	0	16	5	0			
Saint Lucia	0	0	0	20	1	0	0	0						
Saint Vincent and the Grenadines	15	3	2	0	0	0	1	1	1	1	2	27		
Samoa	0	0	0	0	0	0	0	0	0	0	0	0	0	
Sao Tome and Principe	0	0	0	0	0	0	0	0	0	51	0	60	0	
Saudi Arabia	25,405	6,911	11,123	26,880	66,009	41,209	45,049	84,175	44,280	31,549	14,465	28,857		
Senegal	9,148	9,859	10,872	15,288	23,216	25,102	32,918	29,816	32,681	23,160	28,340	40,143	48,492	
Serbia					2,665	3,208	10,558	6,687	9,622	8,428	8,908	24,276	32,086	
Serbia and Montenegro	98	219		1,345										
Seychelles	0	1	0		0	16		0						
Sierra Leone		22												
Singapore	889	1,069	2,208	2,505	12,353	22,976	2,953	5,624	13,519	5,717	8,777	9,398	11,198	
Slovakia	1,815	2,057	12,975	6,591	7,230	14,483	43,981	78,882	96,445	135,975	150,505	107,952	92,711	
Slovenia	3,051	5,024	18,614	19,664	7,771	8,788	10,339	12,009	14,539	21,825	35,873	33,997	40,669	
South Africa	5,056	6,758	9,035	2,641	14,976	12,134	10,557	23,773	5,486	8,528	10,952	9,610	26,405	
Spain	332,255	366,440	394,644	590,383	633,162	825,729	950,199	1,054,012	592,512	832,722	823,461	730,042	743,189	
Sri Lanka	0	31	175	178	56	2	46	19	350	33	60	70		
Sudan (North + South)	80	301	118	470	3,884	15		745	1,461	1,257	3,810			
Suriname	75			0	0	9	0		60	66	45			
Sweden	14,866	18,515	20,736	25,226	24,163	23,478	33,253	31,345	24,101	27,649	37,176	26,530	24,781	
Switzerland	14,242	15,150	18,885	20,268	24,467	22,853	28,836	35,023	34,432	39,932	63,313	147,369	160,385	
Syrian Arab Republic	4,824	3,533	3,840	3,649	8,898	7,206	8,510	12,880	45,474	52,817				
Taipei, Chinese	2,427	2,695	5,935	7,047	9,961	14,288	11,356	22,189	10,605	21,075	17,481	54,488	68,797	
Tanzania, United Republic of	34	9	40	40	219	8,753	366	12,780	668	242	310	739	2,504	
Thailand	261	642	489	620	1,364	2,836	4,203	8,446	6,348	6,626	7,485	11,589	9,739	
Togo	2,751	632	607	871	1,903		1,962	2,393	2,123	1,605	2,921	3,000	2,834	
Tonga	0	0	0					8	0	0	0	0		
Trinidad and Tobago	40	27	18	18	19	32	72	37	56	183				
Turkey	72,936	71,801	98,140	100,410	117,372	150,094	229,788	365,381	234,980	280,721	249,789	195,624	289,268	
Uganda	4	155	12	68	56	43	68	52	88	79	19,131	19,709	987	
Ukraine	10,237	3,919	334	1,673	550	33,764	1,433	2,489	2,876	3,634	8,139	9,413	14,047	
United Arab Emirates					10,833		15,623	21,294						
United Kingdom	162,965	181,805	234,320	299,801	323,011	251,909	358,011	755,358	566,068	977,370	388,322	535,999	623,116	
United States of America	129,814	98,438	106,474	224,622	242,314	524,394	477,827	672,135	338,169	417,812	365,190	759,335	771,733	
Uruguay	388	6,495	1,960	6,593	7,815	8,818	17,821	4,274	7,641	16,885	1,212	14,430	22,049	
Vanuatu						0	1		0	1	19			
Venezuela	287	150	249	211	137	269		331	435	396	605	1,190	4,315	
Viet Nam	4,254	6,000	6,246	5,684	5,066	9,878	1,444	65,335	6,090	5,218	4,241	7,649		
Yemen				1,306	896	1,501	987	1,749	1,540	2,532	911	5,819		
Zambia	0	33	0	19	0	0	60	10	110	66	834	107	43	
Zimbabwe	0	433		3	13	0	0	1	0	0	52	34	20	
