List of importing markets for a product exported by Croatia (Mirror) Product: TOTAL All products
"Importers"	"Exported value in 2001"	"Exported value in 2002"	"Exported value in 2003"	"Exported value in 2004"	"Exported value in 2005"	"Exported value in 2006"	"Exported value in 2007"	"Exported value in 2008"	"Exported value in 2009"	"Exported value in 2010"	"Exported value in 2011"	"Exported value in 2012"	"Exported value in 2013"	
Total	3,375,738	3,534,603	4,904,653	6,784,853	7,414,057	8,845,005	10,374,640	11,398,438	9,289,967	10,314,048	12,379,061	11,407,465	11,353,919	
Albania	17,306	32,348	28,524	29,981	31,032	43,609	40,832	52,260	44,893	88,427	69,325	64,421	55,126	
Algeria	2,422	6,090	373	5,092	8,144	14,081	11,228	22,114	20,867	30,556	36,601	33,660	24,205	
Andorra	102	102	182	534										
Antigua and Barbuda					0		0		31	22	63	27	7	
Argentina	2,250	850	1,086	358	208	1,220	1,152	1,502	573	1,112	6,156	2,509	3,444	
Armenia	333	15	9	317	555	294	1,012	1,660	1,104	8,032	1,481	2,757	2,649	
Australia	4,329	6,116	8,437	13,758	16,260	13,317	14,825	17,528	32,176	26,561	24,870	33,813	23,325	
Austria	288,280	343,843	454,761	726,079	647,560	795,861	856,842	1,013,464	774,530	766,831	949,717	1,035,259	835,636	
Azerbaijan	2,311	133	136	871	439	1,550	1,014	30,726	814	1,902	8,639	3,408		
Bahrain	192	334	364	124	278	137	4,720	15,481	526	78	595			
Bangladesh	52	1,051	716	1,384	981	8,221	4,110							
Barbados	0	0	52	2	0	3	10	2	0	0	2	3	25	
Belarus	4,609	3,185	12,484	9,798	8,897	16,078	12,192	23,041	22,722	25,805	23,228	11,501	14,839	
Belgium	58,415	53,150	52,132	79,861	46,158	41,939	54,941	78,706	49,417	61,287	104,156	98,898	89,353	
Belize	37	11	0	17	0	0	0	0	0	0	2	1	0	
Benin	0	0	0	285	372	230	0	11	44	133	17	45	72	
Bermuda												42	46	
Bolivia	56	0	25	39	178	250	209	416	178	293	706	313		
Bosnia and Herzegovina			642,564	902,379	1,190,102	1,292,256	1,712,849	2,079,193	1,255,661	1,394,372	1,584,625	1,446,669	1,327,503	
Botswana	0	5,506	0	2	0	0	0	0	2	2	0	2	1	
Brazil	4,506	737	13,556	1,335	3,350	11,410	6,737	12,647	15,079	23,476	34,302	41,064	35,937	
Bulgaria	2,314	13,918	30,822	32,748	42,929	52,343	90,563	96,136	50,266	47,674	38,190	39,016	48,810	
Burkina Faso	0	0	0	0	0		16	40	20	0	39	56		
Burundi	0	0	0	0	0	0	28	0	0	0	0	0	0	
Cabo Verde	0	0	0	0	0	0	0		0	0	1,140	0	0	
Cambodia	0	4	0	1	0	6	0	0	1	68	0	0		
Cameroon	0	0	4	20	123	67	89	142	39	925	1,947	938		
Canada	10,324	11,143	15,142	19,027	20,952	23,350	35,071	47,553	22,383	63,913	27,260	32,806	96,975	
Central African Republic	0	0	0			0	14	10	0	3	1	0	0	
Chile	1,067	548	1,037	1,691	2,382	45,909	1,055	1,608	4,746	2,902	2,958	26,655	2,039	
China	5,124	5,745	6,809	21,904	43,831	55,033	67,625	67,836	74,856	50,890	79,531	74,514	106,776	
Colombia	385	111	193	457	4,346	532	3,051	9,408	262	1,272	1,091	1,089	7,862	
Congo							0	0	11	12	151	0	0	
Costa Rica	3	0	52	70	194	158	1,017	1,166	570	285	7,064	358	489	
Côte d'Ivoire	5	0	0	3	40	33	74	8	6,774	80	7,148	7,439		
Croatia	0	0	0	0	0	0	0	0	0	0	0	0	22	
Cuba	179	1,376	154	333	715	1,653								
Cyprus	3,284	3,243	3,658	13,447	9,607	8,022	21,050	13,376	28,171	38,401	18,149	11,608	10,779	
Czech Republic	38,502	51,727	48,840	59,379	73,246	120,222	124,253	133,442	107,314	114,799	185,706	162,938	155,374	
Denmark	10,081	10,228	11,758	19,517	22,469	26,705	31,554	34,675	23,540	31,939	35,472	40,246	37,646	
Djibouti									358					
Dominican Republic	0	46	100	20	130	1	12	388	63	52	480	47	335	
Ecuador	29	47	25	1	7	14	0	3	10	134	485	1,360	594	
Egypt	35,388	30,873	27,498	22,674	35,704	49,546	31,546	74,341	78,510	71,634	91,382	101,585	79,358	
El Salvador	0	5	45	0	0	168	87	89	5	179	7	102	139	
Eritrea			121											
Estonia	872	1,884	1,043	3,104	1,728	8,695	2,728	6,708	2,913	4,324	5,263	7,291	45,036	
Ethiopia	337	242	91	117	118	248	310	10	7	33	284	139		
Faroe Islands	22	36	165	177	112	94	350	116	126					
Fiji		0	1	3	0	0	1	2	0	0	0	0		
Finland	4,481	4,266	6,272	9,590	13,007	17,604	24,316	24,942	20,282	17,299	29,464	17,481	27,733	
France	169,152	164,092	164,090	147,547	150,061	154,166	172,165	216,758	161,362	147,299	396,444	182,423	160,895	
French Polynesia	0	3	18	22	23	17	29	109	88	73	174	177	284	
Gabon	41	0	45	11	0	1,613	149	717	2,443					
Georgia	591	2,548	602	1,861	4,249	1,666	2,908	7,819	4,706	3,480	4,113	2,845	11,365	
Germany	601,036	570,655	662,073	789,283	820,550	1,005,183	1,049,369	1,178,427	910,496	952,780	1,196,575	1,133,828	1,168,201	
Ghana	0		4		2,074	11,478	3,174	2,545	3,341	1,415	875	1,819		
Greece	21,655	15,779	82,920	86,857	82,137	26,695	22,915	34,977	42,810	79,362	67,226	103,071	113,884	
Greenland	0	0	22	0	0	43	0	33	28	35	39	30	2	
Guatemala	190	0	15	0	487	0	9	0	106	24	233	28	10	
Guinea	0	0		0	0	0	36	13		15	0	94		
Guyana	0	0	0	0	0	0	0	0	0	0	100	2	96	
Honduras	0	39	5	224	240	4	33	0	2	109	203	108	67	
Hong Kong, China	2,990	1,277	1,206	2,453	4,697	3,405	2,099	1,955	5,558	7,249	10,094	9,220		
Hungary	59,911	77,873	77,559	133,054	139,659	178,597	443,989	392,177	240,553	319,934	408,139	439,502	583,385	
Iceland	237	418	776	773	3,438	7,133	2,541	2,681	338	264	1,676	3,189	944	
India	1,282	881	7,352	984	14,648	49,470	43,155	8,047	15,728	43,194	29,899	14,201	10,523	
Indonesia	395	709	1,077	1,579	1,692	3,140	2,636	3,213	2,790	7,771	4,753	10,844	8,066	
Iran (Islamic Republic of)	9,488	11,244	12,784	11,625	6,121	11,416				5,122	4,589			
Ireland	24,613	35,675	28,436	20,462	16,579	22,507	9,454	17,996	19,551	18,486	10,476	2,286	2,361	
Israel	2,597	3,049	5,809	5,426	5,717	4,124	3,113	5,847	15,119	7,073	4,859	8,461	26,240	
Italy	784,344	847,720	1,147,579	1,567,380	1,441,159	1,567,394	1,690,621	1,740,093	1,904,155	1,999,665	2,116,420	1,598,321	1,658,659	
Jamaica	0	1	0	20	23	0	0	4	15	6	52	6		
Japan	27,603	59,163	65,135	65,523	56,691	103,627	97,354	63,121	113,163	55,939	98,395	92,013	62,228	
Jordan	1,957	1,607	246	151		1,023	2,936	2,773	873	13,651	305	602	586	
Kazakhstan	1,635	5,138	7,854	8,450	4,793	7,385	9,940	16,652	11,581	15,858	14,110	17,831	16,069	
Kenya	78	1	205	235	764	625	390	165	230	270	84			
Kiribati					0		0	0	0	0	134	0		
Korea, Republic of	2,844	3,419	1,980	5,971	4,452	17,160	21,430	9,764	13,200	19,352	20,296	20,702	16,603	
Kuwait	1,715	942	1,445	2,636		1,763	4,251	3,054						
Kyrgyzstan	2	2,359	24	60	188	121	979	296	678	208	386	666		
Latvia	1,618	2,914	2,305	5,085	6,557	6,192	12,080	12,212	8,979	6,518	7,075	6,429	6,316	
Lebanon	6,243	6,702	3,336	1,717	40,834	93,227	40,604	3,126	18,086	50,575	49,395	85,716	31,536	
Libya							1,814	9,744	26,342	15,913				
Lithuania	3,930	6,039	5,556	5,920	5,088	4,891	9,485	7,924	4,396	6,427	8,246	6,466	6,220	
Luxembourg	833	458	612	1,184	2,275	2,449	4,569	7,264	13,401	3,284	4,891	8,018	5,731	
Macao, China	29	99	120	209	293	197	123	176	137	243		154		
Macedonia, The Former Yugoslav Republic of	46,386	55,229	63,543	65,254	75,230	78,958	109,737		118,341	113,286	133,122	120,778	115,103	
Madagascar	0	0	0	0	0	1	2	8	109	2	830	672	5	
Malawi	0	0	0	0	0	85	1	28	0	6	14	23	0	
Malaysia	1,614	664	740	876	1,036	2,080	2,955	4,001	957	1,620	4,135	2,338	2,075	
Maldives	0	0	0	0	0	0	0	0	0	15	6	0	11	
Mali	0	16	7	94	74	173	0	0		0	355	2		
Malta	332	270	449	452	1,880	299	1,113	1,082	5,310	385	14,403	23,467	53,676	
Mauritius	28	91	19	34	1,043	17	3,271	1,562	6,350	782	1,770	1,025	83	
Mayotte	20	27	57	44	62	42	113	81	162					
Mexico	4,709	2,886	8,836	7,050	6,086	9,106	11,952	13,558	10,709	16,079	14,351	24,295	26,275	
Mongolia	0		0	0	0	0	98						832	
Montenegro						80,851	116,159	161,988	113,150	105,715	125,617	141,732	129,454	
Morocco	10,854	7,884	1,725	3,367	6,661	4,917	8,049	13,758	3,514	7,899	26,424	4,122	65,802	
Mozambique	1	35	19	4	1	9	11	5	45	100	43	3	545	
Namibia	0	0	0	0	0	0	666	26	23	1,263	1,863	720	113	
Nepal			0						4	17	0			
Netherlands	40,920	36,983	42,992	56,546	60,776	70,608	91,901	109,629	100,987	126,860	133,713	148,680	155,324	
New Caledonia	7	2	109	80	49	87	44	475	103	65	174	50	87	
New Zealand	544	850	1,314	1,146	1,104	1,679	1,125	2,022	794	976	27,297	2,859	2,007	
Nicaragua	0	0	32	40	1,091	136	113	55	54	1,035	82	50	30	
Niger	0	0	0	0	0	0	1	0	5	0	31	12	26	
Nigeria	0	0	0			72	234	443	3,900	26,067	9,468	1,626		
Norway	6,344	5,869	6,868	9,738	11,081	15,454	18,315	30,594	29,918	31,802	58,937	61,376	58,224	
Oman	2,709	34	152	72	7,615	34	2,859	1,726	464	2,074	1,039	6,455	1,400	
Pakistan			1,758	602	725	64	15,889	24,748	2,716	1,583	541	794	167	
Palestine, State of							88	97	0	443	535	200		
Panama	1	0	0		0	0	0	0	0	0	479			
Papua New Guinea	3	0	0	12							33	1		
Paraguay	31	31	369	3	643	1,821	11	7	4	4	21	16	1	
Peru	103	94	247	1,243	2,417	748	3,527	1,394	1,134	12,178	3,963	6,217		
Philippines	315	498	352	539	475	432	197	546	427	8,688	3,817	5,908	639	
Poland	28,995	27,596	39,579	61,879	62,406	136,321	126,464	174,497	164,822	109,454	151,104	109,513	120,831	
Portugal	5,523	1,458	2,383	2,014	4,932	7,467	6,417	5,955	10,694	7,382	13,912	13,951	10,361	
Qatar	1,643	84	2,529	259	16,093	24,760	75,294	98,959	49,840	71,202	61,233	25,914	7,953	
Republic of Moldova	2,789	1,977	3,076	2,220	2,083	1,027	1,882	2,114	2,208	1,860	2,408	1,817	3,081	
Romania	4,773	5,802	20,531	44,377	77,021	73,353	87,197	90,180	84,905	73,143	100,184	112,140	108,730	
Russian Federation	77,243	64,442	62,406	78,997	78,955	178,812	156,156	214,461	154,326	316,313	339,245	351,756	392,485	
Rwanda	0	0	0	0	0	0	0	0	2	0	0	0	0	
Saint Vincent and the Grenadines	0	0	0	0	0	0	0	0	6	0	13	0		
Saudi Arabia	4,200	4,955	6,381	19,878	18,763	19,131	18,012	20,109	21,668	16,879	27,020	31,251		
Senegal	0	0	0	0	0	0	0	3,498	1	5	35	0	2	
Serbia					258,167	334,327	531,016	553,723	427,263	429,509	488,212	538,143	467,504	
Serbia and Montenegro	128,934	140,200		230,314										
Singapore	855	638	1,132	11,396	4,446	7,003	9,240	10,377	5,453	11,225	21,340	22,835	9,432	
Slovakia	17,942	20,309	30,102	30,630	59,594	49,972	56,459	64,726	67,296	87,198	125,018	121,641	135,171	
Slovenia	413,685	408,476	520,507	640,711	769,499	925,386	1,164,580	1,241,974	896,355	1,047,104	1,277,741	1,220,090	1,328,597	
Solomon Islands								0	1	0	0			
South Africa	3,591	3,468	925	2,707	10,871	46,781	52,204	38,670	39,155	8,016	27,852	27,929	53,576	
Spain	42,258	35,520	40,629	35,717	58,568	79,424	78,718	87,168	65,110	77,738	102,559	52,574	58,000	
Sri Lanka	4	164	528	285	195	963	124	697	0	706	369	208		
Sudan (North + South)	118	449	865	40	7,126	961		122	369	62	2			
Suriname	0			10	140	39	13		33	101	0			
Sweden	23,621	22,590	46,281	129,845	84,781	93,891	71,014	62,876	44,436	57,441	62,657	59,033	55,691	
Switzerland	25,390	30,052	34,504	51,293	67,575	53,467	77,243	90,999	89,464	87,713	107,647	113,057	139,508	
Syrian Arab Republic	0	0	0	3,099	7,615	3,314	1,258	4,895	10,094	7,586				
Taipei, Chinese	579	7,849	1,918	2,323	2,447	4,205	2,745	3,834	2,354	3,318	2,704	3,575	3,988	
Tanzania, United Republic of	2	0	5	2	3	73	199	8,571	73	4,414	1,253	1,656	6,310	
Thailand	1,365	1,179	1,290	1,905	15,955	5,679	888	9,636	2,177	1,906	6,425	5,311	2,066	
Timor-Leste				0	0									
Togo	0	0	0	0	0		0	0	0	0	1,943	0	0	
Trinidad and Tobago	0	0	0	5	1	0	3	1	1	0				
Tunisia	6,645	973	7,429	811	1,075	10,017	9,852	16,920	7,953	10,195	60,890	118,955	63,831	
Turkey	17,330	9,388	16,697	35,229	85,569	60,557	77,440	105,665	107,384	211,348	310,965	209,787	193,262	
Uganda	0	1	0	143	28	3	0	180	7,550	214	0	2	110	
Ukraine	6,924	11,432	18,690	17,401	19,354	37,616	55,788	60,155	45,798	50,244	52,882	69,337	36,257	
United Arab Emirates					10,450		20,653	19,792						
United Kingdom	73,581	63,927	78,315	88,834	97,106	119,424	147,238	141,789	119,556	147,521	157,167	124,494	191,746	
United States of America	147,835	149,982	186,262	299,974	372,759	360,813	341,985	281,820	261,340	350,179	458,594	463,256	430,910	
Uruguay	68	15	27	49	46	67	93	91	87	78	164	189	114	
Vanuatu						0	0		1	0	48			
Venezuela	171	170	304	45	145	148		596	70	46	23	260	109	
Viet Nam	57	305	1,349	1,915	133	4,594	3,922	2,343	22,804	7,703	16,392	5,400		
Yemen				149	458	167	252	2,780	30	0	44	2		
Zambia	2	0	0	0	0	0	0	0	8	0	0	856	6	
Zimbabwe	88	22		0	6	0	27	0	1	0	0	0	3	
