List of importing markets for a product exported by Botswana (Mirror) Product: TOTAL All products
"Importers"	"Exported value in 2001"	"Exported value in 2002"	"Exported value in 2003"	"Exported value in 2004"	"Exported value in 2005"	"Exported value in 2006"	"Exported value in 2007"	"Exported value in 2008"	"Exported value in 2009"	"Exported value in 2010"	"Exported value in 2011"	"Exported value in 2012"	"Exported value in 2013"	
Total	1,379,585	1,675,800	2,035,751	2,876,550	4,056,612	3,550,591	2,833,078	2,363,839	2,087,429	2,757,947	5,451,007	5,158,247	6,665,787	
Albania	0	0	0	0	0	0	0	0	0	0	0	0	0	
Algeria	0	18	239	6	505	6	21	41	47	118	51	299	154	
Antigua and Barbuda					0		0		0	0	0	0	1	
Argentina	0	0	0	0	0	0	0	0	0	0	0	2	1	
Armenia	0	0	0	0	0	0	0	4	0	0	0	0	0	
Australia	3	8	15	52	63	30	40	63	31	24	621	39	651	
Austria	289	112	118	100	241	22	127	899	37	19	23	45	18	
Azerbaijan	18	0	0	0	0	0	0	0	0	0	0	0		
Bahrain	0	0	0	0	0	0	0	0	0	0	0			
Bangladesh	0	2	0	0	0	0	21							
Barbados	0	0	0	0	0	0	3	0	11	0	0	40	0	
Belarus	0	0	0	0	0	0	0	0	0	0	0	1	0	
Belgium	7,537	14,363	11,664	16,331	25,440	46,541	52,026	109,768	112,330	194,148	203,181	285,494	823,938	
Belize	0	0	0	0	0	0	0	0	0	0	0	0	1	
Benin	0	15	0	0	0	0	0	0	0	0	0	3	0	
Bolivia	0	0	0	0	0	1	8	0	0	0	0	0		
Bosnia and Herzegovina			1	1	2	2	0	8	0	0	10	0	0	
Botswana	0	23,166	0	0	0	0	0	0	0	0	0	0	0	
Brazil	0	0	0	16	0	0	15	11	272	169	5	10	11	
Brunei Darussalam	22	9	1	0		0				5	0	0	0	
Bulgaria	0	1	0	0	0	6	6	33	0	0	3	1	2	
Burkina Faso	0	0	0	125	0		0	0	0	0	0	545		
Burundi	0	0	0	0	0	0	0	0	0	0	0	0	0	
Cambodia	3	0	0	0	0	0	0	0	0	4	3	0		
Cameroon	0	0	0	0	1	0	0	1	1	1	12	0		
Canada	405	561	12,396	17,486	823	408	64,316	12,206	25,155	6,723	137	914	7,627	
Central African Republic	0	0	0			0	0	0	0	20	0	0	0	
Chile	0	0	0	0	0	0	0	2	0	1	49	0	0	
China	0	5	2,176	2,861	4,004	8,166	26,435	183,913	65,287	53,366	100,668	119,479	196,177	
Colombia	16	0	0	68	14	6	2	2	11	0	11	120	0	
Comoros	0	0	0	0	0	30	0	0	0					
Congo							0	0	2	2	0	0	0	
Costa Rica	0	11	6	10	0	20	40	42	0	32	24	18	13	
Côte d'Ivoire	11	1	0	7	0	0	0	49	0	68	0	0		
Croatia	0	0	1	1	4	10	0	1	5	7	1	25	0	
Cuba	0	0	0	0	0	0								
Cyprus	0	0	0	0	0	0	0	428	0	81	99	0	247	
Czech Republic	1	8	241	1,789	18	5	5	83	200	201	10	3	244	
Denmark	133	24	41	7	7	16	3	14	28	57	34	31	17	
Dominican Republic	46	1	94	4	0	82	1,484	0	7	8	0	10	3	
Ecuador	130	21	0	0	0	0	0	0	0	0	0	0	5	
Egypt	0	51	0	71	0	0	20	0	11	26	25	122	127	
El Salvador	2	61	0	23	0	0	0	0	8	0	4	0	0	
Estonia	0	0	0	4	0	0	0	0	0	0	0	15	0	
Ethiopia	0	24	36	81	54	41	15	44	17	85	49	13		
Fiji		0	0	0	0	0	0	0	0	0	0	0		
Finland	19	0	0	17,911	7,384	1	18,927	8	15,841	13,360	5	1	19,720	
France	3,609	2,898	2,214	4,662	5,321	4,399	4,785	6,111	3,591	2,728	772	319	212	
French Polynesia	0	0	1	1	0	0	0	0	0	0	0	0	0	
Gabon	0	0	0	0	0	0	0	0	0					
Gambia	0	0	0	0	0	0	0	0	0	0	0			
Georgia	4	5	0	0	0	0	0	0	0	0	0	0	0	
Germany	11,917	7,387	8,055	11,497	12,732	11,674	25,081	19,851	20,032	23,025	2,366	660	6,625	
Ghana	7		20		97	17	40	46	91	37	23	190		
Greece	2,643	2,754	4,232	4,928	5,978	4,429	9,305	3,247	7,773	2,970	646	0	565	
Guatemala	0	0	0	0	0	3	0	0	0	0	0	0	0	
Guinea	0	0		130	0	26	0	0		0	0	0		
Guyana	0	11	0	0	7	20	14	3	25	3	8	0	0	
Honduras	0	98	12	354	387	0	445	0	1	0	2	0	0	
Hong Kong, China	113	5	2	1	6	249	3	0	2,610	1,454	4,124	16,221		
Hungary	2,843	4,026	3,169	1	0	0	7	70	19	34	1	0	3	
Iceland	0	0	0	0	0	0	0	0	0	0	0	0	0	
India	1	6	48	165	394	35	22	20,852	4,964	26,425	36,865	65,372	190,629	
Indonesia	15	0	1	27	0	0	3	4	2	3	2	2	3	
Iran (Islamic Republic of)	0	36	0	42	9	0				0	807			
Ireland	339	197	121	104	9	443	5	3	4	16	5	3	4	
Israel	1,031	605	116	48	31	0	2	10	17	133	49	416	13	
Italy	5,902	3,228	5,018	4,173	2,643	2,075	851	220	39	25	59	139	133	
Jamaica	0	0	0	0	0	0	0	0	0	0	0	0		
Japan	0	425	20,058	24,595	27,402	25,336	29,047	27,687	18,892	23,463	32,145	27,637	23,063	
Kazakhstan	0	0	0	0	0	0	0	1	1	0	0	0	0	
Kenya	68	168	103	47	53	235	331	53	16	291	182			
Korea, Republic of	0	144	761	1,067	766	1,096	1,193	985	793	458	808	197	372	
Kuwait	0	0	2	33		28	2	56						
Kyrgyzstan	0	3	0	0	0	0	0	0	0	0	0	0		
Latvia	0	0	0	0	0	0	0	0	0	2	0	1	0	
Lebanon	0	0	0	2	0	1	0	2	2	5	5	0	49	
Lesotho	1,691	632	3					195	0	2,263				
Lithuania	0	0	0	0	0	0	0	0	0	0	0	0	0	
Luxembourg	0	0	0	41	0	0	0	932	48	29	19	33	88	
Macao, China	2	0	0	0	0	0	0	0	0	0		0		
Madagascar	0	18	4	0	63	9	0	36	259	1	1	9	0	
Malawi	1,930	3,293	2,955	2,908	1,381	2,456	2,659	3,599	4,310	7,476	45,199	8,474	8,483	
Malaysia	13	5	2	0	1	61	8	58	22	38	12	14	20	
Mali	0	0	3	25	0	0	0	21		0	181	0		
Malta	0	0	0	0	0	0	0	0	0	0	0	0	0	
Mauritania	0	0	0	0	0		0	0	0	74	0	55		
Mauritius	104	528	111	285	381	91	790	1,806	478	27	10	34	301	
Mayotte	10	0	0	0	11	0	0	0	0					
Mexico	24	46	67	424	42	122	152	51	81	216	137	168	132	
Montenegro						0	0	0	0	0	0	1	0	
Morocco	0	0	0	0	0	0	0	117	0	3	0	0	0	
Mozambique	69	111	209	79	2,758	1,646	1,571	760	1,140	926	1,610	2,269	2,825	
Myanmar										0				
Namibia	2,319	1,914	1,861	5,444	5,503	6,750	9,579	16,232	21,527	18,950	30,727	113,332	186,105	
Netherland Antilles					0	0	9	0						
Netherlands	353	282	597	707	564	474	876	535	664	1,704	245	2,330	618	
New Caledonia	0	0	0	0	0	0	1	1	0	0	0	0	0	
New Zealand	0	0	0	4	0	0	3	14	0	0	0	0	9	
Nicaragua	0	0	0	7	1	0	0	0	0	0	0	0	0	
Niger	0	15	0	0	0	0	0	0	0	0	0	1	0	
Nigeria	394	1,405	759			795	161	160,310	630,347	438,090	0	128,668		
Norway	75,395	76,311	161,535	182,530	329,606	391,168	541,046	607,704	284,557	462,391	333,439	317,128	322,789	
Oman	117	0	0	0	0	0	0	0	0	0	0	0	0	
Pakistan			299	41	417	168	131	156	68	27	69	179	19	
Palestine, State of							0	0	9	55	0	0		
Papua New Guinea	0	0	0	0							64	0		
Paraguay	0	0	0	6	0	0	0	0	0	0	0	0	0	
Peru	0	0	0	0	0	2	2	0	0	0	0	0		
Philippines	0	10	0	0	0	0	0	1	0	0	1	0	0	
Poland	80	55	655	2,235	26	6	87	250	246	19	45	18	132	
Portugal	16,912	20,485	19,535	9,016	7,338	3,628	1,878	684	184	91	344	839	0	
Qatar	4	0	0	0	0	0	0	0	0	0	5	0	1	
Republic of Moldova	0	0	0	0	0	0	0	0	0	0	0	0	0	
Romania	0	0	0	0	2	2	874	11	7	3	0	0	0	
Russian Federation	0	1	77	9	2	2	0	57	4	7	0	0	0	
Rwanda	0	0	1	176	0	0	31	29	3	15	2	9	3	
Saint Lucia	0	1	0	0	0	0	0	0						
Saudi Arabia	164	222	17	41	33	10	12	155	0	0	443	0		
Senegal	14	0	0	14	0	2	0	0	0	0	1	105	1	
Serbia					16	5	2	32	0	5	1	1	1	
Serbia and Montenegro	57	2		14										
Seychelles	0	0	0		238	0		3						
Singapore	310	201	0	0	0	0	0	0	0	0	98	124	55,775	
Slovakia	0	0	1	0	4	9	0	128	520	29	6	1	0	
Slovenia	1	0	5	35	202	4	8	40	46	335	83	0	0	
South Africa	34	31	4,039	344	302,568	265,320	218,596	182,716	104,074	148,363	158,330	88,152	525,396	
Spain	118	401	1,332	2,186	619	574	650	632	1,879	1,801	214	2,217	642	
Sri Lanka	0	0	0	0	0	0	0	34	0	0	40	12		
Sudan (North + South)	30	1	0	26	91	0		0	0	0	1			
Suriname	0			0	0	2	0		0	0	0			
Swaziland	2,378	752	1,702	693	1,096	4,368	11,338							
Sweden	147	60	46	28	18	8	3	19	74	331	83	67	62	
Switzerland	254	88	77	201	149	79	29	188	38	243	18	309	566	
Syrian Arab Republic	0	0	0	0	0	0	0	0	0	2				
Taipei, Chinese	0	0	0	36	58	0	0	630	145	0	0	10	0	
Tanzania, United Republic of	162	264	603	604	728	1,098	1,957	487	330	2,476	5,372	6,715	967	
Thailand	456	231	77,492	85,567	113,005	96,447	109,727	85,262	37,224	41,844	72,627	21,484	30,706	
Trinidad and Tobago	0	0	33	16	0	0	13	0	4	0				
Tunisia	61	12	0	8	66	5	1	5	1	54	32	215	64	
Turkey	55	2	0	0	19	13	1,335	198	186	0	1	0	0	
Uganda	85	56	127	314	52	412	42	60	144	135	155	120	120	
Ukraine	0	0	0	1	0	0	1	1	1	2	1	1	1	
United Arab Emirates					0		260	0						
United Kingdom	1,179,614	1,426,201	1,669,861	2,301,071	2,899,368	2,184,734	1,073,453	451,117	356,364	876,036	3,875,056	3,587,677	3,771,926	
United States of America	20,921	30,198	14,221	74,231	179,674	253,610	188,838	219,713	132,738	170,477	294,290	217,190	283,994	
Uruguay	0	0	0	0	0	18	0	0	0	0	0	0	0	
Vanuatu						0	0		0	3	0			
Venezuela	0	0	0	0	0	0		0	0	0	0	0	3	
Viet Nam	0	0	0	0	0	0	0	0	0	0	0	0		
Zambia	4,579	4,283	6,560	9,431	11,492	18,981	23,316	27,191	32,935	18,129	42,005	29,009	27,471	
Zimbabwe	33,601	47,225		88,921	104,625	212,053	408,989	214,848	198,599	215,680	206,146	112,890	175,939	
