List of importing markets for a product exported by Afghanistan (Mirror) Product: TOTAL All products
"Importers"	"Exported value in 2001"	"Exported value in 2002"	"Exported value in 2003"	"Exported value in 2004"	"Exported value in 2005"	"Exported value in 2006"	"Exported value in 2007"	"Exported value in 2008"	"Exported value in 2009"	"Exported value in 2010"	"Exported value in 2011"	"Exported value in 2012"	"Exported value in 2013"	
Total	71,046	71,593	187,399	205,917	263,815	252,369	351,259	507,935	1,280,309	590,259	493,648	457,681	705,276	
Albania	0	0	0	0	0	0	0	0	1	2	0	3	5	
Algeria	52	2,295	8	10	46	11	76	51	1,204	103	0	1	0	
Andorra	8	13	0	0										
Anguilla	1	0	0											
Antigua and Barbuda					12		0		1	0	1	5	0	
Argentina	1	0	137	2	0	61	266	7	0	0	8	19	441	
Armenia	0	0	0	0	0	0	0	0	3	18	3	2	6	
Australia	18	99	96	150	159	372	92	353	151	146	755	1,719	1,026	
Austria	259	148	399	218	52	185	253	67	24	117	124	56	57	
Azerbaijan	2	0	1	2	1	2	4	54	23	11	27	0		
Bahamas	0	0	0	0	0	0	0	0	0	0	0	0		
Bahrain	49	76	38	150	68	177	241	293	70	75	101			
Bangladesh	0	3,236	7,899	8,675	6,765	11,703	13,267							
Barbados	0	1	1	1	1	0	0	0	3	56	19	26	35	
Belarus	296	385	629	448	131	1,435	1,312	2,923	1,711	1,954	2,845	1,486	1,173	
Belgium	4,856	4,721	7,108	7,328	7,334	4,145	4,354	6,783	2,572	1,914	1,494	2,457	1,384	
Belize	1	0	0	0	138	0	0	10	0	0	0	0	0	
Benin	0	238	93	0	0	95	3	12	35	38	15	141	71	
Bermuda												4	13	
Bolivia	0	1	0	1	0	29	4	0	9	2	2	3		
Bosnia and Herzegovina			0	3	2	5	3	61	5	9	23	95	60	
Botswana	0	0	0	5	13	0	0	0	0	0	0	0	0	
Brazil	1,490	934	216	327	321	293	580	169	98	36	692	122	243	
Brunei Darussalam	47	25	54	25		18				2	9	2	9	
Bulgaria	6	1	43	47	4	19	8	189	0	6	14,950	3	4	
Burkina Faso	3	1	0	0	24		15	0	1	9	26	5		
Burundi	1	0	0	0	0	4	0	0	0	0	0	1	0	
Cabo Verde	0	0	0	0	0	0	11		0	0	0	0	0	
Cambodia	42	0	0	36	1	3	61	38	4	0	125	2		
Cameroon	0	0	19	94	2	0	2	41	1	0	0	5		
Canada	265	232	443	288	381	697	704	1,152	1,276	1,704	1,606	2,042	1,964	
Chile	26	136	35	0	8	25	40	40	1	9	24	52	167	
China	162	80	612	947	1,512	186	2,376	2,693	1,376	3,680	4,403	5,187	9,567	
Colombia	307	1,039	191	341	19	441	86	216	83	129	137	303	163	
Comoros	0	0	0	0	0	0	0	24	0					
Congo							0	1	0	0	0	0	20	
Costa Rica	53	388	137	91	44	67	127	6	2	40	36	18	25	
Côte d'Ivoire	0	0	0	0	0	84	2	1	18	11	0	11		
Croatia	19	60	254	388	10	46	229	198	83	130	100	130	11	
Cuba	50	30	109	51	56	51								
Cyprus	49	26	59	0	62	22	34	26	0	0	0	9	0	
Czech Republic	126	35	133	1,310	489	1,122	588	474	375	628	811	218	87	
Denmark	2,273	1,073	1,920	2,884	3,345	6,279	463	3,016	51	5,126	258	174	697	
Dominica	1	6	19	49	17	2	0	0	0	0	0	11		
Dominican Republic	0	513	599	44	234	1,789	643	5,724	736	421	91	261	163	
Ecuador	589	177	117	94	4	3	0	13	0	0	0	6	18	
Egypt	1,238	1,689	216	236	3,070	2,131	2,586	686	779	726	535	343	1,043	
El Salvador	153	0	0	0	125	390	10	6	10	1	0	706	42	
Estonia	10	0	15	19	25	0	16	9	0	0	27	12	0	
Ethiopia	89	49	80	38	0	13	41	1	5	9	4	3		
Faroe Islands	0	1	1	1	1	0	0	3	0					
Fiji		5	0	17	3	5	106	14	0	0	0	0		
Finland	7,145	6,887	5,844	5,615	10,709	14,145	11,137	20,940	5,204	7,686	9,949	12,771	16,924	
France	967	1,291	2,050	1,434	753	1,091	2,506	1,930	3,331	1,980	4,973	4,960	8,347	
French Polynesia	1	1	0	3	1	0	0	8	0	1	1	0	4	
Gabon	0	0	80	84	366	17	11	36	2					
Gambia	0	4	0	0	3	0	0	19	0	0	21			
Georgia	2	0	0	0	3	58	10	6	11	7	27	28	1,036	
Germany	7,287	5,475	5,030	11,294	4,055	4,678	6,954	4,021	7,389	31,357	15,172	19,604	16,559	
Ghana	11		2		1	16	0	2	0	0	6	0		
Greece	17	30	633	12	498	1,714	15	109	35	24	153	24	16	
Greenland	0	0	0	0	0	20	0	0	1	0	0	0	5	
Guatemala	63	7	535	185	34	3	35	61	23	46	10	25	29	
Guinea	0	0		0	0	0	199	1		0	0	1		
Guyana	0	0	0	0	0	28	0	0	0	0	0	0	0	
Honduras	12	142	269	2,319	2,332	70	3,830	12	0	0	10	0	2	
Hong Kong, China	0	23	1	0	0	0	82	82	106	529	866	670		
Hungary	13	134	123	19	5	37	18	17	9	4	1	2	12	
Iceland	9	0	0	1	12	0	0	0	0	0	0	13	0	
India	19,947	17,396	26,914	53,233	54,385	46,611	76,052	133,089	120,522	143,652	120,111	79,744	213,197	
Indonesia	1,428	632	1,176	201	43	247	262	39	1,028	1	7	61	16	
Iran (Islamic Republic of)	733	238	895	3,796	6,057	0				12,941	12,769			
Ireland	18	413	81	214	2,669	45	340	135	42	26	46	133	138	
Israel	156	485	1,724	1,268	1,540	1,141	3,902	3,263	1,100	222	80	207	5,978	
Italy	763	424	675	3,769	1,966	1,214	681	1,345	299	759	1,525	4,907	6,554	
Jamaica	0	0	0	0	0	4	0	0	0	2	0	0		
Japan	171	1,603	2,024	1,063	2,719	604	258	726	456	441	424	350	539	
Jordan	299	628	924	1,256		1,323	1,022	1,253	1,372	1,916	2,832	1,791	2,827	
Kazakhstan	34	7	4	260	158	891	4,013	6,658	1,204	1,233	3,833	594	2,814	
Kenya	238	114	0	95	17	41	208	155	43	225	121			
Korea, Republic of	81	255	169	88	75	66	128	909	111	106	117	48	142	
Kuwait	67	62	4,382	183		27	143	34						
Kyrgyzstan	0	3	61	259	190	128	216	577	655	1,434	69	269		
Latvia	0	0	15	0	0	0	0	0	1	30	52	546	6,320	
Lebanon	2,285	1,699	427	85	31	179	67	538	54	56	24	83	721	
Lithuania	0	0	87	35	14	0	0	0	659	276	491	106	9	
Luxembourg	5	3	3	6	9	149	25	59	19	7	0	4	1	
Macao, China	0	0	0	81	0	0	0	0	0	0		0		
Macedonia, The Former Yugoslav Republic of	1	4	14	3	0	9	2		8	8	3	2	5	
Madagascar	1	0	0	0	0	19	0	3	2	0	3	0	0	
Malawi	0	0	0	0	2	0	0	0	3	3	0	0	3	
Malaysia	1,369	11	18	116	21	14	12	20	26	57	26	37	1,211	
Mali	11	59	33	37	21	0	0	0		2	6	15		
Malta	10	4	4	0	157	0	0	0	1	171	1	0	0	
Mauritania	0	0	0	0	0		0	0	0	0	64	77		
Mauritius	0	0	17	22	9	38	43	41	1	112	0	10	1	
Mayotte	0	1	0	1	13	0	0	0	0					
Mexico	181	20	176	555	384	945	551	2,513	548	360	314	1,282	1,949	
Mongolia	0		0	0	0	0	3						3	
Montenegro						7	0	1	2	3	0	2	1	
Morocco	75	3	0	14	3	2	0	10	0	2	0	2	74	
Mozambique	1,413	7	101	401	163	237	205	185	97	180	534	1,125	1,034	
Myanmar										88				
Namibia	0	0	0	0	0	0	0	0	0	1	33	0	0	
Nepal			28						80	4	7			
Netherlands	34	17	45	182	106	188	165	485	1,728	1,338	2,480	4,585	1,615	
New Caledonia	0	0	0	5	7	7	0	7	3	4	14	4	7	
New Zealand	105	169	136	98	1,098	484	194	48	59	51	164	193	334	
Nicaragua	0	2	1	6	0	0	0	0	1	0	0	1	0	
Niger	0	1	0	3	17	28	25	1	18	0	1	0	1	
Nigeria	368	1	74			76	3,319	70,262	842,726	100,405	0	1		
Norway	349	209	143	113	148	439	1,295	193	1,007	360	283	181	178	
Oman	0	0	433	0	0	0	0	0	0	0	0	0	2	
Pakistan			31,141	48,790	53,218	64,944	89,493	85,545	121,162	138,375	199,529	235,091	307,598	
Palestine, State of							0	0	0	20	0	0		
Papua New Guinea	0	0	0	0							3	2		
Paraguay	0	0	0	0	0	0	0	0	0	0	0	0	0	
Peru	57	42	26	33	50	42	13	25	7	24	23	54		
Philippines	35	0	97	0	2	22	15	397	209	154	333	245	349	
Poland	1,046	365	328	230	2,375	1,175	361	1,017	376	682	1,741	1,205	203	
Portugal	15	34	56	7	0	9	3	0	0	2	0	579	15	
Qatar	8	24	0	17	645	82	37	33	32	0	0	0	519	
Republic of Moldova	0	3	2	0	2	2	0	0	0	0	0	0	0	
Romania	5	1	3	14	27	79	12	0	2	174	1	0	2	
Russian Federation	2,780	5,083	6,625	4,137	3,875	11,510	8,800	15,099	15,300	19,486	28,053	11,304	14,280	
Rwanda	0	0	0	0	0	1	1	389	0	0	1	1	0	
Saint Kitts and Nevis	7	3	9	3	0	37	2	0	16	4	90			
Saint Lucia	7	0	0	0	0	0	0	0						
Saint Vincent and the Grenadines	48	1	1	14	0	1	0	12	0	0	0	0		
Saudi Arabia	309	510	218	370	525	532	120	472	392	215	0	141		
Senegal	137	0	6	108	94	0	0	0	0	77	1,620	2,058	2,276	
Serbia					49	43	36	153	59	40	62	49	45	
Serbia and Montenegro	0	0		0										
Seychelles	0	0	0		24	0		2						
Singapore	4	203	268	487	2,626	4,754	6,317	67	739	500	0	696	336	
Slovakia	4	0	0	8	1	18	7	83	74	19	33	148	92	
Slovenia	102	37	164	3	27	13	19	25	31	23	51	28	54	
South Africa	3	5	60	905	220	301	485	210	651	570	436	658	257	
Spain	3,320	478	454	1,379	1,329	114	385	511	498	597	4,299	3,749	7,736	
Sri Lanka	17	86	272	122	122	309	0	353	698	1,110	8	9		
Sudan (North + South)	0	0	0	0	2	0		24,709	6,140	1,582	7,145			
Suriname	0			0	0	0	0		0	0	7			
Swaziland	0	0	0	579	0	0	0							
Sweden	152	97	77	51	3	52	25	17	131	3,218	796	3,905	795	
Switzerland	529	204	776	179	187	406	331	192	70	589	129	1,299	4,072	
Syrian Arab Republic	0	0	413	0	122	534	676	232	540	1,645				
Taipei, Chinese	1	0	32	26	1	1	23	12	7	84	176	14	50	
Tanzania, United Republic of	17	20	1	0	0	0	0	0	15	1	0	1	15	
Thailand	231	40	175	535	377	269	883	1,056	265	59	44	60	516	
Timor-Leste				0	0									
Togo	0	0	0	3	0		0	0	14	0	0	0	0	
Trinidad and Tobago	22	53	840	521	218	13	1	36	60	1				
Tunisia	1,577	1,120	1,522	780	1,215	1,409	745	447	247	117	33	71	4	
Turkey	420	1,053	2,684	6,776	8,301	9,587	12,493	8,506	4,639	5,098	4,795	6,461	10,721	
Uganda	24	7	94	3	27	1	5	35	2	0	0	0	0	
Ukraine	24	78	153	109	62	260	79	738	239	471	1,121	897	2,270	
United Arab Emirates					3,222		4,469	2,600						
United Kingdom	1,043	1,014	1,124	1,747	995	800	2,017	1,676	1,785	2,589	14,084	4,024	4,603	
United States of America	792	4,746	62,735	25,091	67,650	45,827	76,810	86,907	124,108	87,067	20,545	34,278	40,763	
Uruguay	27	0	0	8	3	0	0	0	0	1	1	0	1	
Vanuatu						0	0		1	0	0			
Venezuela	12	109	10	141	946	234		1,231	1,029	301	1,587	424	597	
Viet Nam	60	0	1	0	0	0	0	0	0	0	0	0		
Yemen				7	0	38	63	0	74	134	28	105		
Zambia	0	0	0	0	0	0	0	0	0	0	0	16	0	
Zimbabwe	0	0		0	0	0	2	1	0	8	0	8	5	
