List of importing markets for a product exported by Hungary (Mirror) Product: TOTAL All products
"Importers"	"Exported value in 2001"	"Exported value in 2002"	"Exported value in 2003"	"Exported value in 2004"	"Exported value in 2005"	"Exported value in 2006"	"Exported value in 2007"	"Exported value in 2008"	"Exported value in 2009"	"Exported value in 2010"	"Exported value in 2011"	"Exported value in 2012"	"Exported value in 2013"	
Total	31,720,512	34,253,013	41,452,114	51,688,528	57,470,178	67,070,118	89,116,049	99,192,851	75,247,616	87,986,586	99,240,680	91,569,238	96,570,760	
Afghanistan								15	521	4	87	0		
Albania	14,273	12,562	12,579	16,606	19,439	24,512	40,454	72,013	38,356	40,227	50,693	38,229	40,948	
Algeria	15,792	28,051	36,070	36,588	73,731	101,645	108,445	62,329	61,889	62,232	101,517	114,444	339,110	
Andorra	1,300	1,858	916	871										
Antigua and Barbuda					54		71		47	85	57	72	150	
Argentina	22,153	8,688	18,941	21,546	1,824	37,054	53,809	53,539	47,426	72,520	119,790	129,629	147,942	
Armenia	1,676	2,249	2,908	3,421	3,936	6,999	23,682	31,083	13,443	18,074	24,579	17,624	15,262	
Aruba					343				0	0	0	0		
Australia	49,165	93,378	88,870	114,842	152,961	180,708	274,605	353,763	343,801	402,883	424,013	334,456	294,617	
Austria	2,407,867	2,413,631	2,970,052	3,388,178	3,062,734	3,229,015	3,848,389	4,742,020	3,200,903	4,180,955	5,564,494	5,260,050	5,100,003	
Azerbaijan	3,766	2,008	3,122	2,485	4,820	10,412	12,159	17,080	14,023	14,269	36,750	23,710		
Bahamas	183	60	0	11	2,143	90	1	83	0	50	17	36		
Bahrain	1,639	7,446	5,226	3,709	6,020	2,841	5,062	15,429	12,038	14,577	55,523			
Bangladesh	3,181	2,120	3,063	3,375	19,265	8,316	23,266							
Barbados	143	95	148	354	706	582	908	796	772	994	899	573	827	
Belarus	28,264	28,099	37,802	55,911	80,055	111,774	130,453	174,095	130,295	150,705	141,983	139,925	162,801	
Belgium	1,416,055	1,334,316	1,203,824	1,081,380	1,215,731	1,486,029	1,652,674	2,021,310	1,346,692	1,459,179	1,620,059	1,506,548	1,710,704	
Belize	11	2	5	32	99	47	146	134	86	0	1	0	17	
Benin	81	186	14	22	39	61	29	66	669	546	234	405	213	
Bermuda												105	126	
Bhutan					0	0	0	14	0	0	0			
Bolivia	374	201	142	293	575	700	2,080	2,400	1,490	1,223	23,138	2,646		
Bosnia and Herzegovina			127,298	219,697	258,434	261,968	334,959	538,339	271,659	282,308	269,906	271,250	299,650	
Botswana	0	40	1	438	1,659	319	1,648	843	599	981	1,202	507	78	
Brazil	98,925	83,283	101,415	129,797	113,732	115,486	132,818	177,072	148,612	224,188	282,801	338,706	487,422	
Brunei Darussalam	27	28	20	46		119				1,211	865	745	612	
Bulgaria	80,411	101,708	135,240	175,536	212,161	298,142	629,771	728,886	787,914	793,608	985,616	977,850	1,043,961	
Burkina Faso	68	95	62	154	48		1,039	912	1,678	1,151	1,817	2,810		
Burundi	0	0	0	1	2	0	0	0	307	0	140	433	0	
Cabo Verde	156	11	0	5	0	0	0		2	0	5	8	14	
Cambodia	93	58	137	30	39	38	39	78	21	65	25	57		
Cameroon	451	2,397	3,178	2,363	2,822	3,798	3,685	3,282	3,745	5,207	7,496	6,442		
Canada	106,426	106,558	137,349	161,395	181,610	240,401	299,922	371,089	326,058	334,983	361,504	422,123	418,551	
Central African Republic	0	0	0			0	23	39	47	115	0	182	0	
Chile	8,481	5,461	11,988	11,698	11,847	13,115	18,013	18,486	19,468	28,698	18,417	31,126	52,430	
China	130,361	168,832	301,364	475,591	365,529	699,306	1,210,080	1,382,204	1,466,426	2,197,692	2,452,217	2,323,098	2,715,222	
Colombia	9,203	4,979	3,391	19,095	40,986	12,446	13,236	16,754	12,899	16,693	24,162	29,604	53,016	
Comoros	10	0	0	0	0	0	0	0	0					
Congo							25	48	174	189	3,074	2,890	2,375	
Cook Islands					0									
Costa Rica	309	476	290	619	616	840	4,331	2,536	1,341	1,131	1,895	3,889	3,623	
Côte d'Ivoire	1,812	2,691	2,473	5,220	6,216	6,894	10,402	8,457	5,382	7,254	5,421	5,336		
Croatia	238,351	317,758	424,413	508,711	574,161	650,199	757,285	976,526	687,967	559,645	682,130	636,153	1,306,590	
Cuba	1,446	1,352	1,367	896	912	923								
Cyprus	8,704	13,347	9,154	18,175	56,781	39,280	57,413	51,900	43,539	31,360	28,445	20,242	14,151	
Czech Republic	632,347	857,042	1,042,666	1,397,440	1,675,700	2,267,418	3,358,696	3,866,685	2,356,825	2,733,596	3,341,922	3,308,285	3,424,312	
Denmark	134,073	163,237	232,784	327,101	399,236	452,632	760,173	808,178	555,140	595,997	723,934	744,455	795,765	
Dominica	14	19	16	30	15	28	7	0	11	1	0	0		
Dominican Republic	238	388	974	913	1,187	551	1,048	2,080	6,036	2,328	1,792	2,750	2,994	
Ecuador	1,187	433	1,779	14,880	231	443	1,058	369	747	1,193	6,537	2,828	7,194	
Egypt	16,666	29,521	22,892	16,761	18,643	25,625	21,660	205,697	90,562	120,151	96,850	99,788	127,701	
El Salvador	94	16	40	18	36	303	165	248	208	86	879	728	788	
Estonia	42,160	38,930	64,013	126,483	113,903	121,346	107,594	103,280	73,426	92,005	218,552	200,679	243,750	
Ethiopia	11,791	2,673	2,383	2,525	1,564	1,749	4,510	3,011	3,052	3,641	5,430	12,122		
Faroe Islands	409	430	629	719	1,143	2,246	2,780	2,683	1,001					
Fiji		2	5	18	11	34	7	3	15	52	44	65		
Finland	170,661	230,659	425,484	584,887	929,201	546,225	524,747	562,838	315,468	297,607	253,061	236,514	297,058	
France	1,771,824	1,878,231	2,441,250	2,656,097	2,987,502	3,465,362	4,351,168	4,763,262	3,906,761	4,233,195	4,737,056	4,097,287	4,224,551	
French Polynesia	1,925	1,619	2,086	3,309	3,891	3,212	2,599	2,867	2,681	3,121	3,030	2,863	3,534	
Gabon	509	0	970	603	705	574	396	1,464	16					
Gambia	56	0	0	0	4	0	0	79	0	30	28			
Georgia	5,045	5,259	7,656	10,153	14,336	20,171	27,087	34,657	24,810	28,485	34,387	53,030	50,599	
Germany	10,649,541	11,374,082	13,836,193	16,665,205	17,618,927	19,749,854	24,825,354	26,161,807	19,704,804	22,125,860	25,328,608	24,023,938	25,945,050	
Ghana	569		1,623		4,752	262	1,661	866	3,777	5,599	15,288	28,009		
Greece	115,669	126,275	180,782	250,306	305,406	353,602	519,539	507,690	320,805	301,395	328,505	335,717	377,941	
Greenland	0	0	1,042	0	0	1,025	268	762	701	855	2,822	3,053	2,417	
Grenada	41	63	56	32	25	53	15	112						
Guatemala	672	722	316	403	2,704	356	928	569	1,355	155	915	481	856	
Guinea	19	28		40	37	30	86	93		114	135	139		
Guyana	4	24	0	0	0	10	0	97	1	26	29	5	1	
Honduras	0	92	42	1,213	286	374	327	917	90	634	742	1,025	1,517	
Hong Kong, China	23,329	367,082	186,365	100,784	85,994	70,061	116,499	135,192	115,228	200,811	268,953	274,499		
Iceland	4,273	7,634	10,156	20,076	40,159	30,123	27,621	20,308	14,142	13,260	14,287	13,018	12,443	
India	17,573	26,616	24,901	29,420	32,909	48,587	95,942	151,601	201,969	328,032	406,552	294,624	231,137	
Indonesia	6,323	10,744	11,814	12,340	21,542	12,546	25,824	31,964	108,399	146,916	341,172	162,369	110,282	
Iran (Islamic Republic of)	43,375	52,200	18,107	24,180	25,868	27,701				23,120	26,545			
Ireland	366,361	171,032	185,036	267,019	229,543	419,824	453,068	470,243	352,765	267,650	154,117	140,149	144,770	
Israel	76,365	77,430	110,374	170,847	144,114	399,038	195,729	288,831	252,280	268,639	259,890	390,294	335,642	
Italy	1,741,179	1,808,410	2,103,169	3,070,393	3,507,304	4,239,856	5,535,782	5,553,253	4,242,710	4,769,832	5,063,515	4,511,056	5,121,697	
Jamaica	117	523	3,117	785	5,933	6,254	7,316	8,193	13,023	941	7,971	6,797		
Japan	392,633	387,989	429,788	509,108	565,071	579,027	621,628	722,850	643,245	817,794	848,997	902,530	858,394	
Jordan	7,837	17,258	39,083	55,156		105,367	226,375	201,246	42,461	26,518	58,274	43,703	32,310	
Kazakhstan	32,541	38,925	42,173	58,003	69,555	84,742	122,594	150,612	99,487	127,716	164,319	143,731	141,173	
Kenya	1,483	1,377	2,313	1,419	2,186	5,213	29,549	19,456	8,646	16,542	29,758			
Korea, Republic of	99,249	105,313	86,736	123,261	150,880	228,563	257,704	361,429	304,388	400,895	471,009	474,902	467,000	
Kuwait	30,810	31,962	75,800	73,976		71,190	120,507	173,026						
Kyrgyzstan	1,550	1,310	2,389	2,531	2,852	5,868	5,389	8,976	8,059	13,283	13,262	13,571		
Latvia	35,745	36,502	41,175	62,493	96,215	114,265	163,425	182,776	127,035	147,747	162,333	155,882	157,335	
Lebanon	26,347	26,639	24,842	26,602	26,921	23,877	29,582	34,702	34,910	52,490	45,009	56,380	95,471	
Lesotho	0	0	0					0	0	17				
Libya							27,665	13,012	5,106	8,639				
Lithuania	53,534	56,290	84,907	99,852	127,925	166,057	231,393	259,112	187,681	187,116	245,891	234,664	253,078	
Luxembourg	17,584	20,976	23,612	21,418	16,822	24,243	32,182	87,044	63,628	115,301	119,611	107,345	106,219	
Macao, China	111	234	96	227	586	374	1,938	3,868	1,363	2,213		1,067		
Macedonia, The Former Yugoslav Republic of	17,501	28,704	29,136	30,876	36,250	38,056	55,019		50,896	47,640	49,667	52,590	55,345	
Madagascar	433	296	861	967	621	836	2,951	1,552	27	188	2,103	1,798	2,022	
Malawi	1	455	36	46	4	650	284	236	332	309	288	266	405	
Malaysia	24,550	23,131	32,989	35,145	46,422	53,719	72,624	66,693	51,969	116,762	172,169	81,925	149,766	
Maldives	0	0	0	4	16	1	1	76	69	69	452	70	243	
Mali	306	45	241	385	78	626	501	242		1,479	921	1,098		
Malta	6,393	4,601	6,801	5,670	8,397	7,084	13,098	10,634	10,355	18,551	8,039	9,384	7,692	
Mauritania	7	10	3	3	7		0	0	24	9	0	152		
Mauritius	970	4,740	9,272	8,185	72,468	126,313	30,755	22,001	7,834	9,583	15,169	5,943	4,151	
Mayotte	186	178	190	371	402	267	775	427	351					
Mexico	107,387	149,822	106,496	176,473	253,504	315,220	294,772	354,420	275,622	404,804	415,944	626,587	795,650	
Mongolia	1,417		3,809	7,222	3,363	4,156	2,517						10,072	
Montenegro						22,033	29,524	42,043	23,113	16,868	17,231	24,123	28,181	
Montserrat	0	1	0	3	6	6	3	0	0			0	0	
Morocco	13,129	35,890	34,609	35,587	62,602	87,794	109,310	73,598	51,345	85,384	118,775	96,304	118,553	
Mozambique	631	184	25	198	1,332	1,086	1,311	403	317	234	386	143	411	
Myanmar										3				
Namibia	72	19	109	305	70	221	795	2,890	604	950	3,292	313	78	
Nepal			71						199	125	614			
Netherland Antilles					4	31	72	184						
Netherlands	1,132,267	1,171,014	1,184,806	1,658,091	1,779,897	1,707,845	2,405,964	2,952,912	2,594,027	2,885,373	2,774,217	2,736,481	2,683,748	
New Caledonia	1,096	1,099	1,527	2,391	2,873	3,345	3,861	5,444	9,084	7,220	7,270	6,684	7,855	
New Zealand	7,960	8,302	13,456	19,378	22,802	21,790	34,717	37,896	32,322	39,793	78,302	48,053	46,052	
Nicaragua	17	1	118	2,216	422	174	345	480	392	780	417	889	1,585	
Niger	293	115	93	93	155	61	279	217	179	315	697	1,044	1,121	
Nigeria	4,479	4,487	9,975			23,144	31,423	29,590	4,724	12,918	8,109	34,354		
Norway	107,178	138,958	224,924	316,225	302,695	338,816	441,280	446,057	354,229	347,777	396,992	372,203	369,410	
Oman	884	3,039	0	9,313	1,788	780	3,309	10,774	7,138	17,017	35,553	33,361	3,271	
Pakistan			21,356	18,480	64,767	68,931	112,360	88,850	18,868	18,115	61,787	33,824	21,800	
Palestine, State of							7,319	2,058	2,299	4,224	3,633	6,439		
Panama	505	42	0		88	238	177	516	1,070	1,032	676			
Papua New Guinea	0	74	24	0							34	143		
Paraguay	51	19	119	862	163	489	488	1,721	539	1,118	2,152	1,678	1,524	
Peru	3,836	2,668	2,638	5,596	4,646	7,495	10,456	14,653	9,808	12,172	18,397	24,171		
Philippines	26,659	22,092	28,366	14,141	8,240	12,135	10,743	10,866	13,696	25,821	6,944	14,275	11,295	
Poland	778,506	909,581	1,199,728	1,663,511	1,838,007	2,699,873	3,449,830	3,747,065	2,804,717	3,056,782	3,693,670	3,156,863	3,329,042	
Portugal	58,278	68,165	77,143	82,866	86,947	74,343	248,133	339,745	322,565	353,332	317,477	308,647	280,862	
Qatar	2,398	2,538	3,912	6,329	21,969	35,392	50,149	97,471	73,717	94,961	113,070	142,060	74,091	
Republic of Moldova	18,089	16,842	19,574	22,934	33,805	33,040	46,362	69,246	52,217	63,790	100,070	88,983	100,288	
Romania	599,287	638,610	867,972	1,033,779	1,337,700	1,670,094	4,856,665	6,131,828	4,548,206	5,382,663	6,650,037	6,319,118	6,048,725	
Russian Federation	447,478	512,969	599,594	739,881	1,100,158	1,867,673	2,601,426	3,684,927	2,631,121	3,141,425	3,332,864	3,103,472	3,006,747	
Rwanda	50	27	62	64	70	525	41	303	205	875	582	3,202	390	
Saint Kitts and Nevis	12	21	29	43	11	22	9	25	20	13	32			
Saint Lucia	60	29	23	37	349	84	12	35						
Saint Vincent and the Grenadines	47	7	6	2	52	104	68	152	42	40	45	55		
Samoa	0	0	0	0	0	0	0	0	8	0	0	3	0	
Sao Tome and Principe	0	0	0	4	0	0	0	0	0	0	0	0	0	
Saudi Arabia	57,764	95,507	123,719	178,677	320,051	450,312	511,853	621,269	502,780	661,987	1,011,122	733,715		
Senegal	430	1,083	1,052	2,225	1,082	3,132	4,015	3,675	2,388	1,171	3,158	1,647	8,995	
Serbia					267,230	306,472	720,590	815,308	645,926	807,984	909,695	936,866	1,010,926	
Serbia and Montenegro	193,819	275,662		321,174										
Seychelles	47	101	34		44	32		84						
Singapore	165,403	116,386	81,831	212,615	222,151	176,791	192,685	251,264	307,389	954,231	1,253,932	411,512	426,480	
Slovakia	377,012	454,074	775,919	998,003	1,228,833	1,952,593	3,040,803	3,599,399	2,609,521	2,758,178	3,104,117	2,814,769	3,560,000	
Slovenia	377,702	383,681	486,142	543,082	587,084	654,840	774,339	973,115	641,427	757,449	920,183	871,201	924,821	
Solomon Islands								0	30	0	1			
South Africa	46,450	58,973	149,040	284,925	367,086	432,290	580,603	409,768	267,545	557,316	723,971	503,755	340,140	
Spain	705,843	882,509	1,260,620	1,628,433	1,808,299	2,144,101	2,532,531	2,451,512	2,236,147	2,387,647	2,328,759	2,064,354	2,319,180	
Sri Lanka	1,036	1,045	980	952	1,391	1,184	762	1,753	3,454	10,405	1,727	1,521		
Sudan (North + South)	144	1,175	1,612	262	1,606	1,294		2,383	3,552	8,772	4,332			
Suriname	1			0	192	98	322		305	247	340			
Swaziland	0	0	0	0	0	9	0							
Sweden	273,120	296,117	481,740	832,031	840,277	862,050	1,078,597	1,192,411	884,588	990,681	1,092,642	1,026,465	1,020,490	
Switzerland	376,502	417,561	533,770	622,263	618,200	618,873	917,242	1,076,980	852,180	890,745	961,547	945,455	1,095,894	
Syrian Arab Republic	38,589	16,037	9,080	18,150	13,087	20,937	9,848	35,508	16,333	34,859				
Taipei, Chinese	103,786	86,767	51,300	90,004	124,046	72,847	69,056	92,379	56,575	114,097	126,179	116,049	160,265	
Tanzania, United Republic of	403	419	546	577	390	1,136	3,968	1,383	15,141	1,305	668	3,294	567	
Thailand	22,113	25,096	35,653	32,790	35,044	71,582	67,322	52,947	61,414	119,047	221,496	161,315	113,132	
Togo	9	1	0	9	0		41	120	247	124	252	466	687	
Tonga	0	0	0					0	0	1	0	0		
Trinidad and Tobago	720	899	1,419	864	1,570	1,892	5,557	5,234	3,861	3,595				
Tunisia	39,282	33,645	39,913	36,384	57,874	65,217	85,274	82,819	58,367	69,770	86,428	71,106	89,368	
Turkey	186,673	324,325	416,863	705,407	946,238	1,286,433	1,423,629	1,286,114	987,094	1,382,213	1,494,475	1,184,451	1,227,605	
Uganda	433	514	889	995	6,194	35,789	47,311	19,889	8,402	4,117	23,614	20,991	3,475	
Ukraine	171,566	188,756	270,062	470,105	647,714	802,235	1,240,859	1,282,408	678,321	1,214,631	1,326,707	1,159,534	1,400,578	
United Arab Emirates					626,939		611,575	985,269						
United Kingdom	1,000,520	1,431,911	2,053,845	2,894,717	3,292,522	3,967,020	4,873,666	4,716,660	4,865,411	6,024,898	4,995,389	4,101,508	4,050,168	
United States of America	3,013,291	2,692,431	2,759,861	2,644,121	2,632,910	2,645,457	2,868,799	3,191,820	2,267,476	2,543,535	2,999,559	3,281,599	3,840,472	
Uruguay	2,380	2,113	698	1,050	1,278	1,757	1,967	1,995	2,643	3,077	4,397	5,574	6,270	
Venezuela	3,339	3,082	2,015	3,488	2,949	6,753		12,601	13,577	13,464	24,173	23,398	27,218	
Viet Nam	14,684	14,029	18,958	16,375	18,471	25,590	28,864	43,023	110,444	106,277	117,024	63,406		
Yemen				2,904	2,361	15,722	3,303	3,824	5,574	7,179	3,074	5,467		
Zambia	24	60	4	105	12	758	348	60	54	302	251	142	76	
Zimbabwe	24	64		48	49	110	85	19	94	168	408	735	184	
