List of importing markets for a product exported by Papua New Guinea (Mirror) Product: TOTAL All products
"Importers"	"Exported value in 2001"	"Exported value in 2002"	"Exported value in 2003"	"Exported value in 2004"	"Exported value in 2005"	"Exported value in 2006"	"Exported value in 2007"	"Exported value in 2008"	"Exported value in 2009"	"Exported value in 2010"	"Exported value in 2011"	"Exported value in 2012"	"Exported value in 2013"	
Total	1,704,440	1,686,811	2,458,146	2,670,217	3,492,584	4,247,354	4,909,138	6,047,154	5,105,331	6,418,431	8,302,908	7,824,435	6,801,239	
Albania	0	0	0	5	0	1	0	0	0	0	0	0	2	
Algeria	0	0	83	0	157	0	0	0	0	0	0	0	0	
Argentina	0	0	0	14	0	8	17	4	20	1	16	45	13	
Armenia	0	0	0	0	0	6	3	167	13	0	0	52	0	
Australia	643,483	667,079	988,225	1,187,484	1,523,848	1,734,404	2,099,344	2,478,394	2,313,364	2,711,268	3,791,897	3,547,526	2,893,935	
Austria	641	438	558	1,374	1,148	1,362	696	489	252	151	8	349	1,379	
Azerbaijan	0	0	0	0	0	0	0	0	1	1	0	0		
Bahrain	0	1	0	0	0	0	0	0	0	45	0			
Bangladesh	102	84	781	602	2,457	898	996							
Barbados	0	0	0	0	0	0	0	0	0	0	0	0	0	
Belarus	0	5	0	0	4	3	10	25	0	2	5	71	1	
Belgium	8,079	14,827	15,461	16,616	30,452	20,079	43,162	59,979	40,551	47,036	41,133	50,066	47,803	
Belize	0	0	0	0	0	0	0	0	0	0	0	0	0	
Benin	0	0	0	0	0	0	0	0	0	0	0	0	0	
Bhutan					0	0	0	0	7	0	1,832			
Bolivia	0	0	0	0	0	0	2	6	0	0	0	7		
Bosnia and Herzegovina			0	0	0	2	2	0	0	3	1	123	0	
Botswana	0	0	0	0	0	0	0	0	0	0	4	0	0	
Brazil	0	0	0	18	0	3	0	1	0	10	3	0	0	
Brunei Darussalam	17	4	1	1		0				1	1	1	0	
Bulgaria	318	9	1	37	27	16	1	23	0	33	0	1,371	0	
Burkina Faso	173	164	11	0	0		0	0	0	0	0	0		
Burundi	0	0	0	0	0	0	0	0	0	0	0	0	0	
Cabo Verde	0	0	0	0	0	0	0		0	0	0	0	3	
Cambodia	0	0	3	10	9	54	76	3	8	4	1	1		
Cameroon	1,338	661	1,125	781	3,306	81	2	1	0	0	8	0		
Canada	5,069	637	2,220	1,264	2,355	2,893	3,089	1,879	1,785	1,599	1,639	1,606	1,619	
Chile	0	0	0	1	0	19	201	193	173	146	8	0	4	
China	122,383	159,665	231,108	243,856	309,464	391,849	468,392	515,208	357,725	777,486	815,220	642,259	800,265	
Colombia	0	3	0	62	0	2	0	7	3	0	6	0	0	
Congo							1	0	0	0	0	0	0	
Cook Islands					250									
Costa Rica	2	0	0	0	0	2	2	0	0	0	13	0	16	
Côte d'Ivoire	3	3	95	0	0	0	0	0	0	0	0	0		
Croatia	0	16	10	22	13	59	19	15	29	39	117	218	14	
Cuba	0	0	6	5	1	0								
Cyprus	1	175	100	0	173	105	47	0	0	0	0	0	0	
Czech Republic	59	173	106	119	163	2,361	1,384	1,358	173	328	72	1,023	1,965	
Denmark	501	542	1,533	754	3,258	4,154	2,982	1,489	4,524	1,364	1,659	2,892	1,043	
Dominican Republic	0	63	0	1	0	0	0	4	5	0	0	0	0	
Ecuador	0	0	0	0	5	18	0	44	40	0	0	8,374	11	
Egypt	0	0	0	0	0	0	0	0	0	0	0	0	0	
El Salvador	0	0	0	0	0	0	0	0	0	0	0	0	228	
Estonia	1	1	33	0	5	5	6	121	0	1,165	139	25	7	
Ethiopia	0	185	23	0	0	0	0	0	0	0	0	0		
Faroe Islands	0	0	0	1	0	0	9	0	1					
Fiji		841	1,129	2,705	1,156	2,122	1,329	2,935	2,496	4,062	2,047	2,466		
Finland	471	627	169	608	10	253	56	191	86	278	466	1,951	252	
France	2,159	2,505	16,503	9,578	6,158	5,384	7,889	6,653	12,655	9,394	9,158	16,260	21,148	
French Polynesia	717	615	560	1,511	924	788	264	569	282	253	719	273	67	
Gabon	13	0	4	0	0	0	1	0	0					
Germany	116,701	84,587	149,410	221,560	227,867	273,157	278,912	348,056	219,108	306,018	477,439	542,619	325,873	
Ghana	0		0		17	0	1	1	31	0	4	776		
Greece	981	736	3,865	6,046	6,708	7,499	10,766	23,312	21,872	3,299	0	42	0	
Greenland	0	0	28	0	0	3	0	0	0	0	0	7	18	
Guatemala	0	0	35	26	0	0	0	0	0	0	0	0	0	
Guinea	0	0		0	0	0	0	0		0	0	0		
Guyana	0	0	0	1	0	0	1	0	0	0	0	0	21	
Honduras	0	2	0	2	0	0	91	59	0	175	381	32	118	
Hong Kong, China	5,836	5,732	7,369	7,839	8,803	11,850	16,034	13,981	11,001	2,745	4,180	6,322		
Hungary	153	230	53	0	296	0	0	0	20	0	0	3	0	
Iceland	13	9	4	9	52	1	71	8	4	17	0	11	1	
India	187	332	615	64,770	92,952	216,275	202,026	272,187	70,639	150,059	207,952	107,130	226,747	
Indonesia	12,213	66,058	117,965	93,405	49,957	184,123	14,196	19,679	40,302	25,248	137,608	56,829	78,087	
Iran (Islamic Republic of)	0	0	0	0	0	0				0	0			
Ireland	743	466	774	1,084	1,767	1,426	764	333	458	87	508	919	949	
Israel	3	0	8	55	3	2	16	5	1	1	3	2	76	
Italy	30,898	50,244	54,913	41,439	41,636	65,070	95,120	69,406	108,840	121,860	156,478	114,670	136,479	
Jamaica	0	0	0	0	0	0	1	0	0	0	0	0		
Japan	299,017	276,890	296,307	278,457	508,384	656,177	832,253	898,260	684,170	993,628	927,679	1,298,350	888,516	
Jordan	0	0	0	0		0	0	0	0	0	0	0	0	
Kazakhstan	0	0	0	0	4	10	1	1	41	1	1	1	2	
Kenya	219	185	371	256	385	34	0	20	494	0	0			
Kiribati					1,474		4	29	3	10	16	0		
Korea, Republic of	86,236	32,197	52,579	38,846	71,935	95,029	137,272	228,737	213,439	201,139	331,553	206,986	233,191	
Kuwait	0	0	0	0		0	15	8						
Latvia	0	0	2	0	0	0	0	0	0	0	0	3	0	
Lebanon	5	0	0	3	70	0	2	0	2	4	0	30	1	
Lithuania	1	2	1	0	0	0	0	0	0	0	0	0	163	
Luxembourg	0	0	0	0	0	0	0	0	0	0	1	1,979	0	
Macao, China	3	1	3	13	4	1	4	0	2	2		0		
Macedonia, The Former Yugoslav Republic of	0	0	0	0	3	0	1		0	18	0	0	0	
Madagascar	0	0	0	0	0	107	1	0	0	1	0	122	2	
Malawi	3	0	10	0	0	0	1	31	0	67	130	0	8	
Malaysia	9,062	5,877	7,323	17,968	30,243	41,147	38,167	131,778	110,630	130,179	195,691	130,390	103,546	
Maldives	0	0	0	0	0	1	0	0	2	0	0	0	0	
Mali	1	0	0	0	0	0	0	0		0	0	0		
Malta	0	0	0	202	189	81	106	163	211	54	158	442	162	
Mauritius	13	0	0	0	0	0	0	0	10	17	1	0	60	
Mayotte	0	0	0	0	0	0	0	0	0					
Mexico	7	32	3	105	1,882	1,066	111	93	176	174	173	135	1,564	
Mongolia	0		0	0	0	0	243						0	
Montenegro						2	0	0	0	0	0	0	0	
Morocco	95	0	0	2	224	31	4	0	0	0	187	186	0	
Myanmar										4				
Namibia	0	0	3	2	0	0	0	85	0	0	0	0	0	
Nepal			0						0	0	0			
Netherlands	15,728	14,858	28,553	26,006	36,094	19,622	40,115	121,956	99,950	138,772	234,479	187,011	112,469	
New Caledonia	1,701	1,497	1,283	1,319	1,553	1,104	931	1,377	1,263	1,406	1,099	1,370	1,186	
New Zealand	37,200	37,795	55,752	25,449	65,661	36,216	66,270	86,007	20,769	7,589	10,503	12,264	9,340	
Nicaragua	0	0	0	0	0	0	0	0	1	0	0	0	6	
Nigeria	10	0	0			253	642	1,431	8	2	6	0		
Norway	6	5	0	164	16	5	101	77	7	14	260	118	20	
Oman	0	0	78	0	0	0	0	0	0	0	0	0	0	
Pakistan			154	84	108	129	8	333	255	123	182	45	99	
Panama	0	0	0		0	0	0	167	0	66	81			
Papua New Guinea	0	0	0	0							2,242	16,607		
Paraguay	0	0	0	0	0	0	0	0	0	0	0	0	1	
Peru	0	0	1	2	0	0	0	0	0	0	0	0		
Philippines	67,540	15,907	76,246	68,975	123,442	179,965	125,674	145,557	252,045	325,807	245,990	188,929	195,713	
Poland	2,626	1,690	1,363	1,399	715	142	2,183	850	2,050	433	766	3,030	2,881	
Portugal	1,461	901	723	417	452	494	513	1,172	763	599	709	4,501	2,714	
Qatar	0	0	0	0	0	0	0	0	25	0	0	0	4	
Republic of Moldova	0	0	0	0	0	0	0	0	4	1	3	0	0	
Romania	2	9	1	12	126	273	0	2	71	0	0	118	201	
Russian Federation	508	758	1,476	1,782	2,766	3,436	3,736	3,763	4,881	7,289	9,762	8,222	7,316	
Saint Kitts and Nevis	5	0	0	0	0	0	0	0	0	0	0			
Saint Vincent and the Grenadines	0	0	0	0	0	0	0	0	0	0	0	0		
Samoa	15	466	1,085	408	224	190	210	216	132	250	202	114	1,032	
Sao Tome and Principe	0	0	0	0	0	7	0	0	0	0	0	0	0	
Saudi Arabia	0	0	0	0	0	0	0	0	0	0	445	0		
Senegal	0	0	0	1	1	0	0	0	0	0	0	43	24	
Serbia					4	8	7	8	0	2	0	216	0	
Serbia and Montenegro	4	35		117										
Singapore	21,998	20,397	62,562	40,531	39,652	19,839	25,473	60,634	64,508	44,317	69,499	42,872	33,068	
Slovakia	25	155	18	1	0	73	0	10	57	21	129	138	89	
Slovenia	1	4	23	4	14	10	3	8	49	0	807	1,920	75	
Solomon Islands								17,680	12,426	16,223	19,320			
South Africa	10	38	227	1,236	1,417	1,736	358	5,026	1,000	1,019	502	311	54	
Spain	3,387	6,207	21,759	22,158	28,577	34,277	71,586	157,065	121,010	109,177	133,401	153,158	164,761	
Sri Lanka	145	15	105	15	7	137	95	259	554	361	408	1,159		
Sudan (North + South)	0	0	0	0	0	0		0	8	1	3			
Sweden	15,906	56	7,939	396	5,459	2,885	1,332	2,138	1,746	653	3,464	2,818	344	
Switzerland	44	18	278	10	387	1,349	201	2,719	87	76	30	1,866	1,325	
Syrian Arab Republic	0	0	16	0	0	0	0	0	0	0				
Taipei, Chinese	12,440	12,607	13,194	16,803	15,350	13,497	11,532	50,268	7,720	11,429	17,809	19,552	10,384	
Tanzania, United Republic of	0	5	0	0	7	0	0	1	317	0	105	0	0	
Thailand	70,567	30,489	55,033	32,671	50,293	39,168	82,868	59,253	90,771	58,202	65,434	100,279	179,013	
Timor-Leste				4	1									
Togo	0	0	0	11	7		11	0	0	0	0	0	0	
Tonga	27	29	209					566	412	41	207	67		
Trinidad and Tobago	0	19	40	0	0	0	0	0	0	0				
Tunisia	2	0	0	60	0	0	0	0	0	0	0	0	0	
Turkey	665	0	6	0	6	0	45	0	8	8	27	36	8	
Uganda	0	0	4	0	0	11	0	0	0	0	0	67	0	
Ukraine	70	29	22	20	1	4	62	6	166	847	41	430	157	
United Arab Emirates					6		0	51						
United Kingdom	59,434	73,204	97,868	114,880	108,385	69,529	77,178	118,279	84,527	87,050	205,413	191,834	181,518	
United States of America	43,595	96,705	70,439	57,428	62,416	88,340	114,659	111,867	107,379	101,338	145,361	121,152	132,050	
Uruguay	0	0	0	0	0	0	195	571	405	0	0	0	0	
Vanuatu						3,547	4,025		3,625	3,525	4,105			
Venezuela	0	9	0	0	0	0		0	0	6	8	0	28	
Viet Nam	1,398	1	10,200	18,334	19,239	11,061	22,959	21,847	10,681	12,307	23,791	19,242		
Zambia	0	0	0	1	0	24	0	0	2	0	0	1	0	
Zimbabwe	0	0		0	0	0	0	0	0	1	0	0	0	
