List of importing markets for a product exported by Sudan (North + South) (Mirror) Product: TOTAL All products
"Importers"	"Exported value in 2001"	"Exported value in 2002"	"Exported value in 2003"	"Exported value in 2004"	"Exported value in 2005"	"Exported value in 2006"	"Exported value in 2007"	"Exported value in 2008"	"Exported value in 2009"	"Exported value in 2010"	"Exported value in 2011"	"Exported value in 2012"	"Exported value in 2013"	
Total	1,800,535	2,139,285	2,699,144	3,944,633	5,353,434	5,989,960	8,634,108	13,285,933	7,571,829	9,503,232	13,701,333	3,809,541	6,158,851	
Albania	0	2,020	2,030	98	14	0	6	0	71	0	6	0	0	
Algeria	535	1,020	843	1,684	1,388	530	892	202	1,172	1,257	1,516	748	1,717	
Andorra	0	0	0	0										
Antigua and Barbuda					0		125		0	0	0	1	0	
Argentina	76	16	75	137	0	69	163	226	190	69	211	120	237	
Armenia	0	0	0	0	0	0	0	5	9	2	5	9	1	
Aruba					169				0	0	0	0		
Australia	94	77	0	47	40	12	42	22	84	41	1,066	140	213	
Austria	179	64	454	577	723	562	798	1,350	171	21	18	153	15	
Azerbaijan	0	0	0	0	0	0	0	0	0	0	0	4		
Bahrain	731	347	242	169	62	316	153	301	51	159	802			
Bangladesh	9,147	7,789	17,969	18,619	19,328	18,805	14,881							
Barbados	4	1	8	6	29	33	29	6	2	6	2	3	5	
Belarus	3	5	5	21	0	0	0	0	0	0	0	6	85	
Belgium	3,650	4,192	7,089	8,678	4,212	8,152	11,494	6,813	1,774	1,234	11,505	7,021	4,718	
Belize	10	1	0	0	0	0	0	0	0	0	1	0	0	
Benin	2	5	0	0	1	24	29	1	44	0	0	3	17	
Bhutan					0	0	0	0	0	0	0			
Bolivia	0	0	0	0	1	0	33	12	4	3	6	8		
Bosnia and Herzegovina			2,333	110	81	76	129	3	27	7	68	53	173	
Botswana	0	10	5	0	0	1	3	0	196	35	1	0	4	
Brazil	133	15	31	187	71	81	193	312	45	42	63	125	246	
Bulgaria	901	641	608	1,119	210	263	238	576	5	29	138	12	73	
Burkina Faso	3	0	11	0	6		6	0	0	4	0	0		
Burundi	2	0	0	0	0	3	324	272	0	402	0	45	0	
Cambodia	0	0	30	0	0	0	0	3	0	2	0	23		
Cameroon	10	0	0	1	10	12	4	0	0	0	6	0		
Canada	484	154	159	11,555	66,409	63,137	60,513	64,504	60,105	80,596	118,343	106,421	70,696	
Central African Republic	0	0	0			10	1	0	4	0	37	2	0	
Chile	3	22	33	29	19	23	72	74	57	13	3	1	0	
China	938,127	1,157,585	1,441,821	1,705,877	2,614,462	1,943,482	4,171,239	6,325,889	4,684,822	6,671,907	9,541,534	2,053,732	4,623,562	
Colombia	173	84	49	7	95	21	47	33	48	245	173	162	198	
Comoros	0	4	0	0	0	0	0	45	4					
Congo							0	0	0	0	90	0	0	
Costa Rica	0	0	0	0	0	5	0	11	0	0	7	8	818	
Côte d'Ivoire	0	0	0	0	0	0	1	4	99	842	3,716	375		
Croatia	43	109	199	232	284	112	11	114	202	40	9	3	0	
Cuba	0	3	0	25	21	6								
Cyprus	75	185	127	732	1,452	52	24	998	46	26	1	75	208	
Czech Republic	1,602	891	1,392	1,045	325	725	2,826	302	236	358	631	352	491	
Denmark	168	456	66	560	21	614	998	714	330	579	283	20	29	
Djibouti									145					
Dominica	4	10	0	5	0	5	0	0	0	0	0	0		
Dominican Republic	1	0	3	0	0	0	1	10	12	36	44	64	34	
Ecuador	0	0	19	17	0	0	7	0	0	0	11	2	51	
Egypt	64,064	56,604	48,395	70,346	64,622	60,233	50,484	48,746	43,694	41,465	26,711	23,096	74,305	
El Salvador	0	0	0	0	4	45	3	0	0	0	11	283	389	
Eritrea			2,313											
Estonia	12	0	10	14	27	15	13	3,407	0	52	21	20	0	
Ethiopia	880	808	5,973	9,573	49,267	75,610	27,137	153,384	71,529	109,302	145,633	69,503		
Faroe Islands	0	0	0	0	0	3	0	0	0					
Fiji		11	1	15	6	0	0	2	5	2	13	8		
Finland	679	8,879	10,748	1,658	1,588	2,236	1,907	2,014	822	702	979	1,227	16,918	
France	41,654	17,887	14,979	26,451	45,065	14,902	33,925	39,114	29,168	39,111	50,617	55,805	66,241	
French Polynesia	0	0	0	0	0	0	0	0	0	0	0	2	0	
Gabon	0	0	0	19	0	0	0	0	0					
Gambia	5	0	0	0	0	0	0	0	0	0	18			
Georgia	0	0	0	0	0	1	0	289	0	0	0	16	13	
Germany	32,184	36,998	36,108	40,826	42,371	30,674	25,754	49,362	15,882	22,407	33,436	24,062	20,122	
Ghana	0		1		24	30	7	554	149	436	17	39		
Greece	12,232	5,741	5,509	9,945	3,151	9,247	8,436	6,089	9,960	7,131	7,013	12,923	20,898	
Greenland	0	0	0	0	0	1	0	0	0	0	0	0	0	
Grenada	1	5	0	1	1	0	5	12						
Guatemala	28	0	80	0	2	111	123	296	253	273	563	246	282	
Guinea	0	23		14	14	0	102	20		0	419	47		
Guyana	0	1	94	0	6	0	47	0	0	20	0	0	0	
Honduras	2	22	21	2	218	62	33	5	0	0	24	31	198	
Hong Kong, China	4,871	4,520	5,542	7,398	6,684	7,480	4,222	6,480	910	1,200	1,751	6,074		
Hungary	737	126	75	255	85	0	0	0	227	0	18	27	54	
Iceland	118	126	139	325	705	287	331	327	220	155	196	157	187	
India	13,342	22,997	30,300	22,846	27,672	92,829	242,505	545,759	376,634	641,263	468,925	179,313	332,036	
Indonesia	34,443	265	643	47,748	1,426	69,133	280,298	691,995	667,742	103,657	66,921	1,896	3,667	
Iran (Islamic Republic of)	0	2,232	551	0	16,634	0				116	675			
Ireland	778	1,100	1,457	6	2,103	1,781	3,270	1,584	1,574	814	346	1,669	1,724	
Israel	0	0	0	0	0	0	0	0	3	0	0	0	1	
Italy	38,136	71,553	64,365	25,732	21,010	30,766	53,826	29,597	11,323	8,796	344,206	19,431	20,805	
Jamaica	0	41	0	0	8	0	0	0	0	0	0	0		
Japan	293,206	284,565	513,690	1,290,139	1,837,373	3,003,928	2,681,242	4,262,242	1,076,504	1,219,688	2,264,364	578,222	451,999	
Jordan	16,381	11,193	8,562	18,022		2,916	7,134	3,489	12,597	30,835	39,591	42,283	47,305	
Kazakhstan	15	0	1	0	4	22	78	123	181	3	8	1,332	20	
Kenya	16,544	2,529	7,400	2,422	2,871	1,195	168	2,354	151	2,114	8,866			
Korea, Republic of	111,523	79,813	88,728	179,531	138,724	235,746	342,914	124,482	14,638	17,376	22,338	43,215	122,166	
Kuwait	1,629	2,267	1,237	1,087		1,750	1,983	143						
Kyrgyzstan	0	0	0	0	0	0	3	3	0	0	2	3		
Latvia	0	0	0	0	0	0	4	11	1	4	7	2	14	
Lebanon	14,472	10,543	11,793	19,266	15,847	12,358	19,690	20,263	21,289	25,595	23,522	26,411	41,362	
Lesotho	0	0	0					0	62	0				
Libya							1,536	883	1,087	3,486				
Lithuania	11	103	110	0	0	0	0	0	0	0	11	41	39	
Luxembourg	0	0	0	0	0	0	0	0	166	0	0	62	1	
Macao, China	0	0	0	0	14	0	0	0	0	0		0		
Macedonia, The Former Yugoslav Republic of	506	134	252	106	34	10	22		91	44	30	0	5	
Madagascar	128	0	95	50	179	15	212	75	3	142	72	79	83	
Malawi	0	12	13	33	1	20	0	155	390	152	56	42	3	
Malaysia	233	142	1,095	372	125	229	41,728	50,237	100,708	50,597	487	680	1,930	
Maldives	0	0	0	0	0	0	0	0	14	0	12	1	1	
Mali	0	12	6	13	0	4	5	80		11	19	10		
Malta	6	0	1	0	0	0	0	2	0	0	1	0	1	
Mauritania	0	0	0	261	13		296	5	23	129	20	415		
Mauritius	10	0	0	0	0	1	2	0	0	0	0	0	67	
Mexico	7,414	14,700	19,370	15,059	11,037	15,351	17,644	28,125	12,569	15,045	15,429	12,662	8,367	
Mongolia	0		0	0	0	0	0						2	
Montenegro						14	11	7	10	4	9	0	35	
Morocco	224	141	28	2	65	494	495	460	82	4	90	0	8	
Mozambique	8	31	185	25	461	32	116	114	21	65	21	1,350	4,055	
Myanmar										194				
Namibia	0	3	0	2	0	0	31	2	9	5	2	0	1	
Nepal			64						381	101	33			
Netherland Antilles					0	56	114	293						
Netherlands	12,585	9,764	17,183	9,069	6,865	21,556	11,801	7,656	44,847	19,869	16,339	11,589	17,075	
New Caledonia	2	1	1	1	5	0	0	1	74	1	0	0	0	
New Zealand	0	15	180	208	28	6	29	6	0	18	12	2	114	
Nicaragua	0	0	1	0	8	0	13	3	0	3	3	8	4	
Niger	5	0	0	0	42	173	6	0	0	0	0	9	0	
Nigeria	337	7	276			735	9,127	1,148	468	343	362	1,157		
Norway	1,251	913	719	815	391	975	852	566	332	163	124	79	58	
Oman	291	138	12,355	27	36	32	35	415	42	213	79	559	4,058	
Pakistan			10,969	13,562	15,729	11,347	37,302	31,020	3,894	11,939	4,968	3,876	5,710	
Palestine, State of							3	0	0	0	0	0		
Panama	0	0	0		0	0	0	0	0	0	0			
Papua New Guinea	49	89	14	21							217	6		
Paraguay	0	0	0	4	2	1	0	0	0	0	12	7	9	
Peru	2	0	3	12	0	0	28	0	10	47	1	1		
Philippines	426	380	19	122	0	0	3	3	146	59	586	4,138	1,179	
Poland	3,147	2,571	3,190	4,680	2,578	1,757	1,755	2,081	895	1,811	1,376	19,081	26,526	
Portugal	1,352	767	1,156	1,346	11,435	323	384	21,981	662	41	147	129	242	
Qatar	1,337	1,489	1,613	1,447	1,098	1,196	1,295	1,086	2,113	3,564	6,584	9,362	17,273	
Republic of Moldova	3	0	0	0	2	0	2	2	0	2	1	2	6	
Romania	206	169	485	12	232	10	99	81	0	0	0	19,398	24	
Russian Federation	1,791	2,947	820	656	444	2,922	9,205	13,804	2,148	540	868	584	1,409	
Rwanda	0	12	29	22	24	0	3	4	7	893	3,555	110	65	
Saint Lucia	0	0	0	6	0	0	0	0						
Saint Vincent and the Grenadines	0	0	0	0	0	0	1	5	5	3	2	1		
Samoa	17	0	0	0	0	0	0	0	0	0	0	0	0	
Saudi Arabia	28,718	164,375	138,704	194,445	142,551	151,612	119,420	145,753	163,906	209,861	331,193	391,171		
Senegal	0	0	45	0	12	963	780	144	569	356	29	20	558	
Serbia					138	1,305	69	129	254	187	193	165	219	
Serbia and Montenegro	151	330		375										
Seychelles	0	0	0		0	0		7						
Sierra Leone		13												
Singapore	10,848	11,662	11,015	38,381	15,435	16,955	23,504	6,949	8,774	281	0	7,435	2,368	
Slovakia	21	27	17	18	48	28	37	348	1	2	9	67	1	
Slovenia	185	182	288	179	13	58	200	323	71	136	10	16	6,154	
South Africa	164	331	319	878	75	379	990	3,799	258	259	268	274	346	
Spain	6,334	3,607	5,174	2,807	2,897	1,194	1,747	5,982	837	1,844	5,709	2,052	25,046	
Sri Lanka	0	0	118	73	30	1	4	0	29	35	343	146		
Suriname	0			0	0	0	0		0	0	0			
Sweden	1,056	2,635	856	3,578	6,654	4,249	3,387	1,115	2,506	3,432	4,605	6,838	3,219	
Switzerland	340	344	574	225	318	1,187	752	589	790	501	807	807	244	
Syrian Arab Republic	19,091	19,724	10,798	16,123	13,050	14,353	18,432	22,650	19,484	16,847				
Taipei, Chinese	14,989	11,887	16,519	1,313	2,091	2,539	7,900	106,243	2,513	33,307	888	579	5,512	
Tanzania, United Republic of	46	117	41	11	3	87	194	237	645	284	164	58	133	
Thailand	6,964	10,558	18,583	13,393	8,467	3,283	25,726	77,197	26,912	39,636	55,651	529	28,568	
Timor-Leste				11	0									
Togo	1	2	0	0	0		0	0	0	6	6	5	0	
Trinidad and Tobago	0	0	2	15	10	6	27	11	0	4				
Tunisia	6,295	5,639	8,107	10,028	7,737	7,737	10,035	17,589	12,803	11,193	17,608	15,789	18,079	
Turkey	1,392	12,405	7,144	12,079	7,955	7,623	8,400	9,208	7,262	5,215	9,370	11,171	26,330	
Uganda	140	59	12	169	208	79	180	280	414	3,828	3,306	2,116	1,384	
Ukraine	325	174	202	179	105	136	338	413	194	170	322	0	763	
United Arab Emirates					56,640		168,311	282,313						
United Kingdom	13,302	62,262	71,940	68,975	31,393	15,865	37,858	10,232	27,896	17,074	8,744	9,166	14,289	
United States of America	3,592	1,458	3,061	3,839	14,082	6,501	8,072	5,404	10,732	8,801	11,238	7,001	11,114	
Uruguay	1	0	4	2	0	0	0	0	5	3	2	0	7	
Vanuatu						0	9		5	59	0			
Venezuela	34	0	762	458	1,705	48		386	584	448	806	933	1,231	
Viet Nam	1,044	394	311	422	534	4,118	9,967	27,812	3,114	4,818	2,137	376		
Yemen				3,468	3,485	1,825	2,655	5,569	4,577	4,683	8,528	7,559		
Zambia	57	5	0	78	2	76	33	0	15	0	349	2,340	51	
Zimbabwe	8	0		0	3	2	0	3	9	2	13	454	588	
