List of importing markets for a product exported by Spain (Mirror) Product: TOTAL All products
"Importers"	"Exported value in 2001"	"Exported value in 2002"	"Exported value in 2003"	"Exported value in 2004"	"Exported value in 2005"	"Exported value in 2006"	"Exported value in 2007"	"Exported value in 2008"	"Exported value in 2009"	"Exported value in 2010"	"Exported value in 2011"	"Exported value in 2012"	"Exported value in 2013"	
Total	108,285,146	118,545,168	145,430,151	172,000,106	182,879,597	204,735,408	240,558,226	266,661,804	207,934,547	233,059,289	272,494,426	258,160,957	270,150,416	
Afghanistan								558	211	2,446	970	0		
Albania	16,212	20,721	31,923	34,404	44,272	51,893	55,984	73,058	72,146	71,893	113,494	95,897	76,035	
Algeria	522,176	623,027	743,125	885,902	967,548	1,026,783	1,587,922	2,914,795	2,971,493	2,643,622	3,427,159	4,343,277	5,084,229	
Andorra	510,163	600,181	761,665	907,308										
Anguilla	137	83	108											
Antigua and Barbuda					424		1,015		1,862	4,777	492	1,027	721	
Argentina	712,358	310,981	392,238	516,320	645,052	613,091	812,646	1,053,976	788,041	1,024,151	1,395,639	1,320,860	1,364,688	
Armenia	3,044	3,027	4,217	4,330	8,112	10,254	20,109	35,897	18,405	23,621	38,998	46,747	51,254	
Aruba					8,163				6,119	5,261	7,819	7,020		
Australia	387,790	499,559	682,135	940,086	982,309	1,040,617	1,514,213	1,748,850	1,271,850	1,485,287	1,859,998	2,981,896	2,407,046	
Austria	974,610	1,126,886	1,589,281	1,735,042	1,725,008	1,955,193	2,313,833	2,504,673	1,746,731	1,878,128	2,304,320	1,916,180	2,070,722	
Azerbaijan	3,349	10,269	9,271	11,006	17,614	16,182	18,517	28,047	14,857	19,000	35,587	91,473		
Bahamas	3,516	3,327	2,663	1,239	1,133	1,452	8,027	1,651	3,008	1,483	1,265	1,037		
Bahrain	33,003	41,654	47,166	43,193	55,732	53,526	65,224	119,870	70,555	93,333	174,744			
Bangladesh	23,287	28,003	42,531	64,434	73,214	92,879	83,004							
Barbados	6,823	4,290	6,159	10,128	9,781	6,156	7,693	7,412	3,881	4,663	5,779	7,598	7,458	
Belarus	26,612	36,140	52,346	56,724	63,504	89,178	136,221	196,575	173,366	206,179	231,400	290,743	396,487	
Belgium	3,489,119	3,674,065	4,614,709	5,519,298	5,688,655	6,485,573	7,523,378	8,941,997	7,177,279	8,151,315	9,074,019	8,258,158	9,391,927	
Belize	458	4,930	537	501	1,358	1,818	1,147	842	597	711	813	1,130	1,740	
Benin	13,459	13,251	18,551	23,528	15,572	17,584	25,790	34,422	33,076	35,950	46,329	44,500	43,874	
Bermuda												784	1,609	
Bhutan					42	89	0	65	62	39	73			
Bolivia	26,721	24,119	23,551	27,374	35,958	39,804	53,883	50,594	45,943	74,457	101,852	95,965		
Bosnia and Herzegovina			33,865	37,432	53,107	49,577	72,836	89,880	90,683	101,340	163,468	105,998	96,912	
Botswana	595	1,282	2,214	1,056	1,887	8,869	3,462	8,442	5,070	28,753	4,069	3,616	2,818	
Brazil	1,224,968	975,286	974,442	1,175,775	1,332,574	1,431,098	1,843,310	2,471,872	1,954,978	2,760,427	3,298,157	3,540,131	4,486,374	
Brunei Darussalam	1,702	3,387	3,382	4,955		4,051				2,166	2,431	3,643	4,620	
Bulgaria	120,636	155,457	242,618	303,630	336,425	406,450	546,589	658,916	380,604	480,744	1,724,633	1,444,596	1,783,018	
Burkina Faso	21,357	15,776	20,948	20,663	36,519		26,955	30,243	36,813	31,439	32,866	52,556		
Burundi	731	262	449	193	744	1,051	377	2,660	856	454	1,012	1,875	857	
Cabo Verde	10,307	9,089	9,764	16,725	30,743	31,877	33,976		60,124	49,904	96,590	57,884	57,706	
Cambodia	839	700	1,256	873	1,716	1,618	656	1,487	1,746	4,206	4,360	4,841		
Cameroon	28,542	27,709	27,099	35,265	36,596	33,775	51,740	79,668	84,910	74,908	119,389	126,662		
Canada	570,505	653,610	848,312	970,957	990,655	1,237,918	1,183,389	1,618,982	1,169,376	1,421,804	1,766,055	1,750,328	1,627,671	
Central African Republic	331	505	478			781	1,504	3,971	1,694	3,176	1,924	3,122	1,077	
Chile	464,069	415,993	440,626	528,970	633,876	729,184	863,644	956,213	1,055,050	972,750	1,098,464	1,389,483	1,753,302	
China	714,407	900,175	1,361,329	1,745,936	2,081,639	3,003,142	4,430,019	5,423,982	4,292,253	6,236,378	7,551,576	6,334,673	5,999,558	
Colombia	246,714	260,378	255,462	268,812	333,314	387,240	455,753	567,613	441,576	501,562	613,706	775,851	963,310	
Comoros	111	335	645	931	1,609	743	258	332	245					
Congo							46,431	96,230	28,825	27,732	14,966	188,906	531,481	
Costa Rica	104,302	136,233	130,717	110,496	115,637	118,231	138,433	146,824	112,759	145,542	183,066	193,361	192,989	
Côte d'Ivoire	79,336	83,678	82,767	80,977	70,096	81,834	102,405	193,924	182,308	153,868	150,174	189,809		
Croatia	127,027	182,080	269,953	300,249	281,542	343,823	456,506	475,304	342,035	300,174	358,095	358,916	286,266	
Cuba	758,630	578,349	589,057	643,891	702,892	779,622								
Cyprus	149,905	143,166	178,140	208,368	207,352	204,149	308,452	387,224	284,674	237,637	275,292	274,255	276,341	
Czech Republic	686,024	882,647	930,762	1,343,998	1,485,466	1,790,353	2,262,676	2,592,233	1,988,487	2,252,897	2,493,675	2,224,853	2,340,616	
Denmark	689,182	804,969	968,578	1,116,660	1,382,988	1,602,218	1,762,840	1,799,228	1,191,877	1,149,476	1,374,240	1,364,094	1,484,639	
Djibouti									310					
Dominica	115	141	276	315	213	246	264	133	2,250	214	318	92		
Dominican Republic	210,644	236,841	174,227	184,836	195,196	239,330	336,866	413,294	261,641	271,940	422,711	559,007	440,011	
Ecuador	104,249	137,611	143,104	122,840	139,858	146,879	176,802	222,318	167,851	268,831	322,080	610,836	698,519	
Egypt	175,460	153,471	127,494	138,119	241,860	269,707	238,823	679,593	821,495	847,909	1,106,072	1,352,628	1,508,857	
El Salvador	54,853	61,892	66,535	104,658	71,252	88,801	77,359	96,150	72,529	74,726	95,600	91,158	124,081	
Eritrea			1,199											
Estonia	41,054	44,762	60,600	78,688	106,684	138,077	161,949	175,701	122,019	122,567	150,223	157,065	175,766	
Ethiopia	6,798	9,416	13,294	11,548	17,244	25,457	32,625	45,089	39,874	92,192	91,652	130,845		
Faroe Islands	3,714	10,724	4,507	4,646	49,807	6,214	23,188	7,959	5,484					
Fiji		485	263	355	490	593	245	925	381	109	321	434		
Finland	616,436	486,221	682,329	818,554	876,397	1,010,620	1,318,605	1,186,737	672,099	790,822	960,270	855,290	1,038,212	
France	19,993,394	21,823,035	27,372,321	32,026,363	33,837,472	36,359,196	42,665,915	45,316,840	34,255,167	37,184,798	41,946,532	39,666,512	40,691,689	
French Polynesia	16,963	16,566	19,068	21,120	21,933	22,117	25,328	31,031	26,419	20,598	22,023	23,817	24,405	
Gabon	29,555	34,154	10,839	21,872	29,182	41,492	58,187	48,025	45,976					
Gambia	3,090	3,750	3,156	3,950	3,317	3,236	7,386	3,707	6,465	11,563	4,610			
Georgia	1,980	2,851	3,633	6,348	8,448	15,265	23,156	33,570	23,400	33,734	82,175	88,306	89,321	
Germany	13,533,889	14,592,399	18,574,734	21,534,244	22,495,764	24,902,610	28,956,451	31,921,824	26,786,888	29,485,768	31,337,619	28,709,728	31,547,804	
Ghana	100,415		67,556		93,052	98,178	142,632	115,155	79,129	114,535	193,930	264,411		
Greece	950,684	1,205,748	1,633,851	2,026,451	2,151,445	2,256,946	2,742,426	3,140,165	2,427,628	1,924,161	1,879,217	1,671,636	1,781,958	
Greenland	30	1	1,778	6	16	2,667	340	1,094	1,454	1,698	1,981	1,773	1,938	
Grenada	441	343	315	299	413	459	710	515						
Guatemala	83,598	104,553	89,769	103,945	126,559	126,022	161,359	181,939	137,195	151,422	171,937	186,450	222,120	
Guinea	17,831	12,592		14,078	9,107	12,543	58,678	41,045		89,606	13,403	35,806		
Guinea-Bissau			923	239	364									
Guyana	645	788	901	797	1,063	914	1,231	883	818	1,341	1,387	1,459	1,316	
Honduras	24,720	40,221	44,281	57,377	49,626	68,017	75,048	85,763	54,020	55,545	78,176	85,254	72,751	
Hong Kong, China	427,863	420,843	415,255	470,067	501,127	551,102	653,156	819,560	694,533	870,527	1,134,684	1,074,634		
Hungary	616,599	686,467	918,870	860,560	915,724	1,085,786	1,443,855	1,598,972	1,152,250	1,096,815	1,190,092	1,099,311	1,304,343	
Iceland	44,805	42,193	51,385	61,635	65,383	82,365	89,129	72,122	44,075	44,777	48,555	56,316	62,257	
India	147,103	188,456	229,766	354,757	529,869	601,458	840,370	1,092,962	1,058,518	1,429,765	1,711,532	1,755,634	1,940,453	
Indonesia	178,329	129,943	121,005	182,906	214,144	206,576	286,351	251,745	254,020	309,266	379,558	459,090	545,165	
Iran (Islamic Republic of)	314,526	261,591	355,830	350,240	361,212	0				534,287	492,448			
Ireland	576,932	638,572	743,022	809,917	1,033,358	1,247,575	1,437,502	1,382,688	789,798	882,456	928,262	990,087	1,022,730	
Israel	673,563	637,968	624,768	652,227	613,674	749,022	811,919	959,177	880,144	975,389	1,183,413	1,201,940	1,287,449	
Italy	10,006,875	11,418,525	14,372,403	16,511,461	16,282,931	18,783,932	22,160,870	24,345,173	18,327,311	22,176,378	25,192,232	21,828,184	21,446,901	
Jamaica	13,317	16,140	18,853	16,453	24,856	42,842	42,912	64,485	26,525	28,938	18,881	25,002		
Japan	1,288,555	1,139,694	1,385,178	1,744,655	1,762,502	1,942,922	1,982,731	2,503,835	2,348,536	2,617,824	3,391,419	3,824,766	3,746,766	
Jordan	84,146	63,391	64,511	95,968		80,560	120,896	124,889	106,392	119,722	229,994	189,031	227,785	
Kazakhstan	13,082	28,573	72,089	65,085	75,627	80,372	130,373	158,427	120,505	100,322	149,546	228,234	503,716	
Kenya	29,222	36,262	20,573	24,419	39,511	37,568	63,428	48,897	51,844	41,028	73,028			
Kiribati					0		0	4	2	1	1	39		
Korea, Republic of	327,477	429,392	445,497	561,933	653,330	778,074	856,260	1,129,870	875,667	955,130	1,161,697	1,293,229	1,597,017	
Kuwait	130,981	142,664	162,190	165,716		197,139	273,347	240,724						
Kyrgyzstan	624	730	1,151	1,618	1,280	2,050	2,194	3,700	3,173	9,258	12,936	13,989		
Latvia	41,466	49,697	64,720	66,305	106,548	107,234	211,023	169,203	126,529	131,918	168,674	228,573	216,431	
Lebanon	184,393	174,531	198,215	186,545	164,804	148,844	213,889	276,876	256,696	307,040	338,034	424,549	376,383	
Lesotho	3	294	80					0	10	99				
Libya							80,545	106,165	142,762	233,941				
Lithuania	80,872	97,497	129,711	118,574	155,660	228,212	412,412	447,717	274,142	281,141	331,135	351,904	599,260	
Luxembourg	223,913	104,177	113,146	152,265	155,862	167,894	231,513	302,002	263,200	238,893	259,698	242,831	259,757	
Macao, China	4,069	4,430	3,521	8,370	7,241	9,668	15,303	33,313	16,701	25,210		30,871		
Macedonia, The Former Yugoslav Republic of	9,909	12,666	24,539	30,950	32,305	51,730	50,775		48,347	60,405	62,946	75,346	67,268	
Madagascar	8,716	5,457	23,665	29,334	19,771	29,540	54,631	29,021	13,571	15,305	30,054	41,446	59,509	
Malawi	1,355	1,274	830	785	6,490	443	643	1,429	3,108	1,132	1,937	3,294	4,039	
Malaysia	161,954	157,580	195,583	216,622	255,742	331,219	419,470	367,842	246,670	321,727	395,722	416,952	591,976	
Maldives	253	369	725	638	1,019	1,357	1,140	1,715	1,152	1,449	2,214	2,781	2,788	
Mali	19,690	17,748	16,307	19,469	0	11,018	6,173	36,535		32,203	35,053	43,252		
Malta	68,104	77,056	94,496	119,495	126,516	136,142	135,946	159,797	168,639	144,622	229,712	268,719	189,313	
Mauritania	15,184	19,445	20,489	16,522	22,564		54,094	79,615	37,644	81,396	103,052	162,232		
Mauritius	42,481	39,714	39,724	53,503	70,714	73,861	101,170	132,914	88,079	119,061	153,227	190,136	213,453	
Mayotte	3,777	4,149	5,723	5,696	6,130	7,898	8,752	10,397	7,290					
Mexico	1,827,071	2,222,985	2,287,676	2,852,292	3,324,588	3,638,151	3,830,473	4,055,842	3,004,042	3,232,306	3,843,193	4,081,099	4,311,071	
Mongolia	136		8,213	4,323	888	1,752	7,829						25,471	
Montenegro						18,578	34,740	41,274	32,746	30,516	31,042	28,026	48,477	
Montserrat	0	1	24	5	23	27	47	53	6			14	56	
Morocco	1,053,725	1,379,998	1,764,108	2,172,488	2,420,239	2,691,711	3,299,035	4,731,775	4,004,250	3,753,056	4,858,557	5,901,448	6,177,319	
Mozambique	18,611	9,282	27,584	25,771	31,795	28,283	13,008	44,560	24,666	10,209	26,838	20,322	43,540	
Myanmar										8,271				
Namibia	12,992	16,308	19,373	15,893	35,685	19,844	91,351	22,326	23,938	22,328	26,338	29,224	26,424	
Nepal			2,443						3,931	2,672	3,943			
Netherland Antilles					4,217	2,657	5,456	8,602						
Netherlands	4,247,095	4,143,921	5,030,586	6,113,745	6,019,741	6,759,199	8,213,750	8,823,250	6,877,304	8,088,262	9,378,252	8,718,552	8,531,252	
New Caledonia	19,423	19,729	21,486	29,608	27,464	31,069	35,867	35,711	32,626	35,595	43,108	39,579	43,895	
New Zealand	69,560	76,466	97,176	112,237	129,154	149,690	199,644	244,198	140,220	180,025	208,692	196,098	271,746	
Nicaragua	23,943	30,062	26,872	29,255	43,681	35,873	36,612	42,408	51,294	60,300	54,656	106,090	81,526	
Niger	2,615	4,622	8,158	4,752	4,250	3,410	5,998	10,261	8,559	15,286	16,189	18,778	13,255	
Nigeria	108,263	84,185	142,330			190,316	224,402	83,155	72,356	305,105	968,080	305,646		
Norway	533,956	547,334	631,374	837,292	1,260,563	1,449,602	1,735,197	1,817,296	1,534,530	1,014,714	1,769,506	1,194,568	1,425,113	
Oman	29,854	31,034	236,537	38,913	49,217	64,521	86,271	169,446	171,066	102,111	122,484	150,787	148,435	
Pakistan			67,231	77,765	100,219	97,462	111,610	136,742	114,601	134,417	183,340	152,091	177,569	
Palau												119		
Palestine, State of							27,549	23,369	33,488	39,892	56,139	56,671		
Panama	50,923	41,559	48,642		63,151	116,369	164,147	217,936	182,618	274,027	414,280			
Papua New Guinea	532	230	3	161							7,489	37,234		
Paraguay	22,932	17,542	34,581	19,221	24,721	19,813	28,484	45,542	42,847	67,267	92,610	92,004	113,111	
Peru	175,115	165,317	177,759	214,855	193,376	255,772	286,365	421,963	310,421	406,788	562,928	802,344		
Philippines	94,480	110,006	118,369	162,425	98,326	120,457	139,336	145,768	125,892	178,406	212,771	271,251	337,592	
Poland	1,253,933	1,428,712	1,738,689	2,351,651	2,193,720	2,473,316	3,503,713	4,557,209	3,344,768	3,490,241	4,071,470	3,703,781	4,247,058	
Portugal	10,804,534	11,561,924	14,168,717	17,092,701	17,694,576	19,306,664	23,100,105	26,033,163	22,066,761	23,557,418	25,367,860	19,687,238	24,278,955	
Qatar	41,143	50,673	60,542	49,656	114,644	159,596	257,918	441,643	297,750	255,275	299,540	304,911	306,619	
Republic of Moldova	5,814	5,590	8,476	11,737	18,071	17,756	25,306	34,954	30,728	28,523	40,284	41,523	46,580	
Romania	219,306	289,586	435,933	717,268	902,269	1,195,402	1,421,443	1,622,745	1,044,778	1,303,386	1,740,795	1,674,082	1,725,066	
Russian Federation	493,032	578,320	761,930	878,980	1,226,959	1,951,518	3,196,421	4,242,985	2,276,938	3,040,631	4,294,420	4,913,997	4,914,500	
Rwanda	877	887	1,023	720	1,455	1,498	1,516	14,133	2,525	2,377	7,286	9,997	2,794	
Saint Kitts and Nevis	96	334	256	83	36	89	56	73	26	34	88			
Saint Lucia	214	305	872	745	1,372	1,061	331	245						
Saint Vincent and the Grenadines	179	67	126	119	209	320	297	240	192	136	238	110		
Samoa	0	1	0	8	5	0	2	8	49	45	25	9	58	
Sao Tome and Principe	115	68	142	84	10	105	14	54	43	6	1,606	3,745	446	
Saudi Arabia	444,924	411,179	489,086	597,620	669,981	769,074	1,181,936	1,350,349	1,232,838	1,219,483	1,413,760	1,800,685		
Senegal	74,145	67,355	103,802	117,143	118,770	138,555	147,982	200,196	187,504	189,792	199,905	220,958	270,393	
Serbia					112,836	117,609	170,131	238,829	181,322	157,046	210,837	238,398	230,317	
Serbia and Montenegro	47,664	67,092		130,230										
Seychelles	31,396	35,652	43,127		52,465	60,647		51,631						
Sierra Leone		3,776												
Singapore	379,270	303,585	337,159	337,532	385,997	498,661	607,712	751,088	583,262	640,670	806,191	1,011,624	1,053,275	
Slovakia	355,658	522,689	613,023	587,776	584,154	664,565	861,292	888,823	613,373	646,876	844,354	864,648	879,112	
Slovenia	251,304	324,474	261,089	496,153	659,255	706,290	841,688	1,002,895	715,417	704,566	750,682	616,941	569,568	
Solomon Islands								18	10	33	1,073			
South Africa	280,239	337,515	511,799	670,475	880,733	1,035,337	1,112,679	1,063,684	756,871	1,257,892	1,376,248	1,230,224	1,886,686	
Spain	0	0	0	0	0	0	0	0	0	0	0	0	4	
Sri Lanka	11,310	12,106	17,660	16,539	22,553	29,043	34,662	29,486	21,813	19,158	29,736	36,267		
Sudan (North + South)	6,989	10,565	10,233	9,864	17,266	21,242		6,504	22,760	28,510	20,964			
Suriname	315			2,591	3,340	2,890	5,624		4,334	5,530	4,018			
Swaziland	282	1,232	2,086	0	2,138	119	8,056							
Sweden	999,355	1,100,042	1,386,884	1,609,041	1,797,875	1,960,188	2,161,770	2,268,425	1,538,874	1,817,768	2,294,057	2,049,805	2,057,801	
Switzerland	1,479,218	1,711,547	2,376,262	2,772,281	3,199,493	3,244,341	3,459,355	3,634,569	3,515,047	4,724,403	5,871,367	5,832,230	5,443,716	
Syrian Arab Republic	113,159	99,533	63,873	63,130	76,740	74,851	130,153	253,495	188,633	182,628				
Taipei, Chinese	311,040	306,899	315,980	368,867	441,619	404,933	452,546	484,786	422,429	569,057	650,818	630,779	659,216	
Tanzania, United Republic of	10,232	10,372	13,601	29,522	14,447	14,167	17,860	29,780	31,603	37,120	34,724	47,010	36,895	
Thailand	218,028	215,277	231,717	271,347	336,634	352,731	423,993	531,410	394,384	465,943	571,637	630,204	689,527	
Timor-Leste				64	5									
Togo	11,838	10,693	17,179	15,992	25,003		16,502	28,584	15,918	12,582	28,680	44,199	88,563	
Tonga	0	1	0					1	0	103	2	2		
Trinidad and Tobago	66,667	21,447	56,244	61,651	26,812	53,273	59,150	46,948	30,228	31,274				
Tunisia	434,148	470,394	581,886	673,909	677,533	699,139	886,017	951,213	867,040	1,025,336	1,132,508	1,117,319	1,117,795	
Turkey	1,066,141	1,388,799	2,003,792	3,253,677	3,555,111	3,832,593	4,342,998	4,548,182	3,775,585	4,840,127	6,196,466	6,022,764	6,416,653	
Turks and Caicos Islands	0	0	0	0							16	0		
Uganda	3,170	3,957	15,885	7,643	5,582	5,653	19,092	12,361	20,938	9,675	15,154	13,724	14,717	
Ukraine	87,528	101,776	153,932	171,752	233,508	354,863	429,301	659,623	372,152	468,573	685,295	746,736	863,356	
United Arab Emirates					597,606		1,116,582	1,351,181						
United Kingdom	9,843,268	12,387,159	13,877,379	16,341,154	17,426,481	20,484,910	21,371,581	19,332,457	14,760,471	15,785,021	18,889,339	17,444,694	19,664,378	
United States of America	5,581,499	6,062,796	7,140,246	7,931,047	9,127,800	10,401,727	11,074,635	11,572,987	8,190,323	8,883,901	11,423,316	12,220,165	12,165,814	
Uruguay	100,810	61,861	42,830	55,671	48,084	56,027	71,500	93,991	83,379	151,356	154,647	151,503	195,083	
Vanuatu						42	245		97	33	168			
Venezuela	448,100	319,084	330,997	540,176	504,342	465,763		953,157	794,769	882,735	1,454,564	1,398,272	1,053,948	
Viet Nam	46,912	67,207	78,727	94,099	76,726	96,818	139,398	199,825	177,981	230,596	262,216	283,710		
Yemen				19,704	17,247	21,415	22,887	32,510	30,576	27,751	19,499	41,672		
Zambia	1,369	460	630	1,842	2,192	4,432	4,704	2,555	3,230	6,609	3,330	13,288	19,143	
Zimbabwe	4,946	9,964		2,894	1,161	1,964	2,740	1,596	677	2,360	3,877	3,174	5,676	
