List of importing markets for a product exported by Romania Product: TOTAL All products
"Importers"	"Exported value in 2001"	"Exported value in 2002"	"Exported value in 2003"	"Exported value in 2004"	"Exported value in 2005"	"Exported value in 2006"	"Exported value in 2007"	"Exported value in 2008"	"Exported value in 2009"	"Exported value in 2010"	"Exported value in 2011"	"Exported value in 2012"	"Exported value in 2013"	
World	11,384,994	13,875,709	17,618,059	23,485,343	27,729,597	32,336,030	40,264,716	49,538,878	40,620,890	49,413,386	62,692,001	57,904,330	65,881,442	
Afghanistan	0	429	1,923	2,844	362	6,684	11,535	15,113	15,844	17,688	41,322	10,944	12,350	
Africa not elsewhere specified	0	0	0	0	0	0	0	0	0	0	0	0	0	
Albania	12,886	20,659	14,656	19,549	15,417	30,830	50,470	56,037	42,795	62,866	60,836	57,259	51,236	
Algeria	18,255	28,177	51,566	61,052	70,016	84,130	103,939	155,115	185,238	233,596	287,475	488,195	506,189	
Andorra	34	221	242	309	244	355	366	413	623	631	435	547	543	
Angola	837	877	2,148	3,951	1,552	1,333	1,582	34,013	360	2,591	10,668	27,537	23,129	
Anguilla	0	0	0	0	0	0	0	0	0	0	0	0	0	
Antigua and Barbuda	22	128	60	241	182	366	51,228	18,679	331	27,582	96	18	41	
Area Nes	21,821	24,933	27,267	26,432	31,345	27,636	10,993	31,977	35,275	31,522	16,173	24,936	19,822	
Argentina	21,134	3,973	7,128	14,657	17,516	18,149	26,431	40,184	9,540	8,849	16,291	27,565	26,217	
Armenia	1,545	322	390	2,363	6,065	7,066	7,937	7,761	2,235	13,013	8,798	7,255	7,911	
Aruba	165	0	0	25	48	32	0	7	2	0	6	12	6	
Australia	3,508	4,124	4,804	8,993	9,579	6,867	18,666	39,507	21,003	19,391	34,750	33,755	35,522	
Austria	341,650	421,433	567,124	731,546	861,270	853,776	1,033,784	1,123,233	958,415	1,140,653	1,397,301	1,325,266	1,563,285	
Azerbaijan	4,912	6,095	5,782	7,533	5,478	5,105	8,524	17,480	20,345	42,110	33,316	22,595	43,794	
Bahamas	26	12,558	10,615	79	77	460	1,925	1,303	82	24	124	43	11	
Bahrain	2,258	4,530	8,248	4,387	6,396	9,390	6,329	2,717	2,248	4,513	4,504	4,511	6,266	
Bangladesh	678	211	6,664	5,978	20,424	24,607	1,975	12,170	4,529	52,035	4,191	4,180	13,534	
Barbados	4	0	0	12	29	106	102	288	14	0	11	0	2	
Belarus	2,304	1,984	1,922	4,555	4,782	9,293	12,120	28,339	22,817	31,441	25,222	27,137	39,313	
Belgium	193,270	218,591	279,570	465,091	484,482	533,628	642,570	812,172	725,710	963,285	1,242,088	1,014,391	1,240,349	
Belize	121	117	143	229	30	14	86	587	9	47	6	10	5	
Benin	91	105	514	3,852	553	18	54	100	2,488	561	636	606	782	
Bermuda	0	0	1	17	14	8	902	55	2	3	9	13	11	
Bhutan	0	0	0	0	0	0	0	2	0	0	0	0	0	
Bolivia	23	296	403	250	114	167	14	0	21	44	366	90	4,178	
Bosnia and Herzegovina	12,262	14,598	17,231	40,068	127,687	178,961	72,045	106,406	72,645	93,200	123,201	104,110	110,951	
Botswana	4	7	82	3	4	4	50	59	118	247	586	1	27	
Brazil	15,784	9,359	5,501	10,332	17,286	14,666	69,653	106,075	59,641	91,223	204,859	219,053	377,925	
British Antarctic Territories	0	35	0	401	0	0	0	0	0	0	0	0	0	
British Indian Ocean Territories	0	2	12	0	0	0	454	3	12	0	0	0	0	
British Virgin Islands	100	38	905	739	90	314	10	1	704	0	73	104	259,281	
Brunei Darussalam	15	8	0	0	0	1,106	4	199	231	196	226	362	298	
Bulgaria	202,159	176,605	289,182	451,242	735,150	911,176	1,302,554	2,062,606	1,534,538	1,771,007	2,270,265	2,231,553	2,254,353	
Burkina Faso	64	48	113	3,081	1,280	245	103	1,093	3,057	4,338	1,315	1,252	7,087	
Burundi	7	3	16	10	35	23	0	166	61	24	51	17	80	
Cabo Verde	663	339	629	190	0	0	0	0	44	189	17	129	37	
Cambodia	182	382	916	72	58	116	218	244	1,275	53	793	150	416	
Cameroon	2,914	4,939	6,787	7,394	10,289	14,312	10,265	16,767	2,039	1,731	3,704	6,459	5,686	
Canada	35,868	47,913	49,782	74,091	96,406	74,732	55,837	64,514	30,654	123,370	205,514	145,476	160,432	
Cayman Islands	6	7	58	60	88	57	89	0	83	0	2	0	74	
Central African Republic	0	0	0	30	87	0	157	18	18	1	2	157	98	
Chad	0	13	2	585	115	6	0	0	108	0	0	0	0	
Chile	10,713	8,351	3,184	2,141	17,628	6,611	7,009	39,583	2,716	2,234	26,188	20,030	10,705	
China	89,151	208,879	282,188	195,285	207,385	217,578	213,401	237,278	296,544	410,081	543,968	494,395	663,628	
Cocos (Keeling) Islands	6	0	0	0	0	0	0	0	0	0	0	0	0	
Colombia	4,303	6,521	3,850	7,276	36,495	75,619	96,656	67,740	42,463	71,573	92,173	181,901	142,203	
Comoros	29	55	73	59	54	157	175	757	86	193	31	12	1	
Congo	85	511	273	565	1,018	1,098	1,249	3,756	1,689	329	11,988	14,002	27,291	
Cook Islands	0	0	0	0	0	0	0	0	0	0	0	0	0	
Costa Rica	951	1,143	126	285	259	99	119	752	873	395	3,587	304	839	
Côte d'Ivoire	1,967	5,290	20,982	6,434	2,387	2,912	4,334	3,269	5,092	51,945	8,205	12,276	10,216	
Croatia	17,256	35,881	124,204	188,755	233,224	147,755	163,419	144,267	114,887	135,066	170,268	152,396	149,766	
Cuba	1,334	1,771	321	307	2,582	69	952	296	154	299	2,627	257	305	
Cyprus	26,954	13,598	9,267	66,043	110,597	62,455	56,399	160,728	91,490	125,059	110,004	168,786	93,679	
Czech Republic	35,989	52,161	95,861	168,055	264,865	368,013	557,092	775,073	671,293	758,773	1,052,385	1,043,696	1,313,781	
Democratic Republic of the Congo	34	8	38	1	0	1,859	59	78	18	1,811	1,045	7,105	495	
Denmark	28,635	25,600	31,064	52,520	60,675	79,977	86,298	108,591	105,055	142,557	233,427	262,133	281,025	
Djibouti	34	65	58	160	79	136	0	196	162	441	931	389	389	
Dominica	81	924	8	0	0	0	0	2	218	3,566	53	0	1	
Dominican Republic	230	988	173	552	2,729	863	4,675	5,380	4,843	3,989	2,113	2,459	3,118	
Ecuador	853	291	1,195	1,160	2,865	1,138	775	1,107	14,648	13,697	7,103	20,724	25,027	
Egypt	112,728	118,447	118,905	206,777	192,092	218,455	234,206	272,579	259,714	240,464	381,240	491,662	617,280	
El Salvador	0	293	619	0	396	89	4	35	11	71	19	38	222	
Equatorial Guinea	126	16	0	528	0	46	95	28	92	3,221	332	201	717	
Eritrea	878	1,369	211	8,105	262	25	12	0	0	133	265	119	318	
Estonia	1,669	1,464	2,171	4,786	5,217	7,956	16,764	28,563	26,665	32,354	45,866	51,812	79,585	
Ethiopia	836	1,939	1,514	492	2,041	725	404	71,255	35,079	2,463	1,045	1,098	13,614	
Europe Othr. Nes	0	0	0	0	0	0	732	3,588	1,205	1,079	114	254	4,682	
Falkland Islands (Malvinas)	0	0	32	0	52	233	421	121	90	55	0	0	13	
Faroe Islands	0	82	111	44	44	5	240	169	106	377	671	984	1,074	
Fiji	0	0	0	1	0	0	0	0	0	1	0	16	55	
Finland	4,053	6,595	11,644	18,336	28,053	39,190	70,401	91,859	78,525	118,974	150,018	131,403	156,429	
France	918,948	1,056,127	1,295,129	1,994,709	2,063,080	2,424,826	3,117,132	3,656,376	3,338,436	4,115,436	4,688,019	4,052,581	4,461,131	
Free Zones	0	0	0	0	0	0	0	0	0	0	0	0	0	
French Polynesia	89	26,421	10	0	1,137	651	1,003	844	1,490	2,777	4,149	3,413	3,218	
French South Antarctic Territories	0	0	0	0	0	0	0	13	0	1	43	28	9	
Gabon	10	280	854	1,172	853	1,594	1,100	5,435	9,920	2,503	9,246	12,344	10,042	
Gambia	70	620	691	6,105	458	231	67	17	12	845	87	0	75	
Georgia	39,192	26,088	61,621	77,982	160,342	197,834	141,316	236,997	178,593	201,542	262,265	321,042	419,065	
Germany	1,781,104	2,165,477	2,770,976	3,513,845	3,890,606	5,078,686	6,827,646	8,175,985	7,641,860	8,928,650	11,687,889	10,762,246	12,215,477	
Ghana	1,313	733	2,334	3,612	10,224	1,942	1,899	3,800	3,635	16,095	12,452	8,029	6,715	
Gibraltar	43,556	11,135	71,986	93,340	13,148	107	117,078	53,465	46,380	6,547	139,556	62,792	94,557	
Greece	315,739	388,024	425,874	627,560	591,234	633,750	687,721	898,939	768,937	744,038	850,411	702,188	804,742	
Greenland	0	0	0	0	0	0	0	0	0	0	0	85	0	
Grenada	0	5	0	5	7	0	0	0	0	0	0	0	0	
Guatemala	137	3,088	592	543	777	3,074	1,497	11,225	472	13,006	21,346	35,474	20,632	
Guinea	945	735	1,073	2,322	182	209	389	167	382	519	46	2,663	1,105	
Guinea-Bissau	2	290	68	0	0	33	0	19	12	0	3	0	13	
Guyana	38	17	17	20	1	243	2	1	62	66	28	10	8	
Haiti	17	0	0	15	148	113	293	102	0	783	7,443	3	1,824	
Honduras	344	471	416	1,129	982	823	0	129	43	193	324	89	19	
Hong Kong, China	30,657	230,243	99,020	35,743	20,257	30,502	16,680	32,887	82,441	89,181	115,312	84,902	56,890	
Hungary	371,424	431,003	617,125	898,062	1,147,259	1,596,136	2,248,293	2,530,622	1,765,497	2,364,258	3,501,243	3,110,201	3,257,143	
Iceland	121	442	197	1,084	3,406	2,966	5,597	3,816	2,293	1,536	1,300	918	2,448	
India	38,882	48,156	53,547	129,818	272,265	240,853	449,097	310,160	256,885	190,044	271,795	273,063	305,875	
Indonesia	4,759	10,530	4,803	17,228	8,069	4,890	8,381	13,271	9,966	9,599	14,972	13,414	15,268	
Iran (Islamic Republic of)	42,824	63,679	84,215	59,028	93,405	62,651	137,178	167,864	121,505	154,968	292,457	321,386	151,882	
Iraq	12,560	29,729	10,683	19,675	45,825	68,526	26,709	93,476	116,218	66,276	94,258	73,308	87,361	
Ireland	63,806	15,102	31,165	38,611	44,783	52,402	118,753	136,028	104,452	110,758	124,569	110,288	138,250	
Israel	121,091	149,504	98,429	105,605	146,020	172,811	166,355	208,366	148,735	201,038	194,343	290,475	374,107	
Italy	2,853,923	3,488,462	4,288,269	5,025,226	5,383,705	5,846,579	6,922,489	7,722,787	6,278,817	6,878,057	8,099,369	7,033,430	7,606,651	
Jamaica	402	605	18	26	17	135	66	83	84	12	31	49	30	
Japan	17,716	11,528	15,753	47,755	78,997	103,111	116,010	117,491	112,170	186,502	237,626	273,266	308,872	
Jordan	18,225	23,728	13,417	37,336	32,305	32,914	43,652	44,481	63,020	77,738	171,148	133,167	245,875	
Kazakhstan	14,623	22,942	22,601	26,267	35,548	35,512	90,593	81,969	72,273	110,229	175,263	110,758	52,561	
Kenya	2,110	1,144	14,112	22,593	9,312	35,202	5,237	21,178	13,584	21,403	37,031	25,490	22,529	
Kiribati	0	0	0	0	0	0	0	0	0	0	0	0	0	
Korea, Democratic People's Republic of	0	6	4,668	943	372	545	651	407	31	0	11	0	43	
Korea, Republic of	40,341	43,766	75,559	95,955	67,427	28,081	59,578	142,704	198,911	284,712	344,028	482,026	610,651	
Kuwait	7,034	25,903	18,465	15,458	26,262	47,327	61,136	54,631	17,069	22,206	53,343	29,942	35,384	
Kyrgyzstan	106	264	241	138	175	324	358	730	2,410	5,359	2,581	3,317	4,249	
Lao People's Democratic Republic	0	3	1	264	0	0	0	0	0	24	6,300	5	801	
Latvia	1,963	2,566	5,455	7,402	7,725	7,249	13,823	25,712	30,240	24,690	30,628	33,863	35,400	
Lebanon	31,988	76,595	70,585	97,644	157,846	142,906	124,218	247,018	185,073	203,468	185,700	177,320	239,547	
Lesotho	0	0	0	0	0	0	0	0	180	13	0	0	0	
Liberia	925	283	235	3,328	26,304	52,506	93,646	139,989	26,236	171,488	147,284	141,886	49,222	
Libya	10,421	9,093	19,238	11,928	21,955	19,935	11,569	55,718	41,704	59,176	23,891	138,622	324,856	
Lithuania	1,649	2,558	3,913	9,173	12,418	19,498	34,658	44,608	40,049	46,569	49,514	55,944	59,146	
Luxembourg	1,239	6,877	6,101	4,376	9,944	6,785	43,888	17,526	27,769	13,677	16,050	12,571	16,015	
Macao, China	0	29	8	48	7	21	4	35	86	83	254	8	124	
Macedonia, The Former Yugoslav Republic of	11,567	7,382	12,693	115,299	60,106	97,736	79,166	129,343	115,903	132,360	97,844	116,773	108,312	
Madagascar	208	238	46	525	206	511	559	995	859	5,053	1,783	4,787	2,464	
Malawi	0	0	0	0	0	1	149	204	36	256	63	45	6,488	
Malaysia	7,056	5,803	8,751	7,300	9,668	15,656	13,855	19,590	9,345	19,070	21,763	24,289	24,708	
Maldives	14	131	134	14	8	243	0	9	9	67	91	3	15	
Mali	371	437	3,308	781	6,228	116	702	928	1,055	998	2,977	3,386	2,642	
Malta	42,186	16,503	27,037	82,928	67,787	98,551	75,471	60,236	32,982	21,013	71,735	36,765	34,742	
Marshall Islands	709	205	311	79	404	148	33,143	49,731	203	310	5	34,759	32,214	
Mauritania	1,502	1,147	741	1,477	450	56	136	162	2,458	629	747	1,183	29,031	
Mauritius	24	23	197	26	413	120	117	660	1,068	710	1,768	261	283	
Mayotte	0	0	28	0	0	3	4	6	518	1,805	2,629	2,105	2,140	
Mexico	18,700	23,654	9,107	11,437	18,454	59,452	30,288	58,977	19,196	28,139	40,531	88,563	212,442	
Mongolia	10	49	238	84	77	66	436	1,358	1,876	2,498	3,915	5,338	6,322	
Montenegro	0	0	0	0	0	0	14,817	44,052	21,199	31,170	41,850	29,781	25,514	
Montserrat	0	0	0	0	0	0	0	5	0	0	0	0	0	
Morocco	30,972	38,418	35,781	26,411	67,662	72,649	120,897	141,577	142,378	220,099	305,608	381,007	524,921	
Mozambique	6	950	73	2,616	392	5,752	17	3,745	2,759	4,622	24,231	802	5,587	
Myanmar	0	10	69	0	1	18	0	17	0	1	0	126	1,268	
Namibia	0	24	38	20	0	0	95	0	30	40	595	149	251	
Nauru	30	0	0	0	0	0	0	0	0	0	0	0	0	
Nepal	85	0	459	17	3	60	0	0	142	4	0	0	15	
Netherland Antilles	26	57	12,275	124	118	314	33	43,155	32,477	5,562	1	33	138	
Netherlands	386,074	436,091	627,708	749,210	746,672	798,405	831,769	1,430,433	1,329,849	1,363,697	1,952,824	1,646,889	2,044,955	
Neutral Zone	465	0	0	0	0	0	0	0	0	0	0	0	0	
New Caledonia	2	1	0	5	3,343	1,004	4,113	3,303	3,903	5,531	8,738	5,362	6,941	
New Zealand	148	711	1,239	1,159	714	373	1,036	2,999	307	763	1,038	10,388	3,612	
Nicaragua	0	0	0	304	0	40	13	10	2	122	170	5,630	205	
Niger	906	676	350	167	43	478	408	1,236	2,397	747	629	167	377	
Nigeria	68,138	38,243	23,191	41,426	103,419	34,486	20,988	47,905	45,565	54,182	79,217	119,642	35,323	
Niue	0	0	0	0	0	0	0	0	0	0	0	0	0	
Northern Mariana Islands	0	0	0	0	0	0	0	0	0	0	0	0	0	
Norway	72,662	115,970	114,183	98,564	171,437	334,903	409,744	461,847	558,459	413,823	485,909	507,726	794,973	
Oman	115	480	11,169	2,316	6,161	11,972	9,174	13,047	14,469	22,523	38,359	52,728	35,359	
Pakistan	19,488	13,766	21,105	18,379	50,385	47,956	38,614	117,932	59,632	58,412	144,668	20,230	100,074	
Palestine, State of	0	0	0	62	6	0	0	0	281	795	1,761	220	93	
Panama	1,823	599	1,280	3,487	3,874	2,805	85,443	165,543	104,079	62,650	632	1,158	15,387	
Papua New Guinea	5	0	22	0	0	21	65	0	96	0	126	63	9	
Paraguay	46	19	34	17	215	50	108	180	178	164	180	665	413	
Peru	10,057	6,795	8,954	10,073	8,189	2,774	4,316	15,033	260	4,881	2,926	1,951	6,486	
Philippines	16,052	6,874	5,017	565	1,014	1,723	596	4,008	1,622	53,504	3,064	7,552	20,430	
Pitcairn	0	0	0	0	0	0	0	0	0	0	0	0	0	
Poland	100,292	106,753	169,327	310,021	404,313	585,935	870,133	986,652	901,540	1,301,999	1,491,128	1,397,618	1,555,155	
Portugal	20,775	32,812	38,276	46,229	56,171	41,872	56,485	171,176	240,116	222,780	255,805	199,243	232,841	
Qatar	481	2,263	6,967	4,054	6,449	10,040	17,663	14,434	12,884	9,705	25,804	35,731	28,917	
Republic of Moldova	111,472	109,564	136,826	205,153	325,980	426,994	632,459	824,383	520,866	611,901	786,307	782,728	950,192	
Romania	0	0	0	0	0	0	0	0	0	0	0	0	0	
Russian Federation	82,814	40,156	52,176	120,946	230,652	374,087	582,795	897,703	716,289	1,096,734	1,417,042	1,351,302	1,839,685	
Rwanda	12	27	460	6	160	1	670	408	274	860	264	134	4	
Saint Helena	0	0	0	0	0	0	0	0	0	0	0	11	0	
Saint Kitts and Nevis	0	0	0	0	0	0	21	122	31	0	3,895	3	0	
Saint Lucia	0	0	0	0	0	0	0	0	0	0	1	0	0	
Saint Vincent and the Grenadines	909	66	107	1,762	111	482	436	1,151	25,760	107	3	6	76	
Samoa	0	0	0	0	0	0	0	0	0	0	0	0	0	
Sao Tome and Principe	87	0	0	2	0	0	68	65	0	0	2	40	0	
Saudi Arabia	61,556	89,873	76,932	99,625	119,463	165,442	163,770	186,108	175,840	196,307	518,835	348,246	458,158	
Senegal	563	782	434	455	1,018	2,047	2,199	1,201	4,129	4,963	8,125	8,265	12,862	
Serbia	0	0	0	0	0	493,921	434,844	700,574	576,925	713,694	1,006,417	979,719	737,243	
Serbia and Montenegro	154,585	126,209	153,084	226,561	317,264	0	0	0	0	0	0	0	0	
Seychelles	0	12	0	41	940	6	40	4	22	353	43	471	664	
Sierra Leone	2,384	62	204	455	19	361	687	876	283	6,644	8,498	3,561	932	
Singapore	15,926	16,261	32,841	43,787	65,345	59,617	51,298	103,643	56,208	26,252	49,980	65,493	49,733	
Slovakia	32,026	35,072	46,869	78,413	115,393	226,007	365,680	653,792	433,055	612,536	998,600	1,052,344	1,120,255	
Slovenia	65,676	80,939	69,252	118,485	127,921	115,080	226,929	236,476	239,138	242,869	283,983	221,187	250,334	
Solomon Islands	0	0	0	97	6	0	0	0	0	0	0	0	0	
Somalia	0	5	0	0	91	0	0	20	0	0	0	0	4	
South Africa	3,273	3,560	3,417	4,825	6,285	10,087	12,490	79,847	68,135	131,041	227,291	146,750	177,846	
Spain	179,234	203,869	314,235	465,896	670,471	756,329	933,063	1,144,120	1,224,740	1,498,349	1,522,706	1,425,143	1,604,454	
Special categories	0	0	0	0	0	0	0	0	0	0	0	0	0	
Sri Lanka	5,117	1,396	1,043	2,061	5,285	4,737	5,791	7,490	4,348	5,695	5,636	1,677	22,927	
St. Pierre and Miquelon	0	0	0	0	0	0	0	0	93	259	416	269	166	
Sudan (North + South)	7,412	3,744	3,417	2,428	11,437	28,937	9,082	17,300	2,853	6,011	7,792	5,230	8,355	
Suriname	1	0	0	152	0	43	12	659	68	57	148	1,672	1,074	
Swaziland	0	177	134	174	26	0	0	79	0	0	0	21	17	
Sweden	61,411	65,919	91,263	131,551	134,557	178,349	259,375	297,350	347,891	384,955	494,361	503,022	601,144	
Switzerland	54,642	71,364	106,459	141,847	186,655	197,490	305,713	441,819	352,649	347,324	417,620	356,317	358,113	
Syrian Arab Republic	68,536	96,184	124,366	145,185	87,031	87,436	117,318	169,302	209,586	204,568	239,698	93,243	126,915	
Taipei, Chinese	16,772	33,535	47,820	38,952	29,834	10,063	27,529	28,993	7,315	13,094	18,252	28,975	31,133	
Tajikistan	0	0	23,887	2,301	0	0	49	164	16	2	3	290	414	
Tanzania, United Republic of	523	587	126	58	9,652	341	546	640	7,303	3,696	1,949	1,717	1,387	
Thailand	39,332	19,569	22,607	7,553	23,977	14,990	9,727	14,499	12,970	29,638	20,939	18,847	43,480	
Timor-Leste	0	0	0	0	0	0	0	0	0	1	0	0	0	
Togo	288	379	2,435	416	399	15,966	549	66,289	724	1,501	1,370	77,805	166,943	
Tokelau	0	0	52	1	1	0	0	0	0	2	0	0	0	
Tonga	22	75	24	2	1	0	0	0	0	0	0	0	0	
Trinidad and Tobago	2,837	12,152	1,634	2,613	1,117	1,514	3,483	527	1,910	167	490	253	927	
Tunisia	26,480	18,676	16,639	28,603	47,596	71,008	44,655	85,857	98,817	60,463	143,546	169,962	124,003	
Turkey	450,728	574,254	902,013	1,642,935	2,197,236	2,498,499	2,819,087	3,275,963	2,008,701	3,391,297	3,863,414	3,161,615	3,385,459	
Turkmenistan	11,011	3,083	2,869	3,773	4,138	8,873	14,362	18,484	16,842	4,173	16,412	6,784	14,804	
Turks and Caicos Islands	0	0	1	25	0	0	0	0	0	169	1	12	59	
Tuvalu	6	0	0	0	0	0	0	0	1	0	0	0	0	
Uganda	1,009	212	272	223	549	603	549	348	826	2,125	12,638	1,104	924	
Ukraine	45,130	37,802	65,446	78,218	167,455	424,329	741,524	1,220,161	487,162	706,720	1,130,092	1,073,442	1,286,268	
United Arab Emirates	53,896	65,082	75,992	162,710	255,369	483,388	452,841	462,272	241,653	302,307	461,588	261,972	307,490	
United Kingdom	586,485	805,031	1,181,599	1,561,051	1,512,096	1,520,926	1,660,697	1,628,177	1,364,029	1,788,445	2,015,102	2,085,800	2,698,459	
United States Minor Outlying Islands	0	19	230	0	0	156	8	41	37	9	3	39	1	
United States of America	361,436	605,411	619,042	667,404	1,126,747	827,494	808,349	838,467	475,714	734,015	1,110,195	1,101,045	1,098,152	
Uruguay	177	1,774	1,252	345	338	301	237	569	87	145	2,479	2,911	8,489	
Uzbekistan	3,589	1,082	1,095	2,991	25,215	52,945	76,792	66,286	34,160	10,385	18,098	14,677	14,977	
Vanuatu	1	0	0	6	0	8	0	1	23	1,010	3,128	4,341	156	
Venezuela	34,029	14,339	12,896	19,220	22,387	10,916	16,168	3,613	2,259	1,453	17,362	39,347	18,979	
Viet Nam	5,996	6,508	23,701	13,959	5,324	8,782	5,963	12,775	17,109	28,190	15,874	15,184	40,069	
Wallis and Futuna Islands	112	0	0	0	0	0	0	0	0	0	0	0	0	
Western Sahara	0	0	0	0	0	0	0	0	0	0	0	0	0	
Yemen	1,363	3,233	2,552	12,677	18,885	27,782	41,319	30,090	6,969	5,904	11,752	9,691	6,405	
Zambia	1	1	326	239	402	121	361	159	92	982	1,563	827	1,392	
Zimbabwe	380	28	2	1	47	0	5	1	59	38	2,469	971	1,360	
