List of importing markets for a product exported by Bahrain (Mirror) Product: TOTAL All products
"Importers"	"Exported value in 2001"	"Exported value in 2002"	"Exported value in 2003"	"Exported value in 2004"	"Exported value in 2005"	"Exported value in 2006"	"Exported value in 2007"	"Exported value in 2008"	"Exported value in 2009"	"Exported value in 2010"	"Exported value in 2011"	"Exported value in 2012"	"Exported value in 2013"	
Total	2,876,919	2,739,511	2,922,062	3,813,443	5,375,013	6,801,045	7,570,497	10,410,435	6,224,092	8,656,518	9,863,100	11,511,670	8,352,057	
Albania	5	0	38	0	22	0	0	95	42	3	10	35	1	
Algeria	12,386	21,698	5,781	13,704	8,200	14,425	26,476	43,030	14,113	21,233	65,523	48,057	42,841	
Andorra	0	0	0	39										
Argentina	2,438	0	0	0	4,450	8,068	1,435	0	0	17,328	0	5,044	6,821	
Armenia	0	0	0	0	0	2	459	661	123	239	70	42	5	
Aruba					0				0	0	0	0		
Australia	25,752	35,896	69,195	97,043	85,956	91,655	120,311	181,034	66,728	42,137	111,822	69,916	72,890	
Austria	1,878	1,523	2,747	2,846	2,104	1,452	3,609	3,474	4,544	2,873	5,679	15,919	13,063	
Azerbaijan	0	1	0	0	96	7	11	45	13	58	208	51		
Bangladesh	2,691	3,194	10,140	5,899	1,491	1,012	487							
Barbados	45	106	15	30	0	31	0	1	0	3	1	25	2	
Belarus	0	0	0	0	0	0	0	0	0	0	0	712	759	
Belgium	26,815	23,669	29,005	31,592	37,773	39,655	39,354	15,410	9,428	4,698	48,397	306,092	264,625	
Belize	0	0	0	0	0	1	0	1	0	0	0	0	0	
Benin	2,658	10,902	11,858	4,699	9,005	7,542	0	0	0	0	0	5	0	
Bermuda												0	1	
Bhutan					0	0	0	0	158	0	0			
Bolivia	0	28	0	9	0	1	0	0	6	0	0	2		
Bosnia and Herzegovina			6	3	124	83	1,510	468	129	247	24	12	26	
Botswana	0	11	17	0	0	0	0	1	81	85	1	0	34	
Brazil	0	31	0	0	0	32,562	1,830	29,940	1,479	42,431	15,937	32,376	53,482	
Brunei Darussalam	1	8	6	6		6				3	10	4	11	
Bulgaria	0	1,183	0	2	6	5	65	13	37	620	21	889	567	
Burkina Faso	9,939	14,719	1	13	0		0	8	0	0	0	0		
Burundi	0	0	0	0	0	4	0	0	0	0	484	3,803	3,194	
Cabo Verde	0	0	3	0	0	0	0		0	0	0	0	0	
Cambodia	0	0	3	2	61	82	9	83	0	0	0	742		
Cameroon	1,395	2,070	1	0	0	0	54	20	194	87	2	2		
Canada	7,629	8,113	8,038	4,816	6,281	89,660	7,887	3,646	4,194	3,032	4,322	78,738	53,279	
Chile	0	0	384	304	3	0	0	149	269	119	216	243	196	
China	77,677	51,758	52,130	92,396	68,940	64,815	102,446	131,317	211,237	251,912	325,836	348,345	304,138	
Colombia	2,402	2,606	875	1,340	192	3,052	2,183	121	563	113	307	49	69	
Congo							0	0	18	20	0	0	0	
Costa Rica	13	7	3	7	15	19	11	31	7	9	10	61	42	
Côte d'Ivoire	15,079	9,215	45	2	140	270	410	123	62	64	80	1		
Croatia	8	22	1	95	216	284	321	226	190	3,282	7,794	1,993	1,174	
Cuba	661	653	159	0	0	0								
Cyprus	209	255	494	701	493	4,258	2,602	233	1,272	7,221	234	557	602	
Czech Republic	48	3	100	136	260	872	214	1,267	414	642	8,448	56	207	
Denmark	20,406	18,437	625	945	1,490	2,434	746	10,514	2,436	27,882	42,206	104,224	32,002	
Djibouti									221					
Dominica	0	0	0	2	0	0	0	0	0	0	0	2		
Dominican Republic	0	0	0	4	52	5	2	14	5	0	53	1	0	
Ecuador	0	0	0	0	0	0	0	0	1,183	769	2,760	2,374	3,341	
Egypt	14,717	1,333	1,684	1,990	9,423	81,851	115,823	165,037	45,102	96,760	57,526	51,398	212,566	
El Salvador	0	0	0	0	0	14	0	0	2,048	0	0	0	0	
Eritrea			14											
Estonia	0	3	0	0	115	67	628	440	0	0	16	0	0	
Ethiopia	252	84	45	199	190	193	10,394	5,482	23,609	37,867	30,328	18,509		
Faroe Islands	4	9	6	2	2	1	0	3	3					
Fiji		0	0	0	0	0	0	0	0	0	13	0		
Finland	9,978	92	314	3,327	5,048	7,381	10,687	22,537	41,106	10,218	11,127	3,886	1,533	
France	105,676	59,904	32,140	132,289	64,083	127,802	265,972	262,202	175,187	168,061	127,044	543,147	378,444	
French Polynesia	0	0	0	0	0	0	3	66	1	0	0	0	0	
Gabon	6,354	0	0	0	9,358	1,971	10,443	741	140					
Georgia	0	0	0	0	0	5	0	6	0	7	58	52	94	
Germany	21,111	12,304	101,736	33,890	44,611	104,705	155,853	171,312	92,020	75,555	70,539	47,419	80,335	
Ghana	34,869		1,116		342	115	333	111	4,279	62	694	828		
Greece	8,556	13,958	2,389	2,439	1,734	5,647	25,544	19,327	22,038	9,628	3,733	13,562	1,694	
Greenland	0	0	0	0	0	0	0	317	0	0	0	0	0	
Grenada	1	9	0	0	0	0	0	2						
Guatemala	0	0	0	0	0	0	0	0	1	0	4,201	4,035	0	
Guinea	0	0		0	631	0	0	0		0	0	0		
Guyana	0	0	0	0	0	0	57	62	57	98	91	104	145	
Hong Kong, China	13,350	9,722	13,953	27,189	45,798	21,952	5,987	20,405	40,060	27,439	28,774	27,598		
Hungary	331	51	53	102	55	4,942	13,390	2,434	739	1,193	2,636	86	402	
Iceland	104	0	0	0	6,024	32,019	6,635	0	437	0	1	0	13	
India	142,363	138,431	79,524	100,547	164,257	409,590	564,090	1,657,728	539,821	663,756	683,783	910,947	593,825	
Indonesia	23,818	42,531	46,810	107,740	138,226	40,010	30,342	248,948	85,841	126,931	96,830	74,908	78,142	
Iran (Islamic Republic of)	64,590	51,648	55,170	41,898	47,685	0				56,376	22,057			
Ireland	755	765	358	1,058	1,771	8,078	10,588	13,314	445	128	3,644	179	185	
Israel	5	0	0	0	0	0	0	1	1	2	0	35	395	
Italy	58,240	47,339	63,110	45,714	64,015	47,898	104,696	112,748	49,192	147,097	305,673	206,453	195,050	
Jamaica	2	0	0	0	1	0	0	0	0	0	0	0		
Japan	222,241	159,180	141,012	275,285	314,145	537,136	428,820	415,242	522,641	654,543	720,541	475,763	396,409	
Jordan	7,880	10,434	18,745	5,658		34,090	75,136	147,319	75,480	256,957	154,483	43,614	50,633	
Kazakhstan	0	0	0	276	293	903	160	344	1,086	32	1,892	1,371	1,453	
Kenya	62,538	33,534	151,946	202,291	117,662	95,938	146,512	198,832	97,907	57,885	218,954			
Korea, Republic of	128,516	154,912	251,292	287,601	307,567	341,037	320,217	292,645	317,953	589,233	656,042	801,785	598,647	
Kuwait	46,775	46,498	51,879	59,358		111,285	89,961	136,843						
Kyrgyzstan	0	0	0	0	0	3	28	11	54	2,102	93	6		
Latvia	0	7	71	0	0	1	0	0	3	90	19	26	29	
Lebanon	55,193	37,832	7,580	42,501	32,195	57,625	23,299	47,840	13,245	7,993	12,142	8,628	13,951	
Libya							5,418	24,920	23,853	26,298				
Lithuania	0	29	0	5	18	0	124	250	202	112	49	32	150	
Luxembourg	58	437	11	3	0	4	24	4	0	1	12	5	3,666	
Macao, China	7	0	1	1	0	0	0	0	0	0		0		
Macedonia, The Former Yugoslav Republic of	0	93	0	0	0	71	1,401		6	1	1	0	1	
Madagascar	54,796	70,396	23,524	101,884	220,137	288,405	372,576	306,025	109,903	139,710	36,892	158,313	70,049	
Malawi	506	530	16	10	41	19	1	15	36	4,669	393	60	305	
Malaysia	55,766	38,610	43,489	78,082	107,959	140,474	122,120	133,781	159,933	115,815	166,276	222,918	300,085	
Maldives	461	2,621	799	32,006	15,005	14	4,055	3,808	50	6,514	16,611	139	32,425	
Mali	73	32	137	334	139	3	0	25		0	0	0		
Malta	288	4	131	210	152	120	110	158	114	51	134	74	128	
Mauritania	52	0	1	5	7		32	18	0	0	1	489		
Mauritius	33,023	36,938	92,153	145,875	164,998	42,498	183	533	749	678	1,084	889	739	
Mayotte	0	0	1,573	3,563	2,103	817	18,386	1,972	8,856					
Mexico	196	31	63	612	394	11,167	6,324	4,617	2,980	3,267	2,054	13,847	15,842	
Montenegro						0	0	13	0	0	57	25	0	
Morocco	4,314	5,336	10,016	15,790	30,917	24,678	33,780	46,696	21,897	35,719	66,436	49,357	64,747	
Mozambique	0	8	1,321	320	0	50,006	632	269,718	14,885	94,672	108,399	389,501	561,479	
Myanmar										0				
Namibia	0	0	0	0	0	0	0	0	146	1,127	306	0	0	
Nepal			323						2,040	1,682	649			
Netherland Antilles					0	6	9	0						
Netherlands	9,043	11,238	7,437	20,358	67,868	103,322	117,802	275,686	99,629	233,104	267,346	263,311	439,286	
New Caledonia	0	0	7	0	0	0	34	0	0	0	3	1	4	
New Zealand	4,001	3,463	6,490	8,176	6,838	9,182	9,158	14,431	10,500	11,766	28,188	13,663	6,174	
Nicaragua	0	0	0	0	0	0	0	0	30	9	1	27	11	
Niger	1,790	10,747	7,307	3,835	13,279	4,243	0	0	0	0	0	5	1	
Nigeria	579	616	975			694	1,057	12,426	21,967	30,206	25,887	49,124		
Norway	13,646	5,538	6,388	7,731	9,486	21,813	19,924	17,705	5,524	11,766	31,161	17,525	14,377	
Oman	43,182	86,480	17,074	82,772	154,051	89,944	146,420	215,065	110,252	237,050	382,484	307,277	249,982	
Pakistan			78,675	63,650	44,064	141,874	117,470	83,580	134,325	291,303	256,427	140,535	68,810	
Palestine, State of							0	1	56	381	235	1,871		
Panama	0	0	0		0	0	0	0	0	0	0			
Papua New Guinea	21	13	150	208							943	0		
Paraguay	0	0	0	1	3	0	1	10,630	5,544	7,958	2,370	541	0	
Peru	5	0	77	0	190	335	1	5,966	14,252	20,890	47,585	44,380		
Philippines	14,202	4,414	8,553	1,742	6,328	6,976	5,436	1,047	221	3,153	13,113	63,215	11,771	
Poland	0	116	0	218	6,850	6,997	1,748	1,047	3,927	49,803	50,260	25,231	28,738	
Portugal	2,700	10,994	11,888	6,990	18,416	8,799	4,138	1,687	15,209	29,978	21,437	721	4,585	
Qatar	22,320	33,638	64,549	79,434	61,542	122,078	212,116	355,745	412,027	546,848	493,978	446,518	256,664	
Republic of Moldova	0	0	0	0	0	0	1	0	0	0	0	4	0	
Romania	808	329	244	61	269	235	477	0	4	385	3,105	256	588	
Russian Federation	12	1	443	49	1,359	427	10,526	1,010	682	1,443	4,434	4,916	2,829	
Rwanda	5,991	14,147	7,504	4,672	1,794	10,798	15,633	11,261	4,622	67	21,250	7,131	137	
Saint Kitts and Nevis	19	0	0	2	0	0	0	0	0	0	0			
Saint Lucia	0	0	0	25	0	7	0	0						
Saint Vincent and the Grenadines	0	0	1	0	0	0	1	26	0	0	0	0		
Saudi Arabia	199,166	275,550	203,823	450,456	572,799	690,316	831,580	1,181,140	941,304	1,070,979	1,263,594	1,319,052		
Senegal	951	12,161	678	20	38	275	44	4,451	159	62	229	38	187	
Serbia					21	667	605	4	311	326	231	41	128	
Serbia and Montenegro	96	157		30										
Seychelles	41	56	94		94	67		5,952						
Singapore	197,957	74,421	61,391	74,720	147,191	356,021	252,713	241,732	301,553	220,296	189,962	374,624	457,616	
Slovakia	0	2	4	61	74	10	253	472	14	2,245	5	47	176	
Slovenia	675	82	0	25	381	213	922	32,294	210	183	826	65,906	293	
South Africa	44,718	10,679	2,359	23,842	48,335	33,551	34,546	340,853	150,219	366,309	337,363	370,404	197,890	
Spain	21,216	33,183	15,977	15,165	67,566	40,170	126,706	143,293	46,807	97,591	148,472	136,355	78,518	
Sri Lanka	19,352	104,886	4,040	12,490	3,652	6,340	5,434	2,946	1,285	529	339	2,847		
Sudan (North + South)	1,783	23,117	31,251	3,911	183,478	72,275		1,648	10,847	14,826	25,119			
Suriname	0			34	0	0	0		0	322	0			
Sweden	123	798	1,693	1,439	664	2,646	803	945	7,709	17,447	468	20,563	4,918	
Switzerland	10,869	26,522	27,944	40,289	21,759	39,744	60,731	28,263	105,522	118,419	127,272	51,116	32,619	
Syrian Arab Republic	6,188	6,579	1,842	1,829	4,196	21,794	54,080	53,389	42,003	47,921				
Taipei, Chinese	138,130	122,200	162,707	149,272	199,725	257,247	385,655	402,428	278,009	454,677	459,639	278,243	216,690	
Tanzania, United Republic of	56,698	71,136	160,331	158,790	509,159	409,910	171,933	44,069	36,411	54,976	269,086	915,799	213,489	
Thailand	57,140	56,630	95,290	87,354	118,604	216,920	129,119	191,873	48,125	199,534	156,135	265,549	408,008	
Togo	750	3,787	2,404	2,812	733		0	17	7	1	0	0	0	
Tonga	0	0	0					0	0	0	0	1		
Trinidad and Tobago	0	0	0	18	0	32	39	112	340	49				
Tunisia	8,159	6,432	8,120	6,139	7,729	11,470	17,490	19,337	8,986	10,736	10,054	9,175	9,948	
Turkey	14,614	18,943	15,173	18,101	18,929	44,852	119,423	95,516	24,289	71,682	111,454	158,922	172,478	
Turks and Caicos Islands	188	67	438	125							0	0		
Uganda	48	11	179	731	20,767	85,815	61,662	46,843	18,913	16,680	112,569	72,054	58,239	
Ukraine	0	112	44	0	0	32	70	446	1,331	133	2,134	782	3,517	
United Arab Emirates					288,758		415,001	668,325						
United Kingdom	129,147	103,011	114,818	37,662	159,471	320,526	270,207	146,546	18,903	95,229	163,068	226,335	230,404	
United States of America	451,389	419,347	401,395	431,564	454,799	653,947	654,781	570,222	502,727	445,954	547,498	733,349	665,853	
Uruguay	994	0	0	0	0	0	0	0	1	0	6	7,848	9,982	
Venezuela	1	1	0	0	0	0		0	2,284	16	39	138	0	
Viet Nam	10,226	6,083	6,110	8,734	8,008	13,154	11,613	12,697	16,453	6,773	23,156	11,029		
Yemen				1,208	985	802	9,119	10,526	5,281	18,890	11,225	14,682		
Zambia	87	71	20	9	290	1,722	9	6	0	12	78	35	101	
Zimbabwe	0	0		0	0	0	811	0	26	172	129	124	113	
