List of importing markets for a product exported by Kenya Product: TOTAL All products
"Importers"	"Exported value in 2001"	"Exported value in 2002"	"Exported value in 2003"	"Exported value in 2004"	"Exported value in 2005"	"Exported value in 2006"	"Exported value in 2007"	"Exported value in 2008"	"Exported value in 2009"	"Exported value in 2010"	"Exported value in 2011"	
World	1,520,157	1,400,372	2,551,073	2,683,206	3,419,901	3,501,656	4,080,800	5,000,949	4,463,443	5,169,112	5,853,310	
Afghanistan	35,891	16,422	69,824	36,618	19,426	21,520	38,055	62,555	98,876	150,458	157,665	
Albania	0	0	45	0	15	0	0	0	0	13	18	
Algeria	1,357	7,060	91	368	111	65	30	89	22	45	38	
Andorra	3	4	0	0	88	118	485	23	0	0	0	
Angola	389	536	3,935	1,488	1,656	4,324	4,311	2,286	1,593	3,177	4,699	
Anguilla	0	0	16	4	1	14	58	258	79	0	0	
Antigua and Barbuda	0	0	35	401	71	8	183	29	43	79	5	
Area Nes	7,501	88,982	186,092	245,359	67,968	19,647	749	3,031	5,536	19,484	3,874	
Argentina	302	116	336	114	303	138	195	140	88	0	80	
Armenia	0	0	100	14	32	41	32	48	63	220	1,923	
Aruba	0	0	0	1	0	0	0	0	0	0	0	
Australia	9,986	3,309	10,605	6,814	9,357	7,666	16,348	6,767	8,508	8,025	10,164	
Austria	1,256	980	4,314	599	809	824	1,827	4,118	4,896	6,770	8,154	
Azerbaijan	0	0	16	63	96	526	351	187	165	1,162	352	
Bahamas	1	55	36	168	207	162	0	68	0	0	3	
Bahrain	380	6,840	496	2,372	1,230	1,324	1,730	1,834	1,190	1,061	1,365	
Bangladesh	320	170	376	1,275	1,489	425	402	3,380	2,626	6,171	6,497	
Barbados	0	0	29	8	0	0	27	0	0	0	22	
Belarus	0	0	2	20	0	2	0	0	0	32	432	
Belgium	25,312	17,338	31,903	32,231	39,500	30,234	38,578	40,861	43,861	52,458	51,185	
Belize	0	10	0	0	0	0	0	28	13	0	0	
Benin	371	68	468	285	324	522	665	530	432	214	868	
Bermuda	0	0	1	1	56	208	2	0	16	0	0	
Bhutan	0	0	1	54	0	0	9	0	0	0	0	
Bolivia	0	30	2	1	2	3	25	0	0	0	0	
Bosnia and Herzegovina	11	0	10	98	28	6	3	2	15	16	33	
Botswana	104	110	401	148	309	394	507	1,083	203	527	1,593	
Brazil	228	89	333	360	734	501	2,592	2,175	1,051	322	608	
British Antarctic Territories	0	0	0	0	0	0	0	0	0	0	0	
British Indian Ocean Territories	0	0	134	148	64	0	0	184	364	0	0	
British Virgin Islands	0	0	7	8	0	0	0	0	0	0	0	
Brunei Darussalam	121	1	2	6	22	40	0	9	7	0	23	
Bulgaria	155	41	1,195	837	273	405	726	171	275	240	1,821	
Burkina Faso	145	795	2,055	1,074	354	161	116	106	149	353	561	
Burundi	7,433	16,368	40,818	39,380	49,147	30,292	36,015	50,546	59,485	68,849	67,430	
Cabo Verde	0	0	1	616	34	122	115	0	188	0	1	
Cambodia	0	5	1	3	60	3	2	16	9	6	89	
Cameroon	231	188	367	1,777	1,735	580	520	666	475	993	569	
Canada	4,435	3,102	7,518	5,369	6,635	8,483	9,787	10,791	13,050	14,756	13,507	
Cayman Islands	0	0	22	130	0	52	0	0	0	0	6	
Central African Republic	0	2	0	14	2	461	1,078	932	847	818	201	
Chad	3	26	49	104	654	102	278	832	1,606	364	619	
Chile	303	151	942	395	1,086	1,708	524	2,065	898	2,039	1,180	
China	3,033	3,684	7,621	10,558	16,957	21,554	21,859	29,432	32,180	31,680	43,215	
Christmas Islands	0	0	0	0	0	0	0	0	0	0	0	
Cocos (Keeling) Islands	0	0	30	64	0	0	0	0	0	0	0	
Colombia	28	299	991	3,568	581	2,136	1,405	1,585	1,920	639	1,108	
Comoros	1,701	2,254	4,286	4,515	6,799	5,327	3,330	5,678	5,664	5,891	8,601	
Congo	0	3,380	9,802	573	0	0	936	0	393	0	0	
Cook Islands	0	0	5	24	0	111	0	0	0	0	0	
Costa Rica	99	4	142	13	103	289	20	0	0	40	34	
Côte d'Ivoire	428	0	485	1,561	647	1,384	1,891	1,148	559	837	931	
Croatia	0	0	10	39	54	34	217	111	0	23	194	
Cuba	128	0	61	0	272	5	99	0	0	135	436	
Cyprus	288	117	364	569	1,275	929	1,339	751	1,344	2,287	2,780	
Czech Republic	111	73	167	78	160	444	697	725	550	256	869	
Democratic Republic of the Congo	33,426	37,399	48	24	134,536	106,966	123,462	143,575	146,521	161,352	200,000	
Denmark	3,885	1,222	3,390	2,435	2,769	2,702	3,447	3,748	1,768	2,282	2,154	
Djibouti	6,926	3,079	5,673	7,038	8,937	11,805	33,946	11,740	9,209	11,681	12,083	
Dominica	0	0	1	13	1,148	103	27	105	205	2	446	
Dominican Republic	201	1	23	280	6	1	21	0	224	210	103	
Ecuador	1	59	41	1,846	2	1	5	0	12	658	480	
Egypt	89,454	25,592	78,011	84,217	117,066	137,112	135,362	224,729	153,785	228,515	267,094	
El Salvador	13	13	368	274	40	11	15	28	0	2	15	
Equatorial Guinea	5,249	6	158	108	306	70	0	0	0	0	0	
Eritrea	5,973	2,789	6,306	2,507	13,672	7,957	4,398	3,772	7,289	4,890	4,168	
Estonia	0	0	5	9	0	5	62	17	316	0	0	
Ethiopia	25,723	11,771	35,961	25,989	33,575	50,902	51,027	63,915	55,882	55,310	55,021	
European Union Nes	0	10	0	0	0	0	0	0	0	0	0	
Falkland Islands (Malvinas)	0	0	0	14	51	0	0	0	0	0	0	
Faroe Islands	0	0	0	0	8	0	0	0	0	0	0	
Fiji	0	29	0	0	78	152	160	194	10	13	0	
Finland	1,689	2,868	7,322	7,185	8,281	12,309	13,287	17,904	21,436	22,800	14,084	
France	32,512	20,166	3,667	59,016	72,812	64,036	63,215	72,111	56,067	65,451	66,116	
Free Zones	4,953	4,399	43,310	0	0	0	209	0	0	0	2	
French Polynesia	0	0	40	11	5	2	0	0	0	0	0	
Gabon	1	15	12	75	101	273	34	138	510	2,076	185	
Gambia	16	19	93	143	221	351	360	328	1,201	139	326	
Georgia	0	0	568	637	346	676	540	380	20	123	550	
Germany	64,967	35,556	77,560	60,602	69,783	65,096	88,424	89,310	95,122	97,308	86,894	
Ghana	771	389	4,643	2,635	3,920	5,029	6,088	6,923	7,648	8,522	4,707	
Gibraltar	0	0	489	1	3	0	15	0	0	0	0	
Greece	3,113	2,153	4,555	3,360	3,408	3,602	3,913	4,106	2,582	1,670	2,108	
Grenada	0	0	2	1	8	0	97	0	32	31	1	
Guatemala	20	14	7	101	42	0	0	47	2	60	272	
Guinea	106	208	1,287	1,174	434	417	688	1,540	145	595	504	
Guinea-Bissau	0	0	4	2	5	0	10	7	0	8	151	
Guyana	0	0	102	448	17	0	0	46	0	3	18	
Haiti	0	10	0	1	0	1	36	1,210	15	928	533	
Honduras	0	67	879	1,413	1,838	74	0	0	353	63	0	
Hong Kong, China	8,377	4,202	10,389	17,322	13,828	13,759	16,367	19,380	23,950	28,006	36,282	
Hungary	84	647	706	136	54	138	223	299	664	676	262	
Iceland	3	2	44	450	506	155	181	1	123	607	3	
India	29,108	34,503	35,635	51,063	53,108	52,218	86,725	98,193	66,479	106,933	107,517	
Indonesia	904	917	3,388	6,028	10,156	4,414	6,239	9,740	7,330	12,477	24,908	
Iran (Islamic Republic of)	5,266	132	999	1,587	4,639	6,493	3,651	7,302	4,906	10,830	22,133	
Iraq	0	0	87	8	0	0	1,203	12,584	8,371	7,576	9,217	
Ireland	6,395	3,318	24,446	8,084	7,956	11,553	12,004	11,890	12,428	13,418	11,623	
Israel	15,325	5,714	18,512	11,046	19,596	12,586	16,287	22,216	20,659	19,515	16,268	
Italy	14,117	17,555	24,518	30,916	30,504	28,010	38,370	43,354	31,548	41,056	75,737	
Jamaica	7	176	275	587	332	13	1	3	6	0	33	
Japan	16,827	8,951	18,178	21,222	24,962	17,479	19,343	33,948	28,829	26,374	24,882	
Jordan	1,353	906	1,684	460	1,667	1,672	2,995	2,177	2,978	2,057	2,244	
Kazakhstan	0	0	2,794	8,720	16,207	16,833	22,291	31,637	30,258	36,207	42,199	
Kiribati	0	0	0	16	0	0	0	0	0	0	0	
Korea, Democratic People's Republic of	74	18	76	35	1,494	1,156	1,489	90	87	0	9	
Korea, Republic of	470	573	884	725	3,112	5,666	4,726	3,045	3,387	2,228	5,680	
Kuwait	413	444	752	248	444	379	2,601	5,063	2,644	5,909	7,972	
Kyrgyzstan	0	0	0	282	6	118	0	0	70	230	281	
Lao People's Democratic Republic	0	0	81	105	29	8	0	0	0	0	0	
Latvia	0	0	189	823	559	13	72	119	19	174	314	
Lebanon	1,081	418	1,115	1,091	741	777	918	906	1,707	1,211	1,149	
Lesotho	3	19	0	5	1	165	771	19	214	11	174	
Liberia	12	60	404	911	1,785	2,043	837	582	492	140	310	
Libya	9	2	12	20	40	35	9,158	475	985	225	352	
Lithuania	0	0	0	1	0	0	3	1	21	198	81	
Luxembourg	40	28	0	21	447	447	14	102	70	1	2,033	
Macao, China	0	0	87	319	24	0	0	140	44	24	1	
Macedonia, The Former Yugoslav Republic of	0	0	0	0	43	0	0	0	0	0	0	
Madagascar	258	7,293	6,747	3,504	5,480	7,235	9,321	6,154	9,128	4,322	7,742	
Malawi	4,414	3,745	10,850	14,309	19,193	26,573	31,391	58,246	40,698	53,802	66,369	
Malaysia	3,137	2,375	4,598	5,467	5,998	4,677	4,159	8,223	4,187	6,140	5,412	
Maldives	29	0	8	0	85	7	3	0	39	11	22	
Mali	466	67	1,312	2,285	406	842	1,039	679	1,139	267	443	
Malta	213	362	84	20	246	3,469	659	923	1,623	2,088	358	
Mauritania	63	1,129	67	221	199	156	182	258	377	178	249	
Mauritius	2,403	0	10,017	7,535	6,761	6,912	9,478	12,043	14,924	18,686	15,242	
Mayotte	0	0	2,262	1,281	4	243	0	0	0	0	0	
Mexico	2,991	285	2,620	415	844	1,280	2,631	1,715	33	745	733	
Micronesia (Federated States of)	0	0	0	0	0	0	0	88	0	0	0	
Mongolia	0	0	10	0	0	0	0	0	0	0	0	
Montserrat	0	0	0	2	0	0	11	0	0	0	0	
Morocco	261	460	1,237	865	1,304	1,465	2,105	1,745	2,128	1,405	3,495	
Mozambique	971	3,544	3,156	6,738	7,721	5,847	10,122	12,606	14,572	9,762	9,242	
Myanmar	179	10	0	0	0	0	0	0	0	0	448	
Namibia	22	10	294	241	122	157	463	1,543	995	1,779	315	
Nauru	0	0	6	5	261	516	601	708	620	19	0	
Nepal	0	1	73	120	8	10	15	76	46	2,802	1,182	
Netherland Antilles	0	0	358	149	0	0	0	0	0	0	0	
Netherlands	135,363	100,299	189,324	222,937	243,795	277,217	325,671	380,134	340,705	338,908	377,156	
New Caledonia	0	0	28	0	5	0	0	0	0	0	0	
New Zealand	630	575	643	860	1,672	1,376	1,057	2,171	1,756	1,512	1,029	
Nicaragua	2,548	22	14	17	24	0	14	1	14	9	0	
Niger	84	3	209	1,955	151	55	366	113	410	875	1,066	
Nigeria	8,296	4,933	15,514	15,278	21,975	29,686	24,373	45,937	24,137	20,106	20,545	
Niue	0	0	0	0	0	0	0	0	0	0	0	
Northern Mariana Islands	0	0	1	0	0	0	0	0	0	0	0	
Norway	2,286	1,621	4,276	3,194	4,638	4,884	3,781	7,488	11,851	14,509	13,246	
Oman	41	253	705	756	1,004	1,923	1,598	5,290	4,402	15,449	4,608	
Pakistan	112,547	33,922	130,894	144,424	186,159	201,680	201,040	202,327	196,311	227,920	241,427	
Palau	0	0	0	24	0	0	0	0	0	0	0	
Panama	48	0	2	153	943	19	12	14	181	41	285	
Papua New Guinea	0	10	73	348	61	3	1	0	2	0	57	
Paraguay	0	0	0	0	414	427	453	246	0	0	0	
Peru	34	16	3	9	22	47	26	130	2	608	164	
Philippines	1,192	494	1,876	4,931	6,242	2,822	3,646	4,252	2,626	3,928	6,276	
Pitcairn	0	0	0	0	0	0	0	0	0	0	0	
Poland	7,069	2,719	8,031	7,590	8,868	6,594	7,974	12,641	12,509	14,753	17,517	
Portugal	3,599	918	2,674	3,143	3,281	8,285	7,754	10,142	3,750	4,975	4,848	
Qatar	48	5	138	236	773	1,018	1,199	2,114	1,453	2,076	2,630	
Republic of Moldova	0	0	74	66	301	412	108	0	485	111	7	
Romania	3	17	393	8	357	854	750	1,623	1,800	957	978	
Russian Federation	700	1,823	11,215	13,035	18,029	21,927	28,575	49,514	46,787	56,951	66,037	
Rwanda	16,420	39,943	79,835	81,824	96,383	66,136	86,193	130,394	123,390	132,892	155,016	
Saint Helena	0	0	0	0	0	0	0	0	0	0	0	
Saint Kitts and Nevis	0	0	0	14	0	0	0	0	0	0	0	
Saint Lucia	0	0	2	2	3	5	2	2	0	0	0	
Saint Vincent and the Grenadines	0	0	0	368	1,069	0	0	0	0	0	0	
Samoa	0	0	0	0	9	0	128	0	0	0	0	
Sao Tome and Principe	0	34	0	0	0	171	0	0	0	0	0	
Saudi Arabia	7,310	2,910	5,651	17,856	14,840	9,109	10,926	20,668	18,313	23,243	27,082	
Senegal	163	578	738	1,376	1,304	1,140	2,391	377	312	181	404	
Serbia	0	0	0	0	0	30	3	111	482	2	3	
Serbia and Montenegro	0	0	30	44	8	0	0	0	0	0	0	
Seychelles	2,182	2,218	2,735	3,046	3,722	3,908	4,259	3,465	3,216	3,463	2,896	
Ship stores and bunkers	1,122	27,058	0	0	93,455	128,761	48,310	41,637	31,431	38,483	48,572	
Sierra Leone	462	8	215	393	333	253	427	1,159	591	705	637	
Singapore	6,750	1,469	2,613	1,560	3,018	2,411	25,594	35,019	23,778	8,182	12,635	
Slovakia	1	33	124	45	51	381	130	23	146	119	114	
Slovenia	7	37	91	96	340	350	81	11	51	78	124	
Solomon Islands	0	0	7	0	298	83	0	85	0	0	0	
Somalia	22,001	44,307	53,778	40,424	65,784	105,596	123,771	186,719	145,114	164,707	187,668	
South Africa	4,922	8,818	16,129	21,036	28,363	33,495	34,866	52,887	46,317	30,824	32,426	
Spain	8,510	9,589	13,564	15,759	14,654	17,079	24,256	31,325	19,507	25,662	25,162	
Special categories	0	0	0	453	0	0	0	0	0	0	0	
Sri Lanka	2,440	960	3,904	4,721	7,466	6,425	7,067	11,624	9,193	11,163	8,465	
Sudan (North + South)	25,886	23,508	58,912	54,116	90,381	140,538	172,266	204,586	165,143	237,488	254,133	
Suriname	0	555	1,694	305	141	30	52	9	6	0	17	
Swaziland	87	25	67	43	125	117	53	25	37	145	1,713	
Sweden	8,737	6,149	8,388	13,441	13,997	15,348	23,631	22,904	32,312	34,585	32,743	
Switzerland	15,655	11,866	29,010	16,060	22,272	43,607	46,146	44,116	13,637	21,604	94,259	
Syrian Arab Republic	444	188	474	422	748	981	644	895	1,563	1,253	1,072	
Taipei, Chinese	116	65	182	356	342	825	4,267	2,356	1,386	1,112	899	
Tajikistan	0	0	0	0	0	5	0	0	0	0	0	
Tanzania, United Republic of	108,365	106,969	199,568	213,636	264,445	253,757	331,730	424,869	389,302	420,205	476,100	
Thailand	7,043	1,828	7,824	12,919	18,571	13,393	12,514	52,159	11,394	14,125	24,721	
Timor-Leste	0	0	1	0	0	0	0	0	0	0	0	
Togo	126	16	104	108	272	238	565	317	200	163	131	
Tokelau	0	0	43	9	6	0	0	0	0	0	0	
Tonga	0	0	0	5	4	0	0	0	0	0	0	
Trinidad and Tobago	35	114	0	17	181	113	775	594	0	1	2	
Tunisia	1,574	31	75	54	65	16	1,330	22	1,572	15	1,520	
Turkey	2,400	865	2,008	1,878	2,396	5,796	12,163	11,865	8,469	10,643	9,259	
Turkmenistan	0	0	0	0	326	0	4	0	0	0	0	
Turks and Caicos Islands	0	0	0	35	50	0	13	0	0	0	0	
Tuvalu	0	0	2	0	0	0	2	13	4	10	28	
Uganda	159,189	301,666	401,108	470,442	566,237	386,960	498,851	614,711	598,316	657,286	872,634	
Ukraine	189	116	477	934	2,416	5,012	5,833	4,049	3,308	2,807	2,947	
United Arab Emirates	39,481	16,279	29,881	30,112	53,860	69,206	128,173	109,827	138,660	237,849	229,301	
United Kingdom	240,260	186,399	313,091	282,061	314,336	380,414	427,745	550,593	498,117	507,209	536,041	
United States Minor Outlying Islands	0	0	15	55	223	241	28	5	928	98	216	
United States of America	40,388	19,691	40,891	48,231	228,094	291,277	285,763	299,605	226,081	284,946	293,070	
Uruguay	65	1	0	9	82	76	11	383	0	403	53	
Uzbekistan	0	0	8	1	0	48	0	0	104	29	0	
Vanuatu	0	0	0	2	0	0	0	0	0	0	0	
Venezuela	1,285	73	10	122	297	15	59	3	66	773	335	
Viet Nam	1,305	298	754	3,165	5,003	3,025	6,235	4,849	3,460	4,256	7,342	
Wallis and Futuna Islands	0	0	13	0	10	0	0	0	0	0	0	
Western Sahara	0	8	0	0	0	0	0	0	0	0	0	
Yemen	17,252	7,394	32,145	26,971	20,562	29,590	32,133	40,671	42,890	57,005	52,953	
Zambia	5,014	10,058	23,986	30,329	36,078	56,292	74,139	79,898	62,493	59,136	70,139	
Zimbabwe	2,156	2,315	4,810	2,161	3,556	1,703	3,259	2,596	4,610	9,362	17,917	
