List of importing markets for a product exported by United Arab Emirates (Mirror) Product: TOTAL All products
"Importers"	"Exported value in 2001"	"Exported value in 2002"	"Exported value in 2003"	"Exported value in 2004"	"Exported value in 2005"	"Exported value in 2006"	"Exported value in 2007"	"Exported value in 2008"	"Exported value in 2009"	"Exported value in 2010"	"Exported value in 2011"	"Exported value in 2012"	"Exported value in 2013"	
Total	35,032,281	33,684,204	46,084,700	64,201,085	84,784,890	101,050,081	113,223,759	163,164,288	104,474,006	161,190,084	220,235,952	213,251,981	208,160,044	
Afghanistan								81,454	46,502	105,571	199,638	0		
Albania	484	1,758	599	1,414	1,288	1,001	1,783	2,705	2,202	1,888	3,004	2,551	4,946	
Algeria	22,861	145,376	36,126	86,038	48,899	37,782	51,811	56,335	91,605	220,925	345,643	260,355	850,125	
Andorra	22	36	562	3										
Antigua and Barbuda					0		1		58	16	47	114	28	
Argentina	32,352	2,486	2,386	2,864	16,160	521	18,021	5,007	2,819	14,829	48,117	33,019	49,046	
Armenia	44,548	40,987	57,081	58,724	85,421	18,877	18,849	31,602	30,438	36,309	49,073	47,787	67,381	
Aruba					100				0	0	0	0		
Australia	481,053	208,159	643,542	699,143	296,434	993,700	1,768,408	1,964,200	1,701,003	2,003,147	4,265,851	3,152,177	3,605,880	
Austria	9,090	6,173	9,870	9,647	31,438	65,255	51,497	32,015	33,525	39,833	83,955	145,775	201,839	
Azerbaijan	18,740	19,167	26,510	31,155	33,149	37,784	50,057	63,749	32,037	56,644	95,201	101,551		
Bahrain	108,835	139,449	169,057	188,481	232,619	221,042	327,694	499,485	366,854	374,665	577,139			
Bangladesh	38,164	88,875	192,661	121,147	105,431	194,890	200,829							
Barbados	181	67	133	278	43	188	157	82	233	168	58	1,213	1,212	
Belarus	862	719	883	1,674	2,068	1,787	3,591	3,808	2,976	5,479	3,964	16,752	8,170	
Belgium	441,306	423,232	892,190	1,519,186	1,495,659	1,594,241	1,928,050	2,152,030	1,291,786	2,017,570	3,443,229	3,161,245	3,506,934	
Belize	45	0	0	14	16	3	0	13	40	273	952	883	2,094	
Benin	178	559	1,544	1,950	8,143	14,884	34,308	31,464	27,158	26,694	33,753	58,224	42,009	
Bermuda												126	57	
Bhutan					554	174	86	546	1,131	1,377	1,079			
Bolivia	131	68	16	308	15	91	30	93	149	1,465	734	10,518		
Bosnia and Herzegovina			2,064	15,188	1,642	680	2,878	4,528	478	1,635	3,482	2,091	4,581	
Botswana	0	1,802	6,074	7,539	5,497	4,094	6,701	11,357	6,509	7,834	8,904	18,232	19,319	
Brazil	103,709	91,086	18,785	64,448	76,937	347,035	319,977	592,734	110,409	176,821	478,672	309,611	610,531	
Brunei Darussalam	2,698	2,907	2,734	3,081		3,284				6,140	4,195	6,296	9,775	
Bulgaria	1,231	3,437	26,388	32,054	10,119	8,075	12,898	20,126	19,735	29,953	49,388	69,954	53,895	
Burkina Faso	3,604	6,036	1,346	2,405	3,101		7,010	6,818	7,045	6,602	4,925	10,385		
Burundi	4,908	5,055	3,995	4,234	8,101	16,258	12,198	13,771	16,559	18,686	33,811	30,250	30,319	
Cabo Verde	52	0	2	16	15	32	227		102	198	124	265	612	
Cambodia	149	94	145	141	1,416	1,345	1,225	1,400	2,159	6,674	8,998	10,879		
Cameroon	2,072	7,457	5,939	9,644	12,365	12,354	17,219	20,810	29,646	28,517	37,723	41,799		
Canada	46,586	18,564	21,613	69,622	54,717	87,540	28,476	311,078	171,820	148,725	910,388	202,427	142,467	
Central African Republic	0	0	0			0	2,141	1,861	1,556	3,076	4,939	3,900	1,966	
Chile	1,309	1,011	594	915	1,810	14,718	1,870	5,982	1,864	3,376	3,458	8,579	26,107	
China	447,610	445,361	773,464	1,304,476	2,045,599	2,796,745	3,012,027	4,613,250	2,595,229	4,451,552	8,306,606	10,851,924	12,795,825	
Colombia	350	312	744	698	936	1,432	1,858	16,825	9,316	9,590	42,448	32,554	9,600	
Comoros	4,091	3,259	6,093	11,253	25,960	31,071	46,465	51,688	53,255					
Congo							28,604	34,595	38,923	39,875	59,406	101,036	87,761	
Cook Islands					1									
Costa Rica	66	65	301	636	713	706	376	935	4,882	1,174	1,037	1,349	5,828	
Côte d'Ivoire	1,771	2,169	2,842	4,666	6,738	11,670	18,243	21,148	24,532	27,510	21,568	34,650		
Croatia	562	1,270	1,337	5,098	1,904	2,445	13,677	3,066	2,428	10,732	12,100	7,798	12,847	
Cuba	627	77	296	393	188	851								
Cyprus	12,410	14,856	25,916	41,382	93,078	99,093	71,554	91,209	36,236	39,085	32,364	22,694	22,359	
Czech Republic	11,279	25,300	58,146	22,222	21,850	43,536	27,936	42,454	35,460	35,137	41,041	33,205	48,620	
Denmark	54,844	21,356	58,351	331,990	317,573	221,478	255,332	205,335	35,885	58,193	89,666	192,350	170,284	
Djibouti									119,668					
Dominica	87	95	2	10	2	10	36	1	5	45	77	30		
Dominican Republic	0	664	459	295	220	369	309	577	1,538	4,533	3,335	3,711	7,938	
Ecuador	3,405	2,706	3,375	1,724	2,934	3,343	35,247	6,292	6,447	15,169	18,569	34,615	15,669	
Egypt	111,060	67,820	83,167	76,625	137,236	131,418	191,126	878,995	435,900	730,199	804,686	810,113	1,113,639	
El Salvador	0	244	1,387	180	211	190	254	333	448	393	3,961	7,763	8,559	
Eritrea			52,933											
Estonia	692	938	513	603	303	516	14,022	703	740	746	2,691	21,979	1,568	
Ethiopia	112,107	114,271	40,521	57,924	254,790	394,559	164,239	725,784	310,123	485,717	482,471	275,249		
Faroe Islands	9	2	9	7	5	2	1	3	4					
Fiji		233	150	371	666	952	860	559	895	1,216	1,074	871		
Finland	8,519	3,088	1,382	3,985	7,106	8,623	13,237	19,723	7,837	8,571	11,871	15,221	10,456	
France	378,367	401,894	447,212	648,411	905,797	1,368,879	1,313,015	1,400,071	808,579	971,908	1,720,815	1,491,578	1,659,093	
French Polynesia	13	60	108	186	250	166	82	238	115	88	222	449	219	
Gabon	3,355	0	3,385	9,782	13,312	18,914	25,668	27,330	28,692					
Gambia	1,077	949	2,315	3,715	4,621	4,802	6,737	11,690	8,602	6,115	7,456			
Georgia	8,236	6,235	19,692	46,528	72,890	109,017	214,569	272,551	110,211	158,711	226,379	161,749	184,515	
Germany	129,765	145,491	263,921	400,244	463,473	585,161	583,486	738,460	643,510	686,875	1,428,381	1,058,105	1,097,186	
Ghana	20,678		31,034		45,294	59,572	91,298	103,919	84,663	143,713	307,116	357,200		
Greece	12,892	8,796	37,459	41,095	41,379	56,635	60,050	89,217	45,299	57,693	146,043	96,865	84,311	
Greenland	0	0	13	0	0	46	52	25	52	14	20	12	52	
Grenada	54	32	14	15	14	4	5	46						
Guatemala	285	411	922	833	468	862	1,237	1,661	403	6,982	1,753	3,416	2,906	
Guinea	6,133	7,887		9,039	13,838	9,871	22,795	35,408		58,427	51,880	45,764		
Guyana	153	77	106	64	6	525	665	720	819	900	1,124	1,451	2,617	
Honduras	377	546	492	2,477	2,740	324	4,154	756	133	14,615	1,697	1,502	1,330	
Hong Kong, China	701,672	938,089	1,192,249	1,310,884	1,317,097	1,407,531	1,501,986	1,685,254	1,776,016	2,319,978	3,707,119	4,757,133		
Hungary	721	1,099	4,326	4,880	14,800	23,222	35,824	75,650	36,957	29,694	17,530	23,357	49,397	
Iceland	213	82	714	99	356	173	582	194	245	262	406	762	397	
India	918,961	869,672	1,523,661	3,816,625	5,033,595	7,507,380	11,702,839	19,419,289	19,735,385	30,907,472	35,471,580	37,799,115	32,964,585	
Indonesia	173,576	115,002	113,076	340,418	342,721	345,071	190,421	529,815	287,035	487,442	797,316	1,731,020	1,809,358	
Iran (Islamic Republic of)	1,481,034	1,834,958	3,079,799	5,476,406	7,276,224	0				15,670,557	18,188,178			
Ireland	47,039	23,562	30,992	35,847	36,023	46,580	79,763	26,361	21,480	145,229	24,934	21,410	22,116	
Israel	0	13	0	26	482	1,921	2,488	53,445	4,099	963	3,110	19,229	6,782	
Italy	132,395	113,400	205,318	313,567	324,130	333,721	444,472	667,007	491,490	595,400	1,196,874	835,156	1,725,447	
Jamaica	314	262	707	839	404	350	584	1,304	1,341	981	1,938	1,657		
Japan	12,845,717	11,594,796	14,372,838	18,336,882	25,322,503	31,575,379	32,361,779	47,052,341	22,665,338	29,341,036	42,863,623	43,991,705	42,527,755	
Jordan	58,747	78,440	143,965	144,875		215,560	287,315	306,224	331,632	405,019	710,410	589,284	732,001	
Kazakhstan	33,657	39,499	25,245	20,229	30,106	72,995	247,868	204,578	142,208	110,599	76,687	64,664	56,345	
Kenya	563,134	246,854	405,950	502,423	831,224	1,075,853	1,328,962	1,655,691	1,161,837	1,462,913	2,280,609			
Korea, Republic of	4,632,972	4,210,179	5,756,493	7,290,117	10,018,317	12,930,857	12,656,189	19,248,495	9,310,021	12,170,134	14,759,366	15,115,287	18,122,897	
Kuwait	282,110	317,474	408,690	567,106		901,613	786,074	982,276						
Kyrgyzstan	6,718	7,298	7,756	7,591	5,249	10,960	14,739	11,992	5,806	9,633	8,705	6,300		
Latvia	2,343	2,314	2,103	5,307	4,858	3,846	2,559	2,705	1,412	2,061	2,859	3,357	4,540	
Lebanon	59,038	56,959	96,114	150,943	136,807	132,080	218,270	326,449	261,229	369,764	594,339	416,430	379,746	
Lesotho	39	0	9					0	0	353				
Libya							86,592	65,239	100,100	112,851				
Lithuania	252	372	465	2,252	1,224	6,799	9,628	3,074	6,813	3,582	6,405	5,574	7,554	
Luxembourg	2,382	2,830	13,881	14,860	23,966	7,936	19,214	6,114	7,946	3,361	19,196	10,269	22,075	
Macao, China	174	161	214	24	94	106	80	848	184	160		100		
Macedonia, The Former Yugoslav Republic of	1,796	2,049	2,963	1,818	2,773	3,368	2,835		1,243	984	1,138	1,104	2,116	
Madagascar	61,039	79,330	26,653	15,205	20,268	13,294	18,633	78,401	55,075	72,733	495,571	389,543	667,823	
Malawi	7,947	16,383	8,686	23,602	26,984	72,613	96,592	111,048	80,265	108,030	113,343	120,273	175,728	
Malaysia	163,831	141,357	301,200	470,553	762,401	968,318	1,289,204	2,500,864	1,737,217	2,356,876	2,676,915	4,012,030	4,784,917	
Maldives	32,450	28,006	35,595	66,596	117,163	195,231	209,728	250,083	151,908	205,552	308,388	465,156	497,079	
Mali	10,075	8,600	13,356	22,927	17,275	17,611	14,611	40,041		43,637	30,332	17,740		
Malta	1,599	1,415	2,468	4,463	8,924	8,602	12,812	14,334	8,723	16,941	10,245	46,180	13,257	
Mauritania	2,769	5,235	5,326	8,438	11,205		30,181	18,908	17,835	209,080	634,374	696,816		
Mauritius	35,996	57,822	17,350	63,028	121,429	104,284	47,737	20,283	25,311	37,874	69,363	100,986	92,594	
Mayotte	1,699	2,594	3,971	6,170	7,844	7,744	10,112	33,240	12,589					
Mexico	5,249	7,674	5,835	5,488	9,001	27,493	72,608	84,182	45,760	71,597	177,424	190,345	143,080	
Mongolia	12		249	424	367	303	4,424						1,106	
Montenegro						227	120	263	62	263	178	261	150	
Montserrat	0	0	0	91	169	42	93	137	150			146	113	
Morocco	20,646	20,972	80,975	53,761	98,971	149,212	158,371	243,688	181,191	195,267	304,427	521,152	308,010	
Mozambique	3,810	6,997	10,574	24,406	37,885	114,184	99,541	103,572	75,618	47,618	401,084	454,065	862,183	
Myanmar										36,154				
Namibia	820	1,915	3,802	6,523	8,072	13,672	32,009	43,173	59,896	54,436	53,648	12,375	21,889	
Nepal			11,869						44,524	193,693	328,778			
Netherland Antilles					282	142	93	272						
Netherlands	97,402	74,435	169,429	552,146	1,145,274	729,536	1,283,388	1,091,141	597,567	1,050,044	1,655,539	1,250,982	1,494,447	
New Caledonia	73	275	146	291	484	276	224	572	362	549	940	794	536	
New Zealand	119,645	160,588	267,633	227,966	360,978	433,408	562,335	555,113	296,020	629,660	593,365	269,434	898,318	
Nicaragua	129	151	65	30	48	79	55	65	142	763	218	202	297	
Niger	3,629	2,980	1,867	1,861	6,011	1,420	2,174	2,919	2,819	1,506	4,027	6,410	10,981	
Nigeria	43,316	66,111	381,808			242,440	632,230	911,931	741,910	1,804,278	780,423	666,407		
Norway	3,686	4,600	9,316	9,770	8,773	17,758	142,010	153,322	28,797	19,352	18,860	19,732	29,003	
Oman	1,645,565	1,645,897	934,146	2,791,223	2,337,471	2,819,153	4,226,156	6,235,261	4,243,724	5,607,186	6,476,367	6,476,329	9,410,818	
Pakistan			1,456,909	1,793,058	2,480,738	3,408,355	2,766,898	3,777,884	3,349,590	5,247,779	6,818,753	7,210,795	7,751,513	
Palestine, State of							2,533	3,179	4,530	6,499	7,039	8,780		
Panama	16	0	0		0	3,533	5,141	4,511	3,019	3,869	8,589			
Papua New Guinea	8	33	0	0							29,898	65,996		
Paraguay	272	8	1	35	17	47	67	4,692	294	464	6,480	982	1,221	
Peru	179	1,737	215	2,144	1,515	279	623	30,902	5,698	6,297	8,162	14,892		
Philippines	637,064	378,082	504,477	105,744	223,487	359,649	1,297,899	1,377,890	807,579	1,413,527	1,759,938	1,980,621	1,092,778	
Poland	17,543	26,355	32,095	50,886	54,939	78,554	119,078	100,285	44,078	70,778	115,867	101,922	112,524	
Portugal	31,970	6,502	16,151	6,938	27,702	21,904	57,878	74,603	24,699	30,021	95,657	31,351	65,806	
Qatar	196,782	285,528	326,227	379,450	647,241	990,824	1,637,638	1,848,243	1,765,811	1,595,213	1,805,894	2,041,894	1,978,305	
Republic of Moldova	186	227	568	220	555	1,195	1,466	1,641	1,470	1,888	2,110	1,617	1,528	
Romania	1,791	2,417	2,510	8,080	4,998	6,226	22,122	59,666	48,933	38,423	69,723	49,550	137,613	
Russian Federation	3,289	14,752	2,503	13,687	90,145	187,499	48,824	41,478	27,100	35,729	113,565	261,607	423,291	
Rwanda	14,448	10,782	12,522	17,695	28,436	33,462	51,853	84,428	69,469	82,506	67,749	119,516	114,498	
Saint Kitts and Nevis	0	0	0	0	6	34	1	38	3	6	55			
Saint Lucia	63	17	19	12	3	78	104	309						
Saint Vincent and the Grenadines	0	0	0	16	0	0	1	17	10	3	10	2		
Samoa	0	36	15	0	0	0	0	0	48	84	44	49	0	
Sao Tome and Principe	0	0	0	23	77	325	549	382	487	1,268	1,393	1,247	1,257	
Saudi Arabia	634,088	819,154	957,711	1,186,572	1,564,448	1,913,860	2,251,188	2,883,859	2,877,510	3,754,121	5,397,536	6,451,813		
Senegal	3,234	2,316	17,068	19,267	27,522	15,058	22,150	94,882	24,427	61,881	56,442	68,932	88,922	
Serbia					1,072	2,429	3,360	4,540	12,098	12,405	17,224	8,910	16,536	
Serbia and Montenegro	635	424		1,358										
Seychelles	4,790	6,574	8,025		25,440	34,306		170,395						
Sierra Leone		7,864												
Singapore	1,362,859	1,574,150	1,886,635	1,976,343	2,546,912	4,180,481	4,592,266	6,317,437	4,281,109	6,383,486	11,574,069	15,686,213	16,547,813	
Slovakia	781	650	1,107	3,022	2,293	2,749	3,779	3,059	2,300	2,010	13,150	6,378	2,595	
Slovenia	390	265	321	2,971	520	1,027	1,211	1,567	1,751	2,305	16,263	1,476	33,699	
Solomon Islands								0	42	0	0			
South Africa	100,244	66,993	73,806	108,116	409,964	577,535	696,832	881,078	476,775	892,382	952,062	1,080,431	955,113	
Spain	68,502	142,476	100,741	114,508	137,030	107,055	132,071	362,244	105,371	167,102	335,659	296,469	495,029	
Sri Lanka	151,204	265,934	180,026	196,055	228,403	186,432	370,757	463,624	295,484	335,632	814,864	1,293,172		
Sudan (North + South)	132,184	189,489	207,395	288,132	440,035	491,091		499,312	634,022	1,391,164	821,806			
Suriname	26			19	49	209	49		443	457	168			
Swaziland	2,725	1,651	0	0	204	4,196	79							
Sweden	9,074	12,143	15,963	20,554	355,393	33,536	17,438	65,819	21,291	41,560	75,337	35,508	29,565	
Switzerland	69,614	240,834	233,911	364,993	514,674	505,933	271,134	412,198	491,718	726,266	559,993	587,993	622,679	
Syrian Arab Republic	45,362	84,699	72,037	162,324	183,654	220,953	334,962	325,265	206,677	226,538				
Taipei, Chinese	773,935	599,068	922,482	1,323,162	1,693,648	3,112,160	3,494,542	4,601,394	2,492,836	3,527,418	4,280,670	4,640,336	4,605,635	
Tanzania, United Republic of	108,709	98,138	148,310	186,340	205,428	497,830	782,492	978,937	631,567	672,175	1,243,277	1,025,685	1,193,191	
Thailand	1,529,598	1,426,309	2,043,373	3,714,212	5,695,938	7,190,492	6,842,627	11,165,177	6,666,492	8,654,886	14,468,790	15,645,229	17,286,318	
Timor-Leste				0	18									
Togo	5,208	578	983	1,582	1,615		9,363	5,817	6,882	9,437	28,548	12,705	15,622	
Tonga	0	0	0					0	1	37	23	85		
Trinidad and Tobago	36	250	432	246	375	2,069	2,093	3,270	977	3,219				
Tunisia	15,499	15,454	22,502	15,249	41,670	40,313	36,438	134,609	72,014	96,667	152,648	119,228	119,487	
Turkey	65,140	100,493	113,597	183,485	205,442	352,284	470,092	691,202	667,843	698,421	1,649,456	3,596,546	5,384,468	
Uganda	56,258	61,918	80,441	84,881	136,702	325,253	420,549	515,527	416,552	391,040	373,308	450,834	387,534	
Ukraine	2,400	2,633	4,818	3,027	10,357	20,789	32,277	78,384	35,646	50,866	72,879	68,281	68,566	
United Kingdom	767,286	886,036	1,582,297	1,543,487	1,770,985	1,492,862	1,654,360	1,448,132	920,708	1,479,074	1,737,705	1,743,823	1,408,802	
United States of America	1,283,556	998,236	1,211,735	1,214,420	1,540,926	1,447,037	1,394,074	1,347,550	1,565,393	1,195,858	2,508,196	2,313,638	2,381,416	
Uruguay	4,014	45	149	149	290	690	533	4,130	17,076	3,453	5,872	4,951	4,318	
Vanuatu						2	36		279	12	148			
Venezuela	823	836	3,093	4,737	9,315	7,601		5,894	8,337	22,697	11,165	23,362	59,638	
Viet Nam	10,106	28,310	53,527	54,002	69,198	44,044	110,179	132,381	139,501	223,332	384,575	303,767		
Yemen				212,905	438,370	621,388	966,083	1,881,811	912,186	1,081,266	1,067,338	1,102,567		
Zambia	12,550	17,176	67,256	145,906	94,120	320,339	254,467	123,547	109,710	116,667	241,222	223,500	242,772	
Zimbabwe	5,405	26,907		33,853	27,537	24,349	29,891	23,321	19,661	147,811	70,201	86,896	102,077	
