List of importing markets for a product exported by Mexico Product: TOTAL All products
"Importers"	"Exported value in 2001"	"Exported value in 2002"	"Exported value in 2003"	"Exported value in 2004"	"Exported value in 2005"	"Exported value in 2006"	"Exported value in 2007"	"Exported value in 2008"	"Exported value in 2009"	"Exported value in 2010"	"Exported value in 2011"	"Exported value in 2012"	"Exported value in 2013"	
World	158,386,217	160,750,540	164,906,509	187,980,442	214,207,306	249,960,546	271,821,215	291,264,809	229,712,337	298,305,075	349,569,049	370,642,552	380,095,885	
Afghanistan	329	220	129	19,602	165	120	29	2,125	439	730	182	401	78	
Albania	107	101	283	311	370	491	438	1,195	689	814	1,006	703	1,406	
Algeria	94,559	38,957	86,875	15,317	97,110	86,788	94,597	399,228	265,834	99,554	201,698	157,738	145,117	
Andorra	0	23	2,004	12	45	81	127	5	15	23	46	36	5	
Angola	25	631	1,419	145	31,113	22,492	13,591	32,044	56,618	17,803	69,538	44,922	69,014	
Anguilla	102	61	75	1,017	256	313	657	694	608	62	88	119	245	
Antigua and Barbuda	1,455	1,348	915	610	1,654	2,491	2,552	5,134	3,808	1,824	1,701	2,568	2,467	
Area Nes	2,735,604	3,893,570	36,253	30,456	73,458	74,655	207,940	199,301	151,852	180,366	192,366	243,335	73,900	
Argentina	304,168	125,031	235,054	417,487	672,287	952,155	1,130,043	1,315,076	1,072,736	1,768,791	1,958,140	1,932,399	1,965,926	
Armenia	23	0	82	162	66	131	37	394	5	203	265	939	1,185	
Aruba	29,664	167,351	783,818	1,398,518	1,447,590	1,471,365	1,517,813	1,494,555	104,044	25,448	9,710	9,479	14,338	
Australia	161,826	169,278	199,013	164,488	340,814	438,752	560,808	670,894	515,045	657,150	894,571	1,086,320	988,267	
Austria	88,392	60,951	15,795	27,639	52,522	51,195	59,899	45,424	35,558	39,063	47,775	88,780	102,221	
Azerbaijan	2,281	8	385	2	22	21	6,346	1,418	787	1,538	4,274	3,497	1,622	
Bahamas	12,758	9,296	13,632	34,581	13,740	12,379	18,726	55,134	16,788	63,013	134,029	58,156	12,491	
Bahrain	626	2,567	373	200	439	942	2,020	5,479	4,544	58,228	17,522	27,443	14,816	
Bangladesh	1,301	416	1,220	1,001	1,574	4,566	1,090	12,800	12,724	2,066	7,354	2,168	2,191	
Barbados	21,755	31,356	2,947	5,441	7,472	7,905	8,249	13,326	11,414	19,306	25,575	26,151	12,895	
Belarus	397	325	382	362	225	367	668	1,030	688	630	306	1,796	3,150	
Belgium	458,713	482,110	343,751	195,313	534,393	686,839	840,249	788,836	698,363	872,724	1,212,338	1,142,913	1,106,554	
Belize	42,736	66,814	58,846	56,898	81,075	86,922	102,471	121,721	95,924	92,151	101,174	129,623	146,440	
Benin	81	11	540	162	4	164	23	8	4	204	887	66	59	
Bermuda	20,534	3,179	6,965	362,604	6,806	3,801	2,790	3,475	2,617	2,166	2,185	4,897	2,684	
Bhutan	0	0	0	0	0	30	57	0	6	22	0	50	0	
Bolivia	22,568	19,214	22,799	33,509	36,938	35,474	48,328	101,566	62,136	97,214	119,407	177,612	199,456	
Bosnia and Herzegovina	0	0	0	0	850	793	1,359	245	236	669	726	919	949	
Botswana	0	0	0	0	26	0	24	0	3	0	17	50	533	
Brazil	713,648	657,550	620,976	572,643	890,236	1,147,290	2,010,046	3,366,874	2,438,208	3,781,080	4,891,329	5,657,554	5,386,587	
British Indian Ocean Territories	86	0	0	0	0	0	0	19	0	0	0	7	0	
British Virgin Islands	4,258	64,826	44,028	9,119	1,958	1,423	882	909	992	1,647	1,533	1,579	2,202	
Brunei Darussalam	3	39	0	0	1,031	351	481	684	260	355	529	4,502	5,030	
Bulgaria	2,925	591	2,335	2,216	3,637	629	7,958	19,449	3,814	1,438	11,549	31,646	4,422	
Burkina Faso	1	0	0	84	0	3	29	164	44	367	19	87	16,766	
Burundi	0	0	0	39	11	7	150	0	0	0	0	92	0	
Cabo Verde	349	116	11	0	1	17	55	56	24	6	104	0	0	
Cambodia	17	24	0	83	419	3	902	62	14	16	35	236	602	
Cameroon	35	142	44	78	835	216	340	1,622	3,605	4,392	3,346	2,412	5,091	
Canada	3,254,291	3,010,075	3,021,758	2,780,863	4,234,478	5,176,224	6,477,823	7,083,682	8,236,476	10,663,920	10,676,128	10,927,229	10,450,854	
Cayman Islands	32,347	9,020	2,176	24,529	8,039	8,444	4,765	8,359	14,971	2,465	2,020	1,603	3,013	
Central African Republic	86	0	1,458	2,692	212	10	6	118	63	123	145	422	513	
Chad	83	0	11	5	56	0	0	0	0	16	17	0	66	
Chile	459,326	321,618	381,024	555,122	667,667	904,934	1,170,376	1,586,912	1,049,344	1,863,451	2,072,034	2,251,514	2,084,672	
China	384,785	653,735	974,276	473,738	1,135,551	1,688,112	1,895,016	2,044,757	2,207,793	4,195,900	5,965,145	5,720,856	6,465,240	
Christmas Islands	2	51	0	14	1	39	0	0	0	0	0	10	0	
Cocos (Keeling) Islands	0	0	0	0	1	0	0	0	0	0	0	3	0	
Colombia	556,110	657,605	662,256	623,863	1,548,273	2,132,118	2,943,238	3,032,440	2,490,547	3,757,019	5,632,674	5,592,265	4,735,305	
Comoros	3	48	10	6	2	9	345	51	187	22	33	24	66	
Congo	455	2,802	24	3	69	2,991	13,182	8,889	3,625	3,885	3,418	659	8,693	
Cook Islands	2	0	0	0	0	5	27	31	14	10	0	0	0	
Costa Rica	367,339	372,067	352,145	346,636	420,682	521,796	687,219	919,725	651,200	805,529	998,979	993,303	976,409	
Côte d'Ivoire	25,349	114	25,954	28	17,145	4,076	163	1,171	1,466	794	495	2,355	17,804	
Croatia	43	1,154	717	322	575	1,211	2,431	6,059	1,429	2,051	2,803	1,744	1,269	
Cuba	201,358	142,819	162,864	152,127	221,595	194,416	189,557	308,867	250,799	307,235	356,716	387,133	372,614	
Cyprus	2,600	2,463	2,288	1,462	3,593	5,812	7,359	11,804	7,864	12,872	9,041	6,723	4,481	
Czech Republic	15,233	6,571	8,753	15,254	29,122	67,433	64,862	111,189	72,476	77,582	139,603	228,371	243,566	
Democratic Republic of the Congo	75	0	2	0	0	0	0	0	0	0	0	33	40	
Denmark	46,715	36,602	44,166	44,128	71,120	100,385	125,965	97,023	64,698	119,349	115,513	190,115	141,593	
Djibouti	0	0	0	0	0	0	0	18	28	36	39	67	167	
Dominica	4,033	816	699	946	840	1,050	1,801	1,235	2,211	1,473	4,021	2,022	3,540	
Dominican Republic	438,603	425,429	376,617	429,328	542,726	649,789	782,639	853,326	516,958	781,870	982,396	874,711	1,012,125	
Ecuador	147,288	178,110	174,387	152,620	309,211	386,345	448,387	646,389	519,734	698,261	832,037	876,731	917,054	
Egypt	15,542	17,061	17,002	8,420	44,079	60,715	60,509	36,273	34,142	69,272	66,311	64,224	57,716	
El Salvador	329,277	291,156	286,114	288,429	471,600	496,914	518,339	801,084	462,485	657,077	667,588	608,851	638,963	
Equatorial Guinea	0	0	27	0	0	1,506	1	15	118	4,663	9,426	4,931	3,992	
Eritrea	12	11	4	0	97	0	0	0	452	0	646	577	188	
Estonia	1,911	590	146	365	878	2,928	9,182	7,001	2,072	6,053	4,298	8,745	7,021	
Ethiopia	503	348	90	22	51	62	2,667	515	56	699	642	296	5,528	
Europe Othr. Nes	1,534	3,583	4,464	2,504	2,031	1,553	178,586	154,506	1,862	1,779	3,793	11,429	0	
European Union Nes	0	0	0	0	0	0	0	0	0	0	0	0	5,486	
Falkland Islands (Malvinas)	0	0	0	0	0	0	2	0	0	0	0	0	0	
Fiji	195	129	71	48	460	130	167	662	714	443	423	731	1,504	
Finland	12,293	11,941	16,701	11,532	68,958	139,205	106,796	577,436	522,867	64,090	73,543	100,107	65,977	
France	333,892	310,346	337,964	411,680	374,678	556,530	700,078	531,010	498,661	593,175	730,991	1,295,750	1,296,943	
French Polynesia	110	20	111	24	252	53	108	275	27	121	340	291	449	
French South Antarctic Territories	0	0	22	0	0	1	0	0	0	0	138	16	16	
Gabon	35	5	17	3	480	1,040	218	655	1,817	229	176	684	5,564	
Gambia	0	0	93	32	105	10	14	37	125	262	20	0	67	
Georgia	24	10	132	91,532	938	89	4	147	3,068	3,611	1,082	1,849	1,798	
Germany	1,500,467	1,155,869	1,714,688	1,921,905	2,288,762	2,971,347	4,102,058	4,998,082	3,191,053	3,556,249	4,315,123	4,484,348	3,796,853	
Ghana	96	365	910	631	1,006	451	2,048	1,129	1,836	1,742	7,135	7,061	4,339	
Gibraltar	722	310	267	848	476	165	36	278	221	0	30	2,915	49	
Greece	13,866	14,112	17,913	11,412	22,124	25,495	33,724	30,374	27,933	28,092	34,315	71,356	36,604	
Greenland	0	0	0	1,202	0	0	0	29	44	0	0	0	0	
Grenada	471	657	437	349	1,301	588	467	1,092	708	1,346	1,604	1,352	1,568	
Guatemala	594,808	546,733	589,766	601,863	863,711	935,444	1,152,404	1,385,106	1,192,093	1,466,551	1,787,251	1,827,263	1,732,319	
Guinea	123	96	82	243	288	140	3,748	735	2,079	265	575	627	618	
Guinea-Bissau	440	0	0	0	61	0	21	23	3	0	260	441	27	
Guyana	3,292	2,789	1,947	1,067	2,531	1,868	5,157	4,868	5,397	7,858	15,105	11,290	10,537	
Haiti	7,418	12,678	9,558	9,687	11,222	12,117	13,276	22,890	23,040	31,085	58,520	44,703	60,479	
Honduras	135,065	155,186	160,349	209,231	239,607	284,530	382,401	457,747	376,138	424,260	500,665	574,491	549,581	
Hong Kong, China	154,134	151,090	144,287	278,941	192,084	281,658	327,891	395,944	379,629	463,150	450,508	824,959	956,692	
Hungary	38,593	62,278	57,218	68,012	40,099	53,966	87,183	220,551	114,876	295,237	655,469	601,186	737,747	
Iceland	490	211	146	351	197	252	71	3,756	79	105	313	698	301	
India	187,601	328,333	487,328	441,014	560,771	680,301	1,045,619	1,559,113	1,111,575	1,030,514	1,799,341	3,306,360	3,524,960	
Indonesia	21,044	16,892	25,286	14,352	66,277	46,328	42,814	63,264	77,255	67,416	126,371	146,405	213,068	
Iran (Islamic Republic of)	29,019	30,948	21,610	13,229	26,442	23,415	19,192	4,510	9,173	2,838	6,833	5,689	471	
Iraq	3	7,713	3,197	1,676	1,454	242	381	1,009	1,337	23,438	23,743	59,142	66,370	
Ireland	194,410	212,630	184,377	157,121	129,439	109,427	147,648	226,284	186,750	225,879	255,300	229,197	272,537	
Israel	45,113	55,593	61,332	54,757	87,279	90,621	129,542	221,855	85,644	88,769	115,837	115,724	111,900	
Italy	269,633	192,674	276,114	217,974	194,649	266,707	481,304	587,183	516,529	651,209	1,554,285	1,299,344	1,251,492	
Jamaica	93,074	80,413	91,910	87,805	84,549	112,487	117,721	212,462	92,236	49,574	241,086	194,768	178,338	
Japan	1,266,154	1,192,401	1,172,404	544,332	1,469,999	1,594,042	1,912,617	2,045,908	1,600,571	1,923,190	2,256,842	2,610,661	2,240,908	
Jordan	1,303	3,400	3,013	1,780	2,055	4,397	6,090	7,865	5,624	11,523	13,756	44,778	18,456	
Kazakhstan	517	2,468	1,239	3,547	60,493	75,800	31,178	79,765	44,980	47,455	22,293	25,696	30,609	
Kenya	561	251	443	267	869	5,896	577	6,071	1,676	1,723	2,149	3,820	1,654	
Kiribati	22	0	0	0	0	0	3	0	0	0	0	0	7	
Korea, Democratic People's Republic of	17,163	19,844	6,918	6,997	8,014	6,325	3,107	3,061	923	14,723	1,589	1,685	1,560	
Korea, Republic of	208,509	161,846	181,410	110,780	241,842	457,495	680,568	537,605	498,752	928,781	1,521,898	1,726,592	1,525,326	
Kuwait	10,804	3,216	3,162	1,600	16,091	20,317	124,144	112,676	4,763	39,661	12,414	83,928	56,428	
Kyrgyzstan	0	0	0	0	0	0	24	0	0	148	60	111	190	
Lao People's Democratic Republic	10	2	0	0	7	7	126	412	384	24	38	302	555	
Latvia	493	327	555	577	2,279	3,174	4,056	3,916	3,579	6,350	9,288	10,490	9,386	
Lebanon	5,136	3,381	5,683	3,035	3,773	6,226	4,533	7,504	7,133	16,643	20,839	18,014	12,712	
Lesotho	0	0	0	32	13	1	0	48	8	0	0	0	0	
Liberia	1,896	2,132	2,307	5	2,171	947	3,202	4,222	2,092	544	2,585	766	148	
Libya	5,275	9	97	470	3,591	28,904	61,050	40,967	28,464	9,033	1,116	28,746	55,511	
Lithuania	323	883	1,163	1,220	2,697	2,340	5,505	6,594	36,558	49,072	52,186	53,842	127,475	
Luxembourg	5,020	1,735	4,024	37,742	4,983	4,969	4,649	26,251	1,142	7,805	6,594	15,278	19,681	
Macao, China	4,876	4,981	12	20,875	7,547	6,028	661	629	1,140	694	1,114	672	766	
Macedonia, The Former Yugoslav Republic of	1	5	0	49	151	16	49	324	50	52	130	294	41	
Madagascar	306	36	3	0	3	0	28	463	1,772	1,567	533	60	43	
Malawi	0	0	0	0	0	0	0	10	44	0	230	1	2	
Malaysia	86,519	85,780	67,920	43,189	53,566	100,105	122,816	113,820	137,192	109,976	124,336	202,820	175,890	
Maldives	8	7	39	125	26	53	90	118	101	117	104	197	163	
Mali	18	0	97	0	76	40	31	0	45	0	399	153	1,208	
Malta	1,237	464	663	179	1,625	718	17,359	2,189	1,969	803	866	1,904	1,243	
Marshall Islands	132	503	883	23	432	1,110	1,513	3,544	945	30	12	139	24	
Mauritania	13	16	28	151	141	21	84	35	33	109	292	104	9,612	
Mauritius	0	17	165	210,507	83	83	68	127	525	73	449	219	735	
Micronesia (Federated States of)	0	35	0	169	79	217	45	453	35	48	1	184	35	
Mongolia	0	0	116	0	0	11	26	39	2,010	3,201	1,802	4,947	1,985	
Montenegro	0	0	0	0	0	0	0	0	334	0	82	15	100	
Montserrat	0	0	0	2	0	3	0	0	2	0	80	0	0	
Morocco	3,332	9,067	1,333	1,942	3,219	3,654	6,639	11,574	46,956	13,817	32,313	11,546	31,752	
Mozambique	539	1,775	0	16	6,438	14,843	2,703	7	390	283	801	902	292	
Myanmar	201	95	67	51	318	47	24	132	22	5	2,158	1,842	1,627	
Namibia	12	1,258	352	11	5	14	0	193	866	39	364	459	1,569	
Nauru	0	0	0	0	0	0	0	0	7	8	12	0	0	
Nepal	0	0	2	0	10	87	111	76	96	102	206	146	58	
Netherland Antilles	825,567	664,909	516,475	10,891	13,463	31,452	55,956	28,469	83,551	95,779	66,643	47,092	18,977	
Netherlands	424,741	795,103	700,590	552,385	801,276	1,325,542	1,904,843	2,487,680	1,693,841	1,841,142	2,078,883	1,913,536	1,589,924	
Neutral Zone	0	0	0	0	0	0	0	0	0	0	0	0	77	
New Caledonia	15	55	680	2	649	37	169	5,552	479	71	1,436	165	208	
New Zealand	23,600	18,886	10,460	9,771	21,166	27,988	32,679	57,097	43,747	58,422	91,944	102,366	111,601	
Nicaragua	128,686	104,010	118,926	136,755	324,124	522,378	730,366	372,810	220,483	307,165	405,211	722,010	779,417	
Niger	2	2	89	46	0	1,438	89	1	0	48	199	173	3,232	
Nigeria	4,874	9,317	4,187	2,492	22,989	41,772	27,656	22,156	28,451	30,855	35,543	48,733	69,490	
Niue	0	0	0	0	0	3	0	977	10	0	9	3	0	
Norfolk Island	0	0	0	0	0	4	0	0	0	0	0	0	0	
Northern Mariana Islands	1	0	0	0	0	4	2	0	238	0	0	1	0	
Norway	8,276	7,940	10,139	5,115	35,580	58,259	40,716	37,077	45,506	40,900	45,096	65,755	34,363	
Oman	1,046	210	665	173	1,064	9,325	1,706	2,240	783	24,132	11,011	24,222	22,222	
Pakistan	10,240	9,656	11,442	7,922	14,096	27,758	23,427	11,781	63,937	28,476	19,913	22,732	20,205	
Palau	0	0	0	0	0	0	11	0	0	38	0	0	0	
Palestine, State of	0	0	0	0	0	17	0	0	0	0	1	74	0	
Panama	289,880	302,045	319,606	353,083	463,479	567,695	730,984	864,604	771,631	882,423	1,023,708	1,135,958	1,046,579	
Papua New Guinea	65	38	7	0	5	3	4,623	1,214	1,131	910	3,162	4,022	74	
Paraguay	12,221	9,188	8,457	11,034	14,305	27,086	46,743	112,071	92,298	90,453	122,227	103,466	130,015	
Peru	193,260	232,842	193,640	179,199	345,043	533,468	676,604	1,179,815	585,946	973,594	1,286,371	1,527,651	1,770,537	
Philippines	22,210	19,906	20,261	12,715	40,712	57,526	74,611	65,980	51,358	81,662	47,180	66,923	105,301	
Pitcairn	0	0	0	0	0	3	0	0	0	0	0	0	0	
Poland	19,237	18,185	14,535	7,605	41,255	89,567	51,596	132,444	69,347	92,339	134,883	154,148	157,913	
Portugal	110,549	140,794	186,584	153,317	269,585	281,660	276,026	125,834	34,074	183,112	332,314	173,392	62,484	
Qatar	1,767	1,445	3,965	127	13,425	37,788	45,993	15,129	11,384	21,103	26,558	64,923	33,325	
Republic of Moldova	0	1	11	0	0	36	0	169	2	22	84	70	129	
Romania	1,218	5,836	3,715	3,209	58,350	35,604	19,535	13,734	54,394	46,339	179,032	124,288	84,818	
Russian Federation	27,469	18,892	47,238	12,914	28,571	44,190	159,828	116,016	39,250	237,389	471,277	490,907	472,666	
Rwanda	0	1	0	0	0	0	3	14	18	0	221	0	3	
Saint Helena	0	0	0	0	0	17	0	0	0	0	0	0	0	
Saint Kitts and Nevis	158	233	373	938	290	382	784	1,881	623	460	734	879	33,753	
Saint Lucia	1,268	1,525	1,512	500	2,174	1,269	2,307	2,402	1,356	1,770	2,202	2,418	2,847	
Saint Vincent and the Grenadines	921	803	594	308	1,174	590	903	1,431	861	809	583	592	4,027	
Samoa	0	0	0	0	0	179	105	93	466	810	758	348	285	
Sao Tome and Principe	6	6	30	0	0	6	0	20	404	7	24	0	0	
Saudi Arabia	13,801	14,721	35,025	12,871	89,160	234,604	105,957	156,772	132,190	80,596	151,935	156,257	514,661	
Senegal	5	310	41	90	509	46	230	1,065	1,044	442	1,051	539	762	
Serbia	0	0	0	0	0	501	366	567	3,271	125	390	750	759	
Serbia and Montenegro	267	660	780	292	539	0	0	0	0	0	0	0	0	
Seychelles	8	158	32	0	32	790	0	604	0	15	454	0	154	
Sierra Leone	0	0	0	106	15	47	38	8	32	82	377	160	477	
Singapore	232,027	198,505	189,326	262,245	326,664	254,091	336,013	426,497	386,228	657,459	591,171	723,662	576,770	
Slovakia	1,379	91	4,705	4,601	2,261	3,553	5,906	7,263	7,821	9,260	20,276	26,700	20,229	
Slovenia	5,402	9,564	5,173	5,237	11,382	2,790	9,163	9,385	6,104	8,317	16,550	5,773	6,119	
Solomon Islands	0	3	0	16	0	1	7,341	1	12,000	0	112	21	0	
Somalia	0	0	0	83	0	37	0	0	0	0	0	0	0	
South Africa	18,623	28,397	27,909	22,874	96,422	165,390	153,044	193,455	124,443	159,893	263,422	253,081	236,751	
Spain	1,302,683	1,446,353	1,467,624	1,962,853	2,954,032	3,270,119	3,689,802	4,232,898	2,507,826	3,830,918	4,902,369	7,023,928	7,316,512	
Sri Lanka	3,546	2,618	2,959	1,328	3,325	3,930	2,625	4,968	5,114	2,435	4,041	3,955	7,749	
St. Pierre and Miquelon	0	0	0	0	0	0	0	49	0	0	0	6	0	
Sudan (North + South)	1,016	1,273	336	1,546	4,237	1,392	2,176	1,602	422	1,878	1,684	484	662	
Suriname	5,490	2,806	2,762	4,901	5,879	7,224	7,621	10,422	10,137	10,016	8,748	15,780	17,402	
Swaziland	1,325	639	36	561	174	182	189	17,238	3,391	3,941	2,853	420	892	
Sweden	35,526	43,216	28,441	81,132	52,762	59,191	80,585	113,324	60,953	108,496	87,539	92,825	80,330	
Switzerland	80,432	162,133	103,512	801,436	117,461	94,746	219,863	601,952	433,110	862,966	1,207,679	823,722	1,111,888	
Syrian Arab Republic	7,508	15,525	11,536	7,601	14,336	13,392	4,105	4,328	5,122	4,960	5,128	2,042	1,747	
Taipei, Chinese	161,314	208,147	147,929	120,184	199,630	441,455	271,808	307,147	176,411	320,936	467,742	371,309	487,120	
Tajikistan	0	0	0	0	0	336	2	0	144	0	74	76	0	
Tanzania, United Republic of	66	826	1,675	52	144	4,232	41	316	489	1,050	1,331	1,444	4,679	
Thailand	69,506	54,185	53,680	25,200	97,574	118,330	167,056	129,081	100,189	148,615	319,714	406,456	424,781	
Timor-Leste	0	0	0	0	8	0	0	130	0	0	0	0	0	
Togo	70	6	168	0	4	153	39	79	40	59	210	3,735	121	
Tokelau	0	0	0	0	0	0	1	0	0	0	0	0	0	
Tonga	0	4	0	0	0	239	452	1,290	21	84	38	9	0	
Trinidad and Tobago	28,586	25,108	19,860	12,594	57,287	60,968	58,470	69,174	94,724	64,400	65,722	107,851	107,757	
Tunisia	4,258	711	3,898	417	7,705	8,598	13,748	23,511	20,280	31,559	23,095	25,371	15,814	
Turkey	8,602	28,148	50,490	17,174	42,904	36,292	43,503	65,675	66,654	135,665	187,329	358,627	358,902	
Turkmenistan	0	0	0	0	0	5,390	1,785	499	1,847	161	0	3,873	345	
Turks and Caicos Islands	2,492	671	2,087	12,730	954	682	359	574	248	453	564	1,320	1,007	
Tuvalu	153	0	0	0	0	28	0	0	0	0	0	0	0	
Uganda	630	163	217	16	181	466	312	152	335	826	1,385	1,668	776	
Ukraine	513	2,475	4,723	991	4,141	14,619	15,137	17,214	6,667	35,509	43,483	46,208	48,674	
United Arab Emirates	70,472	52,620	37,137	43,435	32,898	63,143	174,894	201,988	326,487	242,094	353,798	434,287	478,669	
United Kingdom	754,472	656,032	732,912	773,099	1,188,482	924,937	1,562,932	1,749,340	1,242,898	1,732,810	2,158,570	2,602,962	1,437,847	
United States Minor Outlying Islands	223	92	249	148	719	500	181	456	213	66	128	1,599	6,362	
United States of America	136,373,542	137,963,057	144,696,717	166,533,178	183,837,713	212,131,773	223,387,835	233,793,948	185,448,519	238,858,912	274,992,000	288,178,654	300,036,939	
Uruguay	50,912	25,838	34,244	341,410	65,570	66,481	89,682	169,308	99,715	207,609	270,965	293,752	308,059	
Uzbekistan	0	437	0	15	62	319	4,918	4,913	2,684	370	52	3,629	8,455	
Vanuatu	429	13	115	0	45	50	17	260	67	109	9	29	0	
Venezuela	775,892	663,162	420,770	609,760	1,288,651	1,783,182	2,332,564	2,310,304	1,417,736	1,563,871	1,661,137	2,118,125	2,154,907	
Viet Nam	3,959	3,339	6,397	7,735	8,096	28,793	39,297	68,747	101,858	79,791	64,168	84,243	105,331	
Wallis and Futuna Islands	0	0	0	0	0	0	1	30	0	86	18	27	0	
Western Sahara	423	8	0	0	0	0	85	0	0	0	148	108	8	
Yemen	269	740	467	262	570	1,450	747	2,063	666	5,057	270	713	2,952	
Zambia	15	0	0	54	41	412	62	8	1,032	3,315	510	10,163	3,081	
Zimbabwe	60	48	81	5	326	104	2	21	30	66	5	1,163	1,365	
