List of importing markets for a product exported by Bosnia and Herzegovina (Mirror) Product: TOTAL All products
"Importers"	"Exported value in 2001"	"Exported value in 2002"	"Exported value in 2003"	"Exported value in 2004"	"Exported value in 2005"	"Exported value in 2006"	"Exported value in 2007"	"Exported value in 2008"	"Exported value in 2009"	"Exported value in 2010"	"Exported value in 2011"	"Exported value in 2012"	"Exported value in 2013"	
Total	943,590	1,134,804	1,252,846	1,993,155	2,637,219	3,323,971	3,998,029	4,586,397	3,439,307	4,266,826	5,387,175	4,891,388	5,339,819	
Albania	73	681	1,272	1,209	3,330	8,272	12,644	15,116	10,975	36,369	53,855	33,990	30,940	
Algeria	0	318	0	4	4,100	813	4,731	9,291	2,704	8,654	4,357	6,595	3,975	
Andorra	31	67	22	8										
Antigua and Barbuda					0		0		0	1	0	0	0	
Argentina	253	166	303	611	0	237	170	113	920	704	259	994	1,574	
Armenia	0	0	171	63	4	3	8	15	23	61	95	106	164	
Australia	1,853	559	764	717	8,789	1,755	2,443	1,870	2,005	2,309	2,706	2,437	3,507	
Austria	47,735	39,990	58,410	101,486	129,674	214,016	279,310	339,283	304,798	397,726	566,184	561,038	584,194	
Azerbaijan	85	0	2	0	0	82	41	1	248	389	396	284		
Bahrain	3	6	20	0	44	0	3	3	9	78	95			
Bangladesh	0	1	304	7	24	60	27							
Barbados	0	0	0	23	2	0	0	0	1	31	2	0	2	
Belarus	1	7	4	75	43	97	94	319	254	552	616	300	409	
Belgium	9,007	6,738	9,052	11,042	12,522	13,908	33,374	28,615	27,784	38,495	28,995	28,508	30,919	
Belize	0	0	0	0	0	9	0	0	0	0	0	17	17	
Benin	0	0	0	0	4	0	4	0	6	13	37	14	1	
Bermuda												6	5	
Bolivia	0	7	1	2	2	2	0	1	5	78	15	37		
Bosnia and Herzegovina			3,767	0	0	0	0	0	0	0	0	0	0	
Botswana	0	1	1	0	0	0	0	0	0	31	0	1	0	
Brazil	23	9	4	15	29	44	361	419	1,626	4,656	5,490	5,183	2,463	
Brunei Darussalam	0	0	0	0		0				0	0	0	112	
Bulgaria	482	879	719	1,752	6,830	22,405	43,515	22,714	6,044	8,417	10,835	20,340	33,558	
Burkina Faso	0	0	0	0	0		0	0	0	0	5	0		
Burundi	0	0	0	0	0	0	0	0	0	0	0	0	3	
Cambodia	0	0	0	12	12	41	115	63	20	0	0	0		
Cameroon	0	0	0	0	0	0	6	362	44	73	355	325		
Canada	1,021	1,709	2,981	3,025	2,252	3,349	4,959	5,731	7,410	7,650	11,609	12,910	15,054	
Central African Republic	0	0	0			0	0	0	0	0	13	0	0	
Chile	9	22	33	24	71	218	119	124	656	1,709	1,752	2,042	1,057	
China	674	383	639	780	103,406	120,104	27,287	6,614	13,562	17,597	29,895	23,301	20,910	
Colombia	559	126	117	531	528	93	37	101	8,573	241	692	973	882	
Congo							0	0	11	11	0	0	0	
Costa Rica	0	0	2	0	6	18	54	153	8	39	1,856	84	54	
Côte d'Ivoire	0	0	0	2	1	0	6	35	7	26	62	95		
Croatia	126,780	166,365	231,184	348,630	453,159	600,375	733,865	819,375	567,460	610,851	759,342	728,696	773,027	
Cuba	0	0	0	5	0	4								
Cyprus	20	131	616	123	10	52	77	113	106	12	1,207	3,532	5,457	
Czech Republic	3,424	5,521	6,891	7,480	27,229	34,603	45,473	52,095	40,562	51,073	82,581	68,392	94,779	
Denmark	3,330	933	1,415	2,154	1,682	2,290	5,690	4,259	3,842	6,634	3,857	7,135	5,553	
Dominica	0	0	0	0	0	0	0	0	0	1	1	4		
Dominican Republic	0	361	0	10	1	3	25	1	27	34	11	31	12	
Ecuador	0	52	5	0	0	0	0	0	0	0	175	5	117	
Egypt	12,799	13,855	5,274	15,244	5,129	4,688	17,234	19,590	17,542	18,022	14,469	13,834	16,263	
El Salvador	6	3	0	5	9	0	1	0	0	165	0	0	0	
Estonia	117	107	111	116	45	131	472	245	350	803	629	623	890	
Ethiopia	0	0	0	0	88	164	1,641	38	182	1,309	171	212		
Faroe Islands	1	1	4	1	1	3	28	2	11					
Fiji		0	0	0	0	0	1	0	0	0	1	2		
Finland	8,986	291	765	596	749	1,297	6,426	3,069	848	325	494	1,479	1,278	
France	57,726	62,851	90,564	68,244	66,271	105,858	87,271	80,663	90,957	73,312	93,053	86,942	99,807	
French Polynesia	1	1	2	4	1	5	14	11	14	1	13	23	21	
Gabon	12	0	0	0	0	0	13	0	0					
Gambia	0	0	0	0	0	0	0	0	0	0	2			
Georgia	0	62	73	0	1,100	475	8	176	102	99	422	116	54	
Germany	123,644	117,157	215,930	342,540	320,269	402,507	482,773	554,389	426,230	532,628	692,558	610,555	694,972	
Ghana	0		1		0	8	6	4	415	0	30	2		
Greece	16,125	38,908	27,646	7,775	9,550	10,518	8,243	16,936	11,157	9,127	10,997	10,011	19,614	
Greenland	0	0	0	0	0	9	0	8	27	25	16	13	52	
Guatemala	1	0	60	0	12	0	1	0	5	0	35	0	0	
Guinea	0	0		0	0	0	0	0		0	0	0		
Guyana	0	42	0	0	0	0	0	42	0	0	0	57	4	
Honduras	0	23	118	1,119	943	8	1,700	0	0	5	4	6	13	
Hong Kong, China	100	14	270	1	122	12	3	6	30	267	152	3,202		
Hungary	5,498	9,112	22,992	78,754	130,958	158,711	195,336	189,791	68,109	103,910	126,328	93,446	113,725	
Iceland	36	33	51	69	124	189	244	407	217	167	241	317	291	
India	114	2,040	3,251	204	132	570	10,561	1,823	1,286	1,117	34,128	21,521	2,585	
Indonesia	263	679	13	1,915	6	20	41	86	38	59	156	649	9,307	
Iran (Islamic Republic of)	599	671	1,320	2,041	1,558	0				782	1,956			
Ireland	935	387	552	363	887	2,526	2,579	2,218	1,601	1,662	1,316	782	808	
Israel	956	685	184	826	185	1,410	2,246	1,541	405	393	1,527	1,692	10,372	
Italy	242,006	287,513	359,459	367,132	420,119	465,887	561,289	654,997	501,307	605,420	687,452	606,291	735,069	
Japan	230	372	577	1,370	1,555	3,066	3,770	5,729	4,172	4,578	6,517	4,533	5,435	
Jordan	15	0	0	41		43	277	903	119	3,815	1,140	1,623	771	
Kazakhstan	7	22	27	27	19	400	218	168	182	324	812	969	842	
Kenya	5	1	29	2	39	63	7	1,442	47	68	1,198			
Korea, Republic of	22	78	23	108	222	1,248	460	723	1,643	2,759	4,690	5,766	5,640	
Kuwait	0	158	444	525		384	788	702						
Kyrgyzstan	0	0	0	4	1	8	1	1	1,610	5	25	76		
Latvia	4	9	1	69	71	933	1	0	0	57	172	434	343	
Lebanon	81	123	78	102	215	141	237	311	954	6,421	2,908	3,071	3,187	
Libya							2,739	35,459	9,248	14,521				
Lithuania	167	228	158	170	179	229	236	579	94	781	4,814	924	1,041	
Luxembourg	38	81	93	157	98	81	224	1,691	1,606	1,498	1,919	1,370	5,861	
Macao, China	22	30	35	43	88	88	47	78	130	128		267		
Macedonia, The Former Yugoslav Republic of	4,150	14,299	11,753	16,306	23,577	26,534	34,518		46,530	49,141	90,122	70,990	63,530	
Madagascar	0	0	0	0	0	21	2	2	16	26	14	5	28	
Malawi	0	0	0	0	0	0	0	0	0	0	1	0	0	
Malaysia	13	1,801	740	403	572	1,931	2,519	3,597	163	678	719	334	24	
Mali	0	0	0	0	0	4	45	10		0	0	0		
Malta	0	40	124	7	12	809	0	19	86	95	1,348	2,526	907	
Mauritania	0	0	0	0	0		0	0	0	0	62	312		
Mauritius	0	0	0	6	7	2	6	7	22	22	21	31	80	
Mayotte	0	0	0	61	5,402	1,010	4	1	2,338					
Mexico	0	0	0	0	399	1,506	1,113	1,561	2,304	2,566	7,795	7,705	5,278	
Mongolia	0		0	0	0	0	0						125	
Montenegro						54,111	106,445	168,966	127,424	162,883	193,672	158,146	167,543	
Morocco	1,891	1,075	936	1,398	1,259	1,432	3,133	8,333	6,671	53,802	35,472	28,474	8,055	
Mozambique	378	0	0	0	37	31	416	3	0	0	0	1	284	
Namibia	0	0	1	0	27	226	42	0	0	0	26	0	0	
Nepal			0						1	11	21			
Netherlands	7,865	9,821	12,100	10,128	25,717	17,068	29,747	41,154	29,904	38,610	45,621	46,415	66,511	
New Caledonia	2	0	0	24	4	21	11	2	37	42	34	37	40	
New Zealand	50	52	88	40	114	135	156	187	210	271	396	379	381	
Nicaragua	0	0	2	1	5	3	0	0	2	12	30	17	30	
Niger	0	0	0	0	0	2	116	0	0	34	1	0	34	
Nigeria	0	0	0			545	497	298	0	3	0	29		
Norway	751	878	1,628	3,118	3,488	5,824	7,640	12,223	8,427	9,392	14,400	14,800	17,853	
Oman	1	1	1	0	0	39	95	129	53	0	145	323	4	
Pakistan			382	1	13	9	329	487	100	191	156	128	68	
Palestine, State of							60	23	0	31	13	5		
Panama	0	0	0		0	0	0	3	0	0	0			
Papua New Guinea	8	23	26	5							115	0		
Paraguay	0	0	0	5	0	0	0	5	9	15	36	32	127	
Peru	17	16	52	20	27	34	98	102	124	198	418	504		
Philippines	25	150	712	249	4	118	2	44	121	50	8	3	0	
Poland	3,836	4,026	4,044	8,546	47,624	79,398	49,988	51,739	48,459	53,785	72,934	72,939	59,052	
Portugal	4,733	241	2,963	3,049	3,128	4,339	1,469	561	92	1,448	3,638	5,983	2,504	
Qatar	30	61	56	45	215	413	398	616	638	1,128	1,269	1,196	835	
Republic of Moldova	4	55	116	183	717	917	916	1,682	1,732	1,601	4,963	2,429	2,297	
Romania	8,767	591	664	19,399	45,549	75,157	48,362	65,417	22,998	25,407	29,952	70,219	76,726	
Russian Federation	5,208	530	2,131	18,852	2,834	3,973	6,578	16,625	23,052	36,491	52,060	57,190	58,973	
Rwanda	0	0	0	0	0	1	1	25	0	3	0	5	4	
Saint Lucia	0	0	0	0	0	0	0	1						
Saint Vincent and the Grenadines	0	0	0	0	0	0	0	3	17	2	1	1		
Samoa	0	0	0	0	0	0	0	0	0	0	1	0	0	
Sao Tome and Principe	0	0	0	0	0	0	0	0	0	0	0	0	7	
Saudi Arabia	150	154	199	389	595	827	3,789	1,981	2,542	3,300	11,047	8,569		
Senegal	0	0	0	0	0	0	0	0	0	0	27	20	309	
Serbia					291,851	343,002	517,928	644,496	448,182	556,302	670,059	491,325	480,096	
Serbia and Montenegro	134,577	230,723		256,728										
Seychelles	0	0	0		0	0		2						
Singapore	700	12	0	0	0	0	0	0	0	0	1,294	1,111	1,591	
Slovakia	1,213	2,060	11,588	11,774	6,952	12,200	16,875	20,409	14,671	21,723	54,755	51,708	68,783	
Slovenia	63,306	65,744	90,712	190,164	260,213	390,689	437,906	467,332	331,815	440,129	526,569	474,330	473,931	
South Africa	448	746	652	911	1,447	1,840	1,056	2,359	1,349	1,669	2,590	2,839	3,835	
Spain	11,405	4,876	21,705	30,678	30,223	23,304	21,045	21,513	26,379	31,463	38,032	38,885	43,532	
Sri Lanka	0	0	0	0	11	0	0	160	0	40	577	1,412		
Sudan (North + South)	0	0	0	0	0	0		75	86	2,174	1,218			
Sweden	3,451	3,889	6,387	7,662	59,297	18,475	28,346	34,554	23,881	25,719	39,831	32,557	47,959	
Switzerland	2,233	3,371	4,646	10,391	6,639	13,817	17,828	23,554	22,665	27,697	40,872	63,364	80,664	
Syrian Arab Republic	0	0	0	194	220	39	1,350	0	18	5,965				
Taipei, Chinese	84	245	369	228	575	593	585	720	572	851	1,915	1,823	1,625	
Tanzania, United Republic of	0	0	0	0	0	0	0	0	38	6	173	297	14	
Thailand	0	0	0	0	0	0	0	202	79	229	272	2,767	1,092	
Timor-Leste				0	0									
Togo	0	0	0	0	0		0	0	0	4	8	335	147	
Trinidad and Tobago	0	0	0	0	0	0	1	0	0	0				
Tunisia	774	893	1,250	1,281	588	1,034	143	450	365	287	443	1,317	26,067	
Turkey	4,926	6,300	8,343	11,476	15,399	9,379	21,469	24,545	52,090	72,328	90,252	111,649	124,330	
Turks and Caicos Islands	0	90	0	0							0	0		
Uganda	0	0	0	0	0	0	0	0	0	0	1	9	74	
Ukraine	20	399	983	1,121	3,247	7,544	6,602	10,814	8,943	7,560	20,585	14,013	18,715	
United Arab Emirates					1,245		2,946	4,847						
United Kingdom	3,155	4,223	5,999	6,479	10,415	13,874	17,388	45,717	17,590	18,646	21,373	18,314	38,662	
United States of America	12,588	16,800	12,615	12,200	72,783	27,027	26,385	27,973	26,077	26,865	51,566	53,308	59,475	
Uruguay	0	0	1	0	9	13	18	0	58	545	479	565	589	
Vanuatu						0	0		0	0	3			
Venezuela	0	50	0	0	53	3		0	5	15	0	109	35	
Viet Nam	952	0	74	6	16	165	0	0	0	6,214	0	0		
Yemen				270	210	0	84	254	44	87	74	701		
Zimbabwe	0	0		0	1	0	5	1	0	2	1	720	4	
