List of importing markets for a product exported by Mali (Mirror) Product: TOTAL All products
"Importers"	"Exported value in 2001"	"Exported value in 2002"	"Exported value in 2003"	"Exported value in 2004"	"Exported value in 2005"	"Exported value in 2006"	"Exported value in 2007"	"Exported value in 2008"	"Exported value in 2009"	"Exported value in 2010"	"Exported value in 2011"	"Exported value in 2012"	"Exported value in 2013"	
Total	217,468	179,619	228,218	347,395	289,418	435,325	273,626	235,173	191,361	369,237	555,532	684,553	401,508	
Albania	0	356	0	64	133	28	19	59	7	47	2	1	135	
Algeria	0	0	0	0	2	230	163	1	2	0	106	2,503	8	
Andorra	6	0	1	4										
Antigua and Barbuda					4		0		0	0	0	0	0	
Argentina	0	0	0	0	0	4	0	0	1	1	0	1	0	
Armenia	0	0	0	0	0	0	0	0	0	2	5	0	0	
Australia	473	671	878	406	6,646	14,047	7,938	3,925	2,562	5,899	2,337	1,662	1,413	
Austria	226	1,677	688	487	2,046	2,114	616	116	20	9	14	781	3,020	
Bahrain	0	0	0	0	0	0	0	0	0	55	521			
Bangladesh	105	3,823	19,264	26,918	25,522	13,849	15,565							
Barbados	10	29	86	39	62	46	18	4	7	37	11	6	4	
Belarus	0	0	0	0	0	4	0	10	0	54	217	15	63	
Belgium	2,941	5,769	4,851	6,260	3,096	2,859	5,912	5,812	5,885	6,808	6,114	4,082	17,007	
Belize	0	0	59	0	0	0	0	0	0	0	0	0	0	
Benin	24	1	139	114	8	95	374	141	191	187	181	221	389	
Bermuda												0	2	
Bolivia	6	104	13	0	0	0	3	2	1	2	7	0		
Bosnia and Herzegovina			241	449	219	66	0	323	15	88	2	34	11	
Botswana	0	18	2	7	684	1	36	1	0	1	6	126	5	
Brazil	8,740	955	5	3	33	4,519	11,285	48	0	3	64	312	656	
Brunei Darussalam	0	0	0	0		0				10	0	16	2	
Bulgaria	1	0	0	1	5	1	150	0	5	6	0	0	0	
Burkina Faso	1,354	1,046	3,448	4,592	6,316		2,179	11,857	22,438	20,482	51,059	74,094		
Burundi	1	1	0	14	20	52	52	2	4	83	43	72	91	
Cabo Verde	0	0	18	1	3	0	0		8	0	0	1	0	
Cambodia	0	0	0	0	0	4	0	172	4	12	657	0		
Cameroon	0	1	17	0	5	13	5	13	36	42	60	40		
Canada	2,078	1,992	782	316	179	353	426	376	305	586	887	1,237	398	
Central African Republic	0	1	2			0	0	0	0	3	2	0	0	
Chile	0	0	5	71	0	6	0	0	0	0	0	0	1	
China	1,019	1,730	28,390	106,755	79,250	114,240	35,895	62,952	37,049	70,411	149,595	331,685	153,682	
Colombia	0	83	0	26	355	42	86	4	0	212	27	19	51	
Congo							2	1	2	1	5	92	0	
Cook Islands					30									
Costa Rica	0	0	0	0	1	0	0	0	2	0	0	0	5	
Côte d'Ivoire	2,313	1,983	60	135	505	394	440	1,057	870	1,098	381	11,309		
Croatia	22	46	4	24	3	85	7	7	6	13	11	5	53	
Cuba	0	0	9	61	7	0								
Cyprus	0	0	5	105	19	9	16	0	66	27	72	18	0	
Czech Republic	4,655	5,320	3,756	4,933	4,061	3,451	3,466	6,281	1,114	1,761	1,347	1,521	973	
Denmark	89	345	445	1,603	1,128	24	114	143	2,394	70	29,686	29	0	
Djibouti									2					
Dominica	0	0	0	0	0	1	1	0	0	0	0	0		
Dominican Republic	0	0	0	0	0	0	0	0	0	0	1	0	0	
Ecuador	0	0	3	76	0	0	13	0	0	0	73	0	4	
Egypt	538	0	0	0	0	0	0	0	0	2	0	12	16	
El Salvador	0	33	0	0	0	0	0	0	0	0	0	0	0	
Eritrea			4											
Estonia	30	759	13	29	32	13	5	0	13	28	116	77	45	
Ethiopia	573	7	92	296	697	488	367	173	337	265	442	430		
Faroe Islands	0	0	0	0	1	0	0	0	5					
Fiji		1	10	16	141	42	31	45	3	9	0	0		
Finland	2	30	8	72	40	243	31	135	19	0	2	2	0	
France	10,331	7,604	8,690	10,209	16,543	12,558	17,423	9,357	9,777	7,763	11,385	12,760	11,309	
French Polynesia	0	3	0	3	6	2	2	1	6	63	2	0	116	
Gabon	4	0	50	226	7	14	28	15	24					
Gambia	0	7	22	62	38	2	5	21	67	323	302			
Georgia	0	0	0	0	0	0	0	0	5	0	15	0	8	
Germany	6,936	9,077	8,049	18,195	9,615	106,027	3,513	2,591	10,498	5,182	3,062	4,738	3,716	
Ghana	9,418		423		57	40	76	166	1,615	606	3,190	2,574		
Greece	87	471	4	233	485	256	339	234	50	150	266	240	64	
Greenland	0	0	0	0	0	1	0	0	0	3	0	0	0	
Grenada	0	0	0	0	0	0	0	1						
Guatemala	575	0	0	0	1	0	0	0	3	0	0	0	1	
Guinea	508	87		406	47	38	226	243		1,616	27,812	27,232		
Guinea-Bissau			44	0	0									
Guyana	0	0	16	24	228	3	0	0	0	0	0	0	20	
Honduras	0	4	8	134	46	469	227	0	0	81	59	13	1	
Hong Kong, China	243	95	29	262	51	1,868	54	95	477	275	2,309	4,208		
Hungary	163	688	579	54	3	0	119	0	46	0	42	20	4	
Iceland	4	13	4	1	0	0	78	85	0	36	6	11	56	
India	2,878	17,859	32,462	9,294	5,363	2,599	4,808	9,025	4,396	3,109	4,707	25,470	77,805	
Indonesia	5,222	4,176	4,500	8,025	6,876	9,268	11,941	3,844	8,764	21,081	58,393	33,120	43,243	
Iran (Islamic Republic of)	0	172	10	0	0	849				38	0			
Ireland	342	865	139	107	706	108	618	34	10	28	2,740	286	296	
Israel	1	0	0	0	1	10	225	107	4	5	2	176	48	
Italy	11,274	18,534	17,611	24,808	14,265	7,810	8,159	5,267	2,768	9,561	7,957	15,754	14,740	
Jamaica	0	0	0	0	0	0	0	0	4	0	0	0		
Japan	273	531	305	196	146	346	116	209	1,076	113	118	62	109	
Jordan	0	0	3	0		0	0	0	0	0	0	4	21	
Kazakhstan	0	0	0	0	0	2	0	42	0	0	20	335	360	
Kenya	3,341	109	75	277	400	225	243	311	306	57	3			
Kiribati					0		53	59	46	8	2	120		
Korea, Republic of	7,562	3,989	2,442	1,296	779	238	646	275	10,022	92,429	69,316	231	65	
Kuwait	0	8	1	0		2	12	705						
Kyrgyzstan	0	0	0	2	0	0	0	269	0	2	0	0		
Latvia	6	0	0	0	0	3	0	0	0	0	1	0	0	
Lebanon	102	109	241	252	170	80	45	120	152	598	111	20	22	
Libya							0	0	95	43				
Lithuania	498	232	394	0	0	0	2	0	0	0	39	0	0	
Luxembourg	0	9	1	2	1	0	0	95	69	19	33	13	91	
Macao, China	0	0	2	0	0	0	3	0	0	0		0		
Macedonia, The Former Yugoslav Republic of	2	0	3	6	1	6	5		1	1	4	20	34	
Madagascar	76	0	4	31	70	4	25	76	7	0	0	77	52	
Malawi	0	0	35	11	7	0	124	103	0	183	237	2,379	36	
Malaysia	3,936	693	1	328	97	434	1,563	3,505	5,044	2,160	25,742	69,896	9,044	
Malta	0	0	0	0	0	1	12	0	29	0	0	0	0	
Mauritania	14	40	0	12	48		430	228	743	1,037	424	1,354		
Mauritius	3,185	7,220	2,864	1,828	1,188	2,983	4,138	2,189	1,677	1,762	70	223	152	
Mayotte	7	7	46	19	34	7	22	7	8					
Mexico	49,205	4,199	2,700	1,030	878	1,732	4,008	838	692	10,152	2,960	159	430	
Mongolia	0		0	0	0	0	0						24	
Montenegro						31	0	0	0	1	0	0	0	
Montserrat	0	0	0	0	1	0	0	0	0			0	0	
Morocco	1,906	1,434	3,508	5,416	5,901	8,180	10,271	7,603	6,781	4,104	3,016	964	3,461	
Mozambique	0	8	0	0	0	37	14	64	0	0	45	0	265	
Myanmar										113				
Namibia	14	0	3	3	0	0	55	73	0	0	0	0	0	
Nepal			56						0	17	4			
Netherland Antilles					63	136	342	36						
Netherlands	339	509	286	1,086	4,171	3,641	4,531	3,393	2,883	3,288	452	3,299	5,739	
New Caledonia	0	1	0	0	2	364	8	2	11	67	83	122	111	
New Zealand	0	0	1	3	3	6	4	124	11	68	20	18	23	
Nicaragua	0	0	0	0	0	3	2	6	0	1	4	3	1	
Niger	944	563	478	1,470	946	671	955	2,682	1,032	3,645	686	3,186	1,080	
Nigeria	1,212	66	518			18,331	188	3	1,907	50	264	38		
Norway	274	44	78	77	71	22	29	84	175	58	499	184	93	
Oman	2	0	0	0	0	0	0	172	1	0	0	60	0	
Pakistan			1,903	35,510	6,928	2,611	32,930	19,763	3,921	35,191	11,912	1,277	2,136	
Palau												3		
Palestine, State of							0	0	0	0	1	3		
Papua New Guinea	542	173	45	37							85	14		
Paraguay	0	0	0	0	0	0	0	0	0	0	0	0	0	
Peru	1,036	70	74	1	14	213	280	53	166	5	43	4		
Philippines	187	1,414	1,757	547	8	95	0	6	0	1	0	1	1	
Poland	928	604	73	610	702	301	605	1,024	217	602	345	108	225	
Portugal	3,522	8,064	4,799	1,932	2,138	5,395	1,915	1,795	178	948	552	554	1,188	
Qatar	0	0	0	0	60	40	22	42	39	0	47	23	334	
Republic of Moldova	0	0	0	0	0	2	0	1	0	0	1	5	1	
Romania	9	57	156	753	1	4	0	1	66	0	0	1	2	
Russian Federation	1	30	0	4,109	3,100	3	3	3	15	2	3	4	38	
Rwanda	5	31	154	328	2	7	10	9	194	153	74	124	55	
Saint Kitts and Nevis	0	0	0	22	81	21	6	52	12	3	0			
Saint Lucia	3	0	0	3	0	2	0	14						
Saint Vincent and the Grenadines	0	1	0	0	0	0	1	40	0	2	5	7		
Samoa	0	0	0	0	9	0	0	0	0	0	0	0	0	
Saudi Arabia	68	2	16	0	19	2	65	0	0	530	0	2,763		
Senegal	3	11	18	132	11	33	215	609	1,921	364	4,220	780	746	
Serbia					19	37	21	116	134	154	16	10	205	
Serbia and Montenegro	222	573		32										
Singapore	4	167	0	0	0	0	0	0	0	0	113	318	206	
Slovakia	4	4	4	22	3	13	6	44	13	71	27	32	172	
Slovenia	62	595	1,444	1,987	1,643	636	1,746	338	13	129	31	8	21	
Solomon Islands								0	28	0	9			
South Africa	1,559	847	846	1,740	806	718	575	720	128	145	568	1,675	524	
Spain	6,067	9,353	5,353	3,619	1,408	3,104	3,462	2,929	1,575	2,927	1,759	1,401	1,869	
Sri Lanka	0	21	43	8	0	3	37	15	1	50	163	54		
Sudan (North + South)	12	2,199	0	80	5	1		1,198	933	87	63			
Suriname	0			68	33	40	0		33	59	33			
Sweden	45	64	127	32	8	14	24	53	163	129	125	77	197	
Switzerland	549	804	815	943	206	2,671	596	418	1,192	227	274	792	203	
Syrian Arab Republic	0	0	0	0	143	899	778	469	648	702				
Taipei, Chinese	7,501	9,102	11,111	14,313	21,051	20,918	9,623	3,162	1,772	2,315	2,340	1,754	6,434	
Tanzania, United Republic of	4	64	118	39	32	29	6	7	222	20	118	13	1,149	
Thailand	32,054	26,179	33,282	25,072	27,427	29,925	27,797	26,994	12,917	13,408	30,148	6,949	28,436	
Timor-Leste				0	0									
Togo	5	12	169	16	52		57	71	607	164	87	88	1,015	
Tonga	0	0	0					247	0	6	77	203		
Trinidad and Tobago	0	0	12	6	7	3	0	24	5	4				
Tunisia	1,284	3,577	5,335	2,530	2,056	2,019	1,311	2,442	6	23	37	825	942	
Turkey	4	0	42	397	2,887	1,332	2,174	803	898	1,397	2,841	2,095	454	
Uganda	73	17	41	47	103	24	10	10	42	109	54	10	49	
Ukraine	76	0	0	0	0	108	19	0	6	8	26	84	45	
United Arab Emirates					499		1,066	3,145						
United Kingdom	4,588	2,609	2,167	1,785	843	1,732	1,133	1,300	667	787	285	406	391	
United States of America	6,412	2,746	2,645	3,870	3,719	8,106	9,929	5,269	3,820	6,398	4,182	3,750	3,766	
Uruguay	0	0	0	0	0	1	0	0	0	0	0	0	1	
Vanuatu						0	0		25	114	68			
Venezuela	989	159	0	0	184	22		11	0	0	84	0	0	
Viet Nam	3,424	3,836	5,629	7,279	12,611	17,478	16,290	13,944	13,941	23,773	24,260	18,566		
Yemen				0	0	0	0	4	73	1	0	0		
Zambia	74	22	57	19	2	2	8	8	104	12	0	0	28	
Zimbabwe	62	5		242	30	31	4	1	11	7	1	0	1	
