List of importing markets for a product exported by Kenya (Mirror) Product: TOTAL All products
"Importers"	"Exported value in 2001"	"Exported value in 2002"	"Exported value in 2003"	"Exported value in 2004"	"Exported value in 2005"	"Exported value in 2006"	"Exported value in 2007"	"Exported value in 2008"	"Exported value in 2009"	"Exported value in 2010"	"Exported value in 2011"	"Exported value in 2012"	"Exported value in 2013"	
Total	1,766,932	1,964,052	2,353,045	2,753,803	3,102,564	3,217,558	3,541,236	4,880,614	4,028,747	4,287,907	5,237,903	5,259,174	5,201,225	
Afghanistan								16,588	4,856	21,807	60,521	0		
Albania	14	935	2,238	241	16	0	0	0	16	24	4	22	24	
Algeria	2,275	2,371	7	135	148	40	16	57	50	93	115	161	320	
Andorra	128	0	8	5										
Antigua and Barbuda					1		0		0	0	0	0	0	
Argentina	442	222	151	178	205	278	406	487	351	184	464	84	302	
Armenia	0	0	0	0	0	3	6	113	1,719	4,170	80	61	2,761	
Australia	10,672	12,203	13,245	10,610	11,390	12,385	12,697	8,978	9,132	16,342	13,490	15,042	28,494	
Austria	3,741	2,992	7,265	4,843	3,688	6,244	14,261	23,274	1,005	902	1,267	908	812	
Azerbaijan	1	0	0	130	94	192	264	291	455	756	678	49		
Bahamas	0	0	0	0	0	0	0	0	0	0	0	39		
Bahrain	947	878	1,642	1,069	1,276	836	1,041	1,439	982	1,515	2,371			
Bangladesh	508	384	377	732	2,187	623	834							
Barbados	2	2	53	115	16	15	226	8	17	7	7	1	1	
Belarus	2	28	20	91	21	208	393	610	725	895	1,478	952	1,120	
Belgium	37,507	31,722	33,077	32,191	35,760	50,135	80,338	74,967	64,228	57,576	58,735	54,040	57,851	
Belize	0	0	0	0	0	0	0	0	0	0	0	0	0	
Benin	10	40	31	25	101	101	555	128	68	92	305	110	78	
Bermuda												2	7	
Bhutan					0	0	0	39	0	8	0			
Bolivia	15	0	1	4	13	0	5	6	1	13	21	36		
Bosnia and Herzegovina			0	2	14	17	11	62	153	135	325	239	279	
Botswana	340	815	1,802	977	736	1,580	477	976	1,745	1,036	1,632	1,200	1,975	
Brazil	638	144	26	11	200	633	3,416	5,256	1,764	879	777	1,359	1,332	
Brunei Darussalam	2	22	0	94		0				2	2	0	3	
Bulgaria	10	23	75	117	170	245	544	413	902	2,434	3,228	539	1,195	
Burkina Faso	69	1,592	683	1,095	711		79	25	226	504	701	364		
Burundi	9,406	15,665	23,384	25,668	31,571	30,937	33,533	27,605	32,052	29,502	45,702	46,504	59,362	
Cabo Verde	0	72	0	0	0	0	121		0	0	5	0	1	
Cambodia	0	1	168	0	26	10	11	45	26	11	65	45		
Cameroon	294	113	198	435	500	385	342	294	208	127	118	313		
Canada	6,904	7,936	9,623	11,609	13,219	12,924	15,627	14,409	14,968	17,576	22,700	21,161	21,962	
Central African Republic	74	2	0			0	1,139	210	371	1,209	34	125	287	
Chile	490	348	1,459	484	1,022	1,896	795	1,282	1,114	1,933	1,504	2,850	1,720	
China	5,878	5,798	8,736	16,969	17,652	24,416	28,112	34,723	29,662	39,208	59,691	52,408	52,870	
Colombia	117	107	1,573	9,938	96	268	0	161	1,124	1,358	1,126	1,245	1,212	
Comoros	1,949	996	2,068	3,087	1,371	314	489	701	2,080					
Congo							16	194	219	216	4,248	1,330	1,055	
Costa Rica	53	37	46	97	18	39	20	26	80	48	237	62	122	
Côte d'Ivoire	1,122	1,175	1,486	1,965	1,010	1,500	1,647	1,174	993	609	1,975	2,411		
Croatia	36	90	192	175	336	374	559	1,028	1,090	547	973	693	52	
Cuba	599	49	3	0	462	129								
Cyprus	603	420	448	327	723	1,295	1,726	1,115	1,707	3,341	4,537	2,605	2,208	
Czech Republic	859	712	1,026	1,057	1,523	2,154	3,209	4,516	5,108	4,653	6,898	4,738	4,438	
Denmark	4,164	3,473	4,131	4,167	3,257	4,911	6,829	4,509	2,249	1,587	3,570	3,862	4,097	
Djibouti									1,796					
Dominica	0	0	0	0	0	2	2	3	0	2	1	0		
Dominican Republic	265	2	0	52	0	2	6	37	248	193	138	25	27	
Ecuador	92	75	8	780	1,126	6	11	12	20	565	826	607	567	
Egypt	95,119	138,659	60,421	2,436	3,953	2,071	12,642	201,332	207,649	206,296	336,759	320,558	270,739	
El Salvador	38	38	25	398	237	0	0	138	15	0	6	97	75	
Eritrea			8,065											
Estonia	176	293	207	171	78	167	217	297	876	587	210	1,528	572	
Ethiopia	15,100	17,416	23,087	18,685	27,296	63,544	35,808	30,494	31,823	32,843	35,050	40,579		
Faroe Islands	6	3	6	6	12	13	40	37	52					
Fiji		3	20	35	78	54	73	165	26	88	31	67		
Finland	7,624	6,768	10,826	10,122	19,722	14,800	17,925	22,637	25,236	27,970	23,287	20,752	15,024	
France	68,357	63,510	80,876	104,705	114,463	115,784	98,626	122,793	93,421	100,511	120,158	99,533	108,801	
French Polynesia	11	5	9	0	0	19	0	4	1	5	5	11	10	
Gabon	1	0	133	46	1	62	340	106	279					
Gambia	1	0	4	13	5	239	40	45	64	27	74			
Georgia	3	92	0	0	125	0	0	1	0	80	67	300	83	
Germany	91,764	84,077	93,477	104,063	112,283	117,266	136,210	183,093	148,537	124,452	177,743	145,778	152,591	
Ghana	647		1,369		2,585	2,300	2,808	2,884	1,552	3,912	5,943	5,864		
Greece	4,151	5,419	5,671	5,266	4,814	2,611	5,341	4,303	2,893	4,400	2,968	2,940	3,406	
Greenland	0	0	18	0	0	17	0	2	2	1	15	8	8	
Guatemala	0	0	0	2	117	227	64	9	15	2	305	26	641	
Guinea	8	567		1,507	250	165	59	864		397	727	199		
Guyana	0	1	0	113	1	0	3	0	123	14	22	45	111	
Honduras	0	27	839	975	2,294	284	622	203	8	15	1	7	3	
Hong Kong, China	43,635	31,862	39,559	48,546	37,780	42,506	41,371	52,912	44,437	53,298	60,953	81,343		
Hungary	720	492	701	161	112	269	678	201	623	41	45	479	798	
Iceland	60	130	196	206	376	321	396	374	266	279	453	467	717	
India	27,727	34,894	36,273	48,642	49,235	53,141	78,405	82,134	77,305	109,178	130,385	103,311	120,824	
Indonesia	6,709	6,764	8,006	7,603	9,872	8,293	8,929	12,347	10,576	22,846	20,622	15,846	13,964	
Iran (Islamic Republic of)	2,256	0	0	627	3,684	2,670				3,812	6,885			
Ireland	12,844	13,237	14,530	15,658	15,537	20,659	18,595	16,169	16,550	18,106	20,919	22,350	23,087	
Israel	25,284	20,010	21,257	14,968	20,585	18,092	21,965	23,531	24,205	18,966	18,733	22,268	17,050	
Italy	44,727	40,686	42,042	60,048	69,104	68,562	89,403	75,912	41,016	58,110	115,841	107,439	89,978	
Jamaica	0	198	208	0	361	1	0	0	6	0	0	15		
Japan	24,231	27,762	24,474	36,262	31,817	28,955	29,429	38,107	43,350	40,205	45,306	46,885	46,108	
Jordan	1,085	1,528	1,256	681		1,478	2,098	2,124	2,856	2,002	1,606	2,672	2,577	
Kazakhstan	1	640	4,511	15,898	14,950	19,133	29,978	40,746	37,213	47,128	48,509	57,169	73,485	
Korea, Republic of	787	1,941	1,725	2,428	4,360	5,115	7,793	5,739	5,573	9,237	17,604	27,809	29,173	
Kuwait	1,186	1,367	2,627	1,530		1,098	2,815	459						
Kyrgyzstan	0	0	0	50	192	402	1,065	977	661	998	762	1,346		
Latvia	8	1	3	1	0	165	116	226	30	1	24	28	59	
Lebanon	964	1,269	1,270	1,258	1,195	605	994	1,295	1,548	2,076	2,439	2,144	1,855	
Lesotho	0	9	0					0	0	58				
Libya							0	0	0	21				
Lithuania	27	128	164	9	6	2	3	3	25	9	25	228	121	
Luxembourg	0	329	2,257	2,985	4,117	4,522	343	517	393	382	542	740	805	
Macao, China	41	101	47	237	344	354	293	262	117	129		334		
Macedonia, The Former Yugoslav Republic of	58	25	0	8	7	9	9		65	99	66	38	84	
Madagascar	8,911	5,196	9,005	6,843	5,208	10,988	7,757	6,677	10,109	10,082	5,915	4,886	3,456	
Malawi	5,327	9,147	12,043	17,978	18,865	25,661	31,350	54,915	39,838	49,398	60,271	54,877	40,400	
Malaysia	7,561	6,560	6,245	5,197	6,731	12,106	12,491	11,057	23,898	5,879	6,103	4,324	5,263	
Maldives	0	0	3	4	8	8	0	62	76	9	41	56	130	
Mali	1,295	594	1,805	1,652	256	747	586	160		1,649	227	145		
Malta	456	165	283	43	421	2,677	2,235	1,567	1,692	664	566	368	236	
Mauritania	0	0	0	0	15		55	152	52	47	40	45		
Mauritius	3,046	2,522	3,680	5,503	9,583	13,245	12,938	36,574	34,318	43,120	45,069	55,753	44,814	
Mayotte	2,074	2,687	3,062	4,273	1,828	2,742	1,628	1,475	321					
Mexico	5,722	3,548	2,910	3,095	3,370	3,422	9,468	2,476	741	2,538	1,956	1,520	2,359	
Mongolia	0		0	0	0	7	0						59	
Montenegro						1	5	0	2	34	133	145	172	
Morocco	282	440	993	1,055	1,136	1,252	2,103	2,366	2,675	2,587	4,484	5,780	5,776	
Mozambique	819	1,030	1,130	3,008	3,014	3,052	3,171	2,956	5,094	6,820	2,817	2,898	2,962	
Myanmar										22				
Namibia	140	188	110	784	158	201	797	1,210	1,107	420	433	936	304	
Nepal			67						169	104	52			
Netherland Antilles					41	21	32	1						
Netherlands	155,557	177,178	227,111	275,381	301,911	347,756	416,097	495,153	485,332	480,597	566,350	530,106	529,056	
New Caledonia	21	14	6	16	175	4	16	50	10	14	14	55	6	
New Zealand	1,086	1,559	1,341	1,391	1,825	1,867	2,471	2,169	2,498	2,492	2,166	2,007	3,706	
Nicaragua	0	6	0	0	0	1	3	0	1	2	293	12	4	
Niger	31	8	21	36	13	39	120	47	107	204	475	150	195	
Nigeria	7,933	11,699	14,530			25,529	31,863	10,315	0	0	0	673		
Norway	4,442	5,932	7,296	8,867	12,438	10,890	11,970	30,375	34,404	39,703	53,397	52,527	52,974	
Oman	444	580	2,125	698	1,999	811	1,150	5,358	3,700	5,861	7,980	10,667	10,887	
Pakistan			142,411	151,369	181,039	158,166	143,234	151,596	148,582	216,203	237,805	234,963	258,112	
Palestine, State of							20	69	77	59	259	360		
Panama	0	0	0		0	0	11	24	35	291	59			
Papua New Guinea	0	10	0	22							9	88		
Paraguay	0	0	0	2	0	0	0	7	0	0	7	4	11	
Peru	12	1	0	9	2	4	2	21	104	105	167	40		
Philippines	2,163	1,625	4,302	1,902	3,701	1,066	1,860	2,958	5,490	1,991	3,502	960	2,153	
Poland	9,282	8,120	9,011	12,692	14,638	16,860	14,800	18,120	18,393	20,780	32,058	18,216	23,289	
Portugal	4,877	2,345	3,952	10,766	3,507	7,758	9,038	11,088	5,716	5,575	6,515	5,123	5,800	
Qatar	419	376	461	827	3,587	1,685	2,534	4,411	3,576	5,487	5,283	4,893	5,016	
Republic of Moldova	0	0	2	6	16	23	24	286	518	58	99	64	42	
Romania	171	437	1,009	1,792	1,954	2,735	2,225	2,171	2,889	2,226	3,896	3,699	2,849	
Russian Federation	2,931	9,965	15,513	19,265	25,715	30,045	44,571	64,274	67,314	85,183	127,984	133,358	134,567	
Rwanda	26,956	30,678	29,815	38,844	50,823	69,348	85,502	128,370	123,901	144,264	118,126	134,252	119,481	
Saint Kitts and Nevis	2	0	2	0	3	2	9	2	0	18	0			
Saint Lucia	0	0	0	3	0	0	4	1						
Saint Vincent and the Grenadines	0	0	0	0	0	0	0	0	0	6	5	0		
Saudi Arabia	5,850	4,981	5,018	10,944	8,261	9,567	10,656	22,238	16,917	20,721	29,097	34,509		
Senegal	227	499	848	1,038	1,145	808	1,538	536	238	145	8,594	518	1,540	
Serbia					4	93	104	75	214	397	578	571	674	
Serbia and Montenegro	4	44		114										
Seychelles	3,117	4,919	4,753		4,671	4,545		3,875						
Sierra Leone		8												
Singapore	20,104	10,897	6,355	7,184	10,023	10,805	9,755	40,730	21,202	55,203	28,468	9,509	12,080	
Slovakia	301	328	356	386	484	472	632	650	1,006	496	647	830	472	
Slovenia	229	231	414	331	176	383	529	157	175	169	600	320	292	
South Africa	10,490	10,244	13,807	50,769	31,612	24,154	29,267	36,745	31,868	26,168	24,336	29,275	25,193	
Spain	12,879	16,305	19,427	28,641	26,776	32,295	36,829	54,696	32,772	36,720	39,903	35,035	26,806	
Sri Lanka	2,284	1,638	3,472	5,114	6,899	6,967	8,018	11,167	7,210	10,396	13,140	3,979		
Sudan (North + South)	32,469	32,815	36,078	45,501	43,343	42,661		254,545	63,698	72,426	67,702			
Suriname	0			285	133	0	0		0	0	0			
Swaziland	311	479	1,217	121	1,479	0	768							
Sweden	7,382	8,856	13,846	15,310	20,341	19,439	27,176	29,730	33,428	45,187	47,337	55,746	33,064	
Switzerland	10,518	13,447	16,644	18,819	25,841	26,188	30,551	22,226	20,702	28,091	36,532	43,341	37,789	
Syrian Arab Republic	0	0	372	475	536	635	804	644	930	903				
Taipei, Chinese	326	652	370	910	663	2,151	4,121	5,211	14,386	4,775	5,206	4,423	7,128	
Tanzania, United Republic of	95,880	96,248	117,112	131,565	174,361	217,811	103,574	430,722	304,456	275,287	339,343	564,243	335,595	
Thailand	10,378	7,267	11,233	8,750	16,457	14,451	14,301	32,629	10,661	14,351	15,951	20,629	18,322	
Timor-Leste				0	0									
Togo	1	5	4	15	12		211	68	297	82	239	200	136	
Trinidad and Tobago	0	79	89	170	0	78	269	10	7	5				
Tunisia	2,673	82	111	123	94	136	1,910	113	648	102	816	701	2,171	
Turkey	3,035	2,027	1,992	1,600	1,722	3,990	12,328	12,575	5,813	13,378	14,749	17,877	14,960	
Uganda	281,486	312,871	357,327	399,198	520,686	400,965	472,448	511,333	502,659	511,531	644,575	590,165	562,819	
Ukraine	35	632	406	213	582	795	1,688	2,797	4,432	6,865	8,066	9,436	11,331	
United Arab Emirates					52,769		119,743	194,783						
United Kingdom	303,539	335,959	348,422	390,228	391,835	446,938	501,635	554,113	525,901	505,050	530,427	470,926	430,132	
United States of America	136,902	202,072	266,248	374,263	368,164	374,701	342,450	360,293	292,757	325,064	396,947	404,574	464,999	
Uruguay	1	2	1	1	7	1	2	13	6	145	1	41	89	
Vanuatu						2	0		0	0	0			
Venezuela	849	511	21	416	111	193		21	26	3	3	5	34	
Viet Nam	825	1,716	1,380	3,182	0	2,489	1,834	3,412	2,308	1,945	4,671	3,742		
Yemen				12,844	13,902	12,850	18,366	14,735	16,014	20,930	33,571	34,666		
Zambia	5,283	11,284	24,069	34,168	37,465	56,427	78,402	80,387	77,998	64,608	130,336	287,525	719,158	
Zimbabwe	2,010	12,649		1,978	5,423	2,777	3,928	1,669	14,382	11,632	25,873	25,043	23,079	
