List of importing markets for a product exported by Oman (Mirror) Product: TOTAL All products
"Importers"	"Exported value in 2001"	"Exported value in 2002"	"Exported value in 2003"	"Exported value in 2004"	"Exported value in 2005"	"Exported value in 2006"	"Exported value in 2007"	"Exported value in 2008"	"Exported value in 2009"	"Exported value in 2010"	"Exported value in 2011"	"Exported value in 2012"	"Exported value in 2013"	
Total	9,961,194	9,372,455	10,581,530	12,321,694	16,704,084	21,781,995	22,156,188	33,762,453	22,777,190	30,730,455	43,091,876	47,417,271	47,793,980	
Albania	0	0	0	0	0	0	0	0	4	0	14	65	384	
Algeria	896	1,508	1,304	2,152	1,269	1,062	1,902	7,429	4,596	12,220	43,476	40,580	47,629	
Andorra	0	2	0	0										
Argentina	2	38	181	4	0	228	0	3	84	5,104	24,295	654	1,437	
Armenia	59	0	1	0	0	81	48	292	24	222	380	242	1,086	
Australia	743	1,294	6,477	1,470	1,630	2,348	2,851	11,718	77,041	31,476	63,887	23,881	76,149	
Austria	64	150	1,823	637	591	356	537	671	2,832	964	8,251	3,923	7,908	
Azerbaijan	117	978	208	94	152	482	180	3,346	228	36	153	164		
Bahrain	12,765	20,484	19,804	17,089	21,225	23,364	31,740	52,889	37,507	39,787	41,589			
Bangladesh	563	797	790	998	1,772	2,019	14,474							
Barbados	2	0	4	13	229	57	38	0	30	17	0	0	1	
Belarus	111	0	0	0	0	0	12	551	1,984	2,012	3,249	2,386	2,530	
Belgium	2,667	17,912	6,874	12,167	22,094	6,136	4,875	30,365	21,119	56,193	78,945	87,651	120,072	
Benin	0	0	109	12	0	0	0	0	0	0	244	45	206	
Bolivia	1	0	0	0	0	0	43	103	1	575	180	0		
Bosnia and Herzegovina			0	0	0	26	39	0	238	204	598	6	129	
Botswana	0	0	0	21	0	9	3	0	136	319	211	632	527	
Brazil	21	19	3	13	328	734	5,431	7	516	12,174	42,210	3,800	64,757	
Brunei Darussalam	272	89	95	178		119				203	1,660	467	596	
Bulgaria	0	0	0	33	12	2	5	17	4,058	11,131	6,134	13,451	13,184	
Burkina Faso	0	0	0	10	0		0	0	0	124	9	0		
Burundi	27	13	1	2	10	152	98	5	59	7	829	2,747	3,104	
Cabo Verde	17	12	0	0	0	0	0		0	0	109	0	0	
Cambodia	0	147	30	96	50	63	92	170	141	5	0	128		
Cameroon	1	15	374	759	1,385	197	118	3,488	232	624	1,810	1,260		
Canada	1,740	1,908	5,007	5,605	3,847	5,408	3,088	4,223	5,440	20,162	19,462	30,722	7,719	
Chile	330	281	407	116	82	122	75	51	110	439	14,024	803	369	
China	1,609,582	1,446,471	1,985,754	4,278,487	4,138,913	6,129,474	6,722,949	11,626,847	5,409,904	9,779,204	14,876,688	16,974,957	21,003,803	
Colombia	2	63	46	27	13	341	8	110	38	108	100	8	1,161	
Comoros	3	5	44	17	31	0	0	73	317					
Congo							34	37	43	43	50	162	4,151	
Costa Rica	0	0	0	0	45	18	17	2	18	254	135	59	2	
Côte d'Ivoire	86	97	99	352	312	910	1,628	718	2,118	940	1,520	3,175		
Croatia	32	108	1	562	263	560	163	605	909	343	727	906	129	
Cyprus	429	417	1,266	2,355	2,186	1,631	2,716	3,250	2,359	3,606	2,484	1,404	890	
Czech Republic	6	34	14	249	19	76	275	672	9,609	10,821	25,824	20,443	16,404	
Denmark	695	284	277	658	864	384	305	24,867	384	833	1,993	4,447	6,945	
Djibouti									5,917					
Dominica	0	0	0	0	0	0	3	0	0	0	0	0		
Dominican Republic	493	0	0	0	29	97	64	8	78	0	51	0	20	
Ecuador	0	0	8	49	4	27	105	67	197	88	69	9	44	
Egypt	4,404	3,147	1,731	1,497	1,075	988	2,778	24,503	52,511	64,786	106,094	135,350	182,386	
El Salvador	0	0	0	0	0	0	139	193	1	67	144	228	71	
Eritrea			441											
Estonia	1	0	3	5	4	0	22	0	0	59	7,345	3,506	374	
Ethiopia	1,667	1,710	3,891	2,382	2,804	4,748	20,667	6,447	7,706	9,579	27,651	7,759		
Faroe Islands	0	0	0	0	0	0	0	0	1					
Fiji		57	99	76	68	180	22	0	0	0	40	602		
Finland	27	6	60	144	15	50	25	70	756	3,257	5,945	2,334	337	
France	5,044	62,289	13,024	35,166	29,308	23,036	28,474	120,017	41,500	60,489	101,969	37,631	256,945	
French Polynesia	0	7	1	4	50	8	19	0	0	0	0	19	31	
Gabon	6	0	0	36	3	26	50	39	273					
Gambia	0	0	0	0	0	0	0	0	0	12	20			
Georgia	3	280	367	404	525	380	590	3,517	1,673	1,567	615	106	78	
Germany	6,445	6,482	9,884	14,490	17,273	32,215	30,987	19,584	22,916	24,132	52,489	66,835	65,918	
Ghana	9		81		559	753	550	449	113	11,436	3,149	19,120		
Greece	3,900	4,289	11,392	7,064	7,361	6,709	6,035	5,714	3,902	5,667	6,435	3,643	122,601	
Greenland	0	0	0	0	0	0	0	0	8	7	0	0	101	
Grenada	0	0	0	0	0	24	76	0						
Guatemala	13	0	0	0	4	2	0	27	95	1	43	46	305	
Guinea	0	31		21	19	0	0	9		0	323	612		
Guyana	0	0	0	0	0	0	37	12	0	0	1	2	0	
Hong Kong, China	26,055	29,824	27,578	36,098	30,956	53,042	77,192	78,161	91,742	155,200	217,924	195,720		
Hungary	9	11	18	34	78	308	68	239	778	4,117	5,767	16,276	16,434	
Iceland	0	0	0	0	0	0	0	0	0	0	0	0	7	
India	7,758	12,888	47,424	19,235	201,490	422,893	677,264	1,462,095	2,475,694	3,622,556	4,497,856	1,913,767	3,057,041	
Indonesia	919	2,488	2,673	703	345	12,508	4,992	13,372	63,217	203,404	464,400	226,185	252,952	
Iran (Islamic Republic of)	3,452	2,207	4,130	5,633	3,168	0				71,257	79,635			
Ireland	1,921	1,366	1,474	1,831	2,430	3,058	14,538	3,318	2,180	8,877	9,724	7,276	7,516	
Israel	0	0	0	2	3	1,362	1,422	3	0	0	0	0	9	
Italy	8,743	12,386	15,075	17,012	22,163	38,333	30,616	24,078	59,115	103,950	174,505	119,844	187,540	
Jamaica	0	0	0	0	0	0	0	0	0	0	0	0		
Japan	2,359,897	2,098,508	2,537,242	1,626,879	2,733,456	2,673,570	3,583,852	5,583,074	3,294,385	4,532,165	5,145,081	6,862,728	5,631,042	
Jordan	10,329	8,605	7,957	9,244		14,415	15,926	20,664	19,281	20,726	74,938	33,863	30,964	
Kazakhstan	1,256	1,702	2,392	1,805	3,607	8,106	12,986	15,447	16,831	22,439	13,477	17,078	4,017	
Kenya	517	6,195	695	1,180	2,499	2,399	6,707	7,042	59,317	19,033	122,882			
Kiribati					0		0	0	0	0	0	1		
Korea, Republic of	2,310,922	1,895,871	2,322,849	2,474,980	3,705,112	5,128,708	3,813,862	5,694,692	4,124,492	4,095,900	5,362,787	5,305,683	4,783,308	
Kuwait	25,517	28,051	40,200	46,339		72,104	89,753	101,028						
Kyrgyzstan	0	0	6	0	0	0	0	0	1,008	1	0	58		
Latvia	0	1	2	4	64	469	458	52	0	0	0	0	28	
Lebanon	4,757	2,884	3,375	5,787	21,003	22,674	5,873	7,126	9,448	10,653	11,977	14,477	22,431	
Lesotho	0	6	67					0	0	0				
Libya							2,999	4,277	2,652	2,956				
Lithuania	0	2	1	45	76	0	0	0	792	0	1,485	847	732	
Luxembourg	4	1	1	1	0	0	21	0	40	0	0	0	3	
Macao, China	0	1	0	9	2	9	8	33	38	0		0		
Macedonia, The Former Yugoslav Republic of	5	0	3	2	391	50	0		8	2	52	73	82	
Madagascar	18	17	101	299	565	60	620	701	154	4,488	7,356	25,874	534	
Malawi	0	0	0	0	1	20	922	110	41	748	0	2,570	6,377	
Malaysia	358,894	284,423	466,420	397,389	509,479	884,672	468,052	865,239	155,839	85,440	502,456	296,854	281,521	
Maldives	674	349	495	504	307	1,585	346	4,904	582	2,088	4,664	4,037	8,152	
Mali	6	0	0	9	63	45	6	20		0	19	2,668		
Malta	118	62	132	328	473	658	1,204	7,711	921	1,195	508	400	260	
Mauritania	0	0	0	0	0		23	16	21	16	108	82		
Mauritius	932	1,318	419	1,747	1,181	9,850	1,088	1,873	2,052	2,885	1,903	2,376	2,050	
Mayotte	0	1	0	0	1	4	0	2,385	48					
Mexico	216	1,101	815	1,114	1,635	1,770	1,390	551	881	1,116	15,924	16,311	10,251	
Mongolia	0		0	0	0	0	0						4	
Montenegro						52	0	0	15	31	0	3	10	
Morocco	227	384	1,280	1,783	2,615	2,222	3,601	4,608	6,929	11,572	18,981	36,865	20,759	
Mozambique	19	22	9	15	90	638	1,714	2,446	1,950	669	5,660	7,725	2,200	
Myanmar										7,416				
Namibia	0	0	0	0	0	0	0	0	0	0	0	32	1,809	
Nepal			441						2,076	386	1,623			
Netherland Antilles					3	3	12	366						
Netherlands	6,031	38,523	5,191	4,799	16,100	7,352	61,969	261,831	30,314	112,681	7,842	9,264	45,584	
New Caledonia	0	1	0	0	2	0	0	0	0	0	1	508	235	
New Zealand	129,035	161,013	156,487	127,816	106,631	86,683	173	250	31,916	147,260	173,552	951,262	330,531	
Nicaragua	0	0	0	1	1	0	8	0	0	0	0	0	0	
Niger	0	0	0	0	0	0	0	10	2	0	0	266	17	
Nigeria	238	911	2,633			767	6,982	10,170	6,390	10,491	15,478	9,269		
Norway	67	52	35	156	1,324	997	73	374	319	1,363	243	2,386	582	
Pakistan			7,552	31,028	36,134	82,609	100,182	100,515	267,691	155,857	252,488	727,142	1,124,790	
Palestine, State of							202	256	764	1,908	1,810	979		
Panama	0	0	0		0	0	0	33	0	0	0			
Papua New Guinea	0	0	0	179							243	1,385		
Paraguay	0	0	0	0	0	0	0	0	24	83	149	72	111	
Peru	8	14	15	63	73	53	2	187	15	93	0	177		
Philippines	257,245	220,887	26,538	379	712	215	150	2,315	83,567	52,718	4,445	17,836	46,327	
Poland	548	479	451	1,679	2,254	1,842	4,061	5,713	4,162	8,068	18,163	9,832	10,800	
Portugal	750	1,106	1,382	2,511	11,061	850	587	1,710	1,600	13,193	12,754	1,645	8,020	
Qatar	19,795	25,230	28,440	44,276	77,242	120,947	219,219	281,195	278,381	234,650	165,929	167,170	336,178	
Republic of Moldova	0	0	0	0	0	0	0	19	0	0	19	1	0	
Romania	2,296	1,390	462	202	325	753	2,270	29,857	30,790	26,942	38,451	36,424	32,100	
Russian Federation	823	503	758	465	1,548	1,363	481	5,927	3,810	428	529	1,058	2,623	
Rwanda	840	364	155	116	101	245	66	612	533	200	832	1,341	39	
Saint Kitts and Nevis	0	0	0	0	0	0	0	0	0	0	2			
Samoa	0	0	2	2	0	0	0	0	0	0	0	41	0	
Saudi Arabia	135,982	118,685	152,250	161,105	242,884	231,036	292,718	469,998	387,608	462,494	894,345	1,454,286		
Senegal	298	507	314	525	516	2,105	2,990	2,307	995	507	7,620	10,048	5,830	
Serbia					1,440	1,020	3,565	3,760	1,660	3,438	694	721	2,054	
Serbia and Montenegro	1,241	344		341										
Seychelles	0	319	12		1,001	268		1,050						
Sierra Leone		578												
Singapore	556,559	446,238	201,391	193,017	247,293	228,239	258,047	488,933	578,647	813,093	1,288,565	2,349,305	1,817,623	
Slovakia	58	86	38	1,461	0	0	131	3	246	100	82	40	20	
Slovenia	1	13	19	6	6	16,201	80	457	452	3,449	684	7,832	1,633	
South Africa	25,455	1,750	1,693	3,739	124,466	202,488	416,533	150,574	117,100	63,254	708,656	138,302	324,648	
Spain	104,490	141,774	62,865	134,275	295,121	177,671	109,298	102,721	356,828	61,934	270,462	100,557	202,313	
Sri Lanka	3,552	2,288	3,296	2,992	3,584	6,684	61,386	10,038	9,683	90,139	223,135	349,262		
Sudan (North + South)	1,661	5,527	6,651	6,973	11,083	30,758		5,904	35,829	19,835	51,812			
Suriname	4			0	0	0	0		0	0	0			
Sweden	312	2,715	1,614	2,374	4,068	2,240	960	619	1,145	3,208	1,045	3,825	1,805	
Switzerland	2,092	6,753	16,786	1,720	945	16,243	1,475	2,073	31,389	2,033	2,812	6,593	8,274	
Syrian Arab Republic	7,157	6,138	10,800	7,652	10,893	9,224	23,177	15,331	18,991	17,800				
Taipei, Chinese	132,460	518,840	108,497	475,833	782,999	1,024,519	830,505	1,190,106	1,070,042	1,732,591	1,266,751	4,228,686	3,532,212	
Tanzania, United Republic of	4,195	4,408	4,319	6,178	8,821	6,803	21,492	8,036	11,929	15,349	49,882	125,856	93,115	
Thailand	1,270,062	1,201,403	1,401,854	1,460,468	2,412,930	2,787,384	2,593,820	2,608,582	2,074,885	2,407,851	2,615,329	2,345,446	2,150,213	
Togo	66	41	14	22	0		0	0	0	0	0	809	1,052	
Tonga	0	0	0					0	0	0	9	24		
Trinidad and Tobago	0	15	37	67	46	206	166	182	122	582				
Tunisia	1,789	867	1,643	5,963	4,863	4,561	3,340	2,940	2,695	2,495	12,914	10,460	4,806	
Turkey	224	72	1,293	1,387	3,871	2,113	24,334	10,611	16,584	39,464	56,558	52,850	150,394	
Uganda	405	90	287	648	255	231	1,676	5,743	26,102	11,816	70,412	42,505	9,458	
Ukraine	491	89	417	1,654	460	3	237	868	1,897	325	991	1,398	1,434	
United Arab Emirates					48,280		102,258	955,809						
United Kingdom	63,747	77,368	71,448	117,598	100,675	104,624	146,780	193,651	135,222	148,249	149,711	112,030	114,804	
United States of America	454,388	422,595	748,418	449,421	595,260	960,307	1,087,283	896,004	966,515	809,526	2,288,741	1,421,884	1,083,814	
Uruguay	0	0	14	0	0	0	0	0	0	0	0	1,204	1,701	
Vanuatu						28	24		16	8	8			
Venezuela	171	336	5	394	28	0		157	112	186	24	26	547	
Viet Nam	230	40	80	2,643	3,072	3,654	12,833	16,690	17,504	34,651	73,701	42,396		
Yemen				33,599	45,707	56,993	62,122	58,979	60,277	57,248	47,869	64,796		
Zambia	17	0	125	421	330	527	547	308	184	312	814	1,408	9,776	
Zimbabwe	1	5		21	0	0	84	249	0	0	5	21	1	
