List of importing markets for a product exported by Armenia (Mirror) Product: TOTAL All products
"Importers"	"Exported value in 2001"	"Exported value in 2002"	"Exported value in 2003"	"Exported value in 2004"	"Exported value in 2005"	"Exported value in 2006"	"Exported value in 2007"	"Exported value in 2008"	"Exported value in 2009"	"Exported value in 2010"	"Exported value in 2011"	"Exported value in 2012"	"Exported value in 2013"	
Total	243,162	389,418	575,255	549,578	796,021	892,811	1,084,723	949,011	602,240	845,558	1,142,595	1,188,624	1,194,269	
Afghanistan								0	0	0	48	0		
Albania	0	2	1	0	1	0	4	464	287	1	0	1	2	
Algeria	0	0	0	0	0	0	0	61	0	1	0	9	0	
Andorra	19	0	0	0										
Antigua and Barbuda					0		0		0	0	0	0	15	
Argentina	1	0	2	0	1	0	0	3	122	0	502	474	1	
Australia	459	471	89	313	73	140	1,148	702	608	544	1,171	202	539	
Austria	829	432	702	931	604	2,483	9,375	10,951	952	1,030	1,731	1,949	1,608	
Bahrain	0	0	0	0	2	0	0	0	0	12	0			
Bangladesh	0	0	0	3	0	5	0							
Barbados	0	0	0	0	0	16	3	0	16	1	6	19	0	
Belarus	1,692	2,108	2,283	2,061	2,135	4,120	3,472	4,580	5,095	5,114	5,536	6,681	8,487	
Belgium	34,536	83,132	116,622	107,031	109,817	105,007	95,600	84,695	40,162	65,161	74,524	97,544	126,015	
Belize	0	0	0	0	0	0	0	0	0	0	0	0	1	
Benin	0	0	0	0	0	1	1	3	37	54	71	26	101	
Bolivia	3	1	0	0	0	0	0	0	0	4	0	53		
Bosnia and Herzegovina			0	0	1	11	5	12	84	120	86	100	9	
Botswana	0	0	0	0	0	0	0	0	0	0	0	0	0	
Brazil	40	0	296	3	12	186	666	261	97	899	171	19	116	
Bulgaria	126	654	12,285	10,285	194	16,527	33,756	52,276	1,676	354	472	639	5,034	
Burundi	0	0	0	0	0	0	0	0	14	26	5	25	0	
Cameroon	0	0	0	0	0	0	0	11	0	0	116	0		
Canada	1,205	1,537	1,414	1,523	1,458	1,886	1,939	6,633	29,957	29,010	68,077	80,033	86,545	
Chile	36	387	406	0	0	0	18	12,594	3	3	13	199	83	
China	1,174	6,660	1,782	2,156	351	8,413	37,774	11,506	23,939	46,703	34,632	35,166	76,821	
Colombia	51	6	14	61	29	105	275	25	229	2,197	1,367	1,379	73	
Comoros	0	0	0	0	0	0	0	0	0					
Congo							0	10	0	0	0	0	0	
Costa Rica	0	0	0	0	0	10	74	54	0	1	9	1	1	
Côte d'Ivoire	0	0	0	0	0	0	0	39	0	66	8	0		
Croatia	0	0	9	15	40	219	334	262	582	1,461	1,459	1,449	152	
Cuba	7	0	0	0	0	56								
Cyprus	88	263	117	77	1,191	75	252	485	51	81	30	15	15	
Czech Republic	1	199	205	1,548	8,585	5,759	6,689	6,156	1,144	2,195	2,606	2,165	3,081	
Denmark	3	39	3	47	22	64	137	109	806	122	41	30	131	
Dominican Republic	0	0	0	0	5	0	0	121	127	1	30	3	2	
Ecuador	42	3	0	0	0	5	6	0	0	0	6	0	0	
Egypt	27	0	5	450	132	27	0	62	65	308	17	4	6	
El Salvador	1	0	6	0	0	0	0	0	0	0	0	0	0	
Eritrea			0											
Estonia	63	184	122	156	93	180	198	1,111	231	309	276	517	491	
Ethiopia	0	0	0	0	0	0	0	4	0	4	0	1		
Faroe Islands	0	0	0	0	0	0	1	0	0					
Fiji		0	0	0	38	0	102	0	0	0	0	0		
Finland	5	2	0	0	4,776	6,632	1	337	10	186	124	8	9	
France	662	962	1,644	2,418	2,134	2,482	3,739	8,831	6,983	9,399	22,068	12,260	16,328	
Gambia	0	0	0	0	0	0	0	0	0	0	3			
Georgia	10,030	9,301	11,198	26,043	39,360	40,091	59,557	71,529	41,346	45,548	59,086	70,405	181,931	
Germany	15,812	25,433	30,624	78,359	152,475	153,476	173,303	196,065	122,146	156,641	184,962	126,451	93,783	
Ghana	0		27		12	22	0	0	0	0	270	0		
Greece	1,660	1,031	1,078	813	1,050	527	2,431	463	214	113	95	86	62	
Guatemala	0	0	0	0	0	1	0	0	0	0	179	51	0	
Guinea	0	0		0	0	0	11	0		445	0	0		
Guyana	1,409	0	70	0	3	0	0	0	0	0	23	0	0	
Honduras	0	82	148	1,678	2,178	130	2,807	97	0	0	1	3	1	
Hong Kong, China	243	1,086	2,038	1,293	1,433	1,253	942	1,020	431	486	2,862	1,039		
Hungary	115	100	30	58	19	0	197	58	389	250	418	775	1,169	
Iceland	0	0	0	0	0	0	0	0	0	0	0	0	4	
India	603	183	201	1,095	1,814	75,845	3,075	3,716	2,335	6,406	6,913	1,671	677	
Indonesia	18	2	199	2	0	13	64	25	93	193	57	170	33	
Iran (Islamic Republic of)	38,194	43,225	29,175	41,089	30,874	0				42,441	32,603			
Ireland	0	5	119	17	6	115	8	9	10	2	5	23	24	
Israel	13,527	62,821	107,045	84,954	103,249	55,583	14,795	1,613	145	956	3,063	2,472	2,169	
Italy	6,709	7,038	10,384	15,730	15,075	19,857	20,488	17,613	7,896	13,420	20,304	16,936	26,616	
Jamaica	0	0	0	0	0	2	0	0	0	0	0	0		
Japan	1,028	2,750	2,077	583	1,219	376	4,946	584	2,049	3,431	2,231	1,729	3,380	
Jordan	43	0	0	0		0	0	2	5	8	5	0	0	
Kazakhstan	905	752	833	1,530	2,086	3,659	5,910	4,058	2,415	3,212	3,403	3,169	6,874	
Kenya	0	0	0	1	0	196	1	0	24	17	0			
Korea, Republic of	43	205	362	80	93	4,062	2,739	1,129	6,459	2,788	825	1,572	7,142	
Kuwait	0	22	31	6		20	6	105						
Kyrgyzstan	34	447	5	17	40	56	89	144	166	2,380	402	273		
Latvia	366	564	544	949	690	1,286	1,156	1,017	887	1,219	1,055	1,124	1,227	
Lebanon	149	191	203	120	151	87	38	122	89	37	155	282	384	
Lithuania	2,260	613	119	35	188	45	138	328	404	194	710	1,131	1,359	
Luxembourg	0	160	1,270	451	13	15	0	17	2	2	2	2	16	
Macao, China	7	54	50	0	1	97	0	33	110	1		13		
Macedonia, The Former Yugoslav Republic of	0	160	417	3	0	22	0		24	0	1	2	1	
Madagascar	0	0	0	0	0	0	0	0	0	0	0	0	0	
Malawi	0	0	0	0	0	0	0	1	121	9	0	0	0	
Malaysia	19	6	67	4	204	92	91	115	55	139	23	56	129	
Mali	48	0	0	20	0	3	0	58		0	19	30		
Malta	0	0	0	13	0	13	0	0	2	0	0	3	0	
Mauritania	0	0	0	0	0		0	0	0	137	7,526	0		
Mauritius	0	0	0	6	11	0	0	0	0	0	0	1	3	
Mexico	148	0	15	77	86	728	1,047	348	466	45	818	5,725	183	
Mongolia	0		0	13	0	0	24						62	
Montenegro						0	0	0	143	2	69	38	14	
Morocco	0	0	0	0	0	0	335	0	0	1	1	5	42	
Mozambique	0	0	0	32	0	25	25	161	137	12	82	21	544	
Namibia	7	21	89	0	0	472	0	7	0	0	0	1	0	
Nepal			0						0	0	0			
Netherlands	3,427	2,604	5,098	18,984	103,877	97,977	111,228	60,560	36,265	70,353	74,228	44,776	1,848	
New Caledonia	0	0	0	0	2	0	0	1	0	0	0	2	2	
New Zealand	42	19	9	2	7	20	187	78	10	34	38	32	58	
Nicaragua	0	0	0	0	0	1	5	0	0	0	1	0	0	
Niger	0	0	0	0	0	3	2	0	0	0	0	0	31	
Nigeria	0	0	0			4,841	9	0	0	0	0	10		
Norway	9	18	0	0	8	35	5	36	56	301	186	154	215	
Oman	973	2,815	4	0	0	0	0	0	0	0	0	0	0	
Pakistan			16	53	895	2,615	2,555	154	151	307	215	25	218	
Palestine, State of							0	0	0	0	17	0		
Panama	0	0	0		0	10	0	100	3	166	0			
Papua New Guinea	15	0	6	1							1	37		
Paraguay	0	0	0	0	0	0	0	0	0	0	3	2	0	
Peru	0	0	0	0	0	42	0	0	0	9	1	13		
Philippines	0	0	0	0	0	2	0	0	0	0	0	19	9	
Poland	0	0	544	970	10,177	10,339	8,341	12,171	2,889	3,854	1,071	595	2,384	
Portugal	17	0	2	3	0	0	1	0	241	0	3	15	10	
Qatar	73	29	3	0	0	0	0	0	0	0	132	1,162	301	
Republic of Moldova	47	145	195	216	193	439	335	512	831	941	249	447	492	
Romania	2,647	81	0	201	39	613	848	195	81	304	521	618	70	
Russian Federation	51,832	56,566	78,840	73,723	101,330	103,959	163,976	204,089	111,065	158,549	183,812	300,711	352,348	
Rwanda	0	0	0	0	6	0	3	61	0	0	3	0	0	
Saint Vincent and the Grenadines	0	0	0	0	0	0	11	0	0	0	0	0		
Samoa	1	2	1	0	1	0	5	0	0	0	0	0	0	
Sao Tome and Principe	0	0	0	0	0	0	0	0	0	0	0	0	0	
Saudi Arabia	193	264	401	202	344	16	1,078	340	847	84	357	0		
Senegal	0	0	7	185	174	115	33	235	124	109	428	294	288	
Serbia					3	3,165	43	462	301	785	5,527	272	123	
Serbia and Montenegro	2,646	2,051		3										
Seychelles	0	0	0		2	0		0						
Singapore	9	0	0	0	0	0	0	0	0	0	161	147	1,568	
Slovakia	12	0	0	379	312	142	728	2,881	431	107	219	407	216	
Slovenia	1	17	8	24	284	477	731	474	307	792	1,257	702	2,029	
South Africa	24	120	333	10	167	28	18	51	6	154	95	98	61	
Spain	322	934	1,976	10,823	24,163	13,143	18,198	18,846	12,910	24,595	87,728	50,944	35,923	
Sri Lanka	1	0	0	0	57	32	92	476	0	20	9	0		
Sudan (North + South)	0	0	0	0	0	0		0	32	237	14			
Sweden	27	117	48	104	196	198	236	672	915	1,132	885	8,258	708	
Switzerland	2,726	900	1,170	902	1,065	1,659	13,860	2,403	1,604	3,214	6,850	9,032	8,104	
Syrian Arab Republic	0	0	0	779	499	314	274	0	35	86				
Taipei, Chinese	180	1,827	2	209	254	28	67	471	15,097	10,128	237	169	1,758	
Tanzania, United Republic of	0	0	0	0	0	0	0	0	41	0	512	11	3	
Thailand	10	27	568	130	374	581	1,661	1,614	2,290	1,669	2,918	3,597	1,683	
Tonga	0	0	0					751	0	9	2	0		
Trinidad and Tobago	0	0	0	23	3	82	0	0	0	0				
Tunisia	0	0	0	0	0	0	0	7	0	0	1	1	1	
Turkey	0	0	0	0	392	41	57	1,489	1,052	2,626	133	222	399	
Uganda	0	7	0	30	0	0	0	0	0	6	0	25	0	
Ukraine	8,386	5,386	6,242	5,566	13,211	21,319	35,793	25,455	28,217	17,946	18,487	22,949	19,696	
United Arab Emirates					3,282		3,487	4,875						
United Kingdom	793	30,242	104,639	706	648	4,609	875	1,529	2,646	7,339	217	1,064	3,620	
United States of America	34,162	31,789	38,665	47,633	46,789	48,083	33,851	43,379	79,103	78,871	96,718	93,100	106,608	
Uruguay	0	0	0	0	0	0	8	0	5	0	5	4	0	
Venezuela	22	128	3	225	0	0		204	1	0	41	161	0	
Viet Nam	118	36	50	24	180	130	857	1,538	2,844	14,928	0	1,257		
Yemen				3,319	3,063	65,175	195,473	60,106	0	0	115,926	171,055		
Zambia	0	0	0	0	0	0	0	0	0	0	0	7	0	
Zimbabwe	0	0		0	0	0	0	1	0	1	14	0	0	
