List of importing markets for a product exported by South Africa (Mirror) Product: TOTAL All products
"Importers"	"Exported value in 2001"	"Exported value in 2002"	"Exported value in 2003"	"Exported value in 2004"	"Exported value in 2005"	"Exported value in 2006"	"Exported value in 2007"	"Exported value in 2008"	"Exported value in 2009"	"Exported value in 2010"	"Exported value in 2011"	"Exported value in 2012"	"Exported value in 2013"	
Total	37,372,813	40,757,609	47,374,049	58,298,236	63,208,746	72,294,679	90,055,303	111,898,932	84,087,005	101,243,092	140,342,115	141,125,795	130,894,877	
Afghanistan								0	0	0	55	0		
Albania	0	562	349	192	18	141	555	1,256	1,363	1,473	3,755	685	620	
Algeria	10,208	10,302	19,242	38,008	29,604	22,174	50,919	189,177	197,986	231,738	376,073	459,115	384,044	
Andorra	2	45	12	62										
Anguilla	2	8	20											
Antigua and Barbuda					33		169		305	197	227	577	894	
Argentina	123,493	32,888	0	0	110,030	118,578	131,252	220,305	100,743	141,195	204,929	242,017	241,896	
Armenia	155	919	458	344	241	3,692	6,025	8,256	2,931	5,499	6,729	4,464	45,339	
Aruba					106				0	0	0	0		
Australia	444,213	526,236	740,503	919,448	1,170,493	1,190,148	1,117,899	1,349,632	723,145	990,841	867,847	904,469	864,291	
Austria	215,685	233,086	267,362	383,558	388,277	438,321	460,764	596,557	113,542	126,483	109,526	73,039	100,513	
Azerbaijan	16	1,616	401	449	17,813	4,270	1,944	4,287	28,215	17,528	949	2,603		
Bahamas	394	274	305	279	347	365	418	339	243	224	91	331		
Bahrain	7,586	15,126	18,430	17,099	15,639	11,375	19,662	57,037	22,959	47,864	61,136			
Bangladesh	13,195	7,897	7,898	14,612	16,455	28,924	37,404							
Barbados	705	1,503	955	1,471	1,818	1,249	1,495	1,737	1,933	1,756	1,162	1,994	2,185	
Belarus	4,106	1,843	13,949	2,891	3,397	5,608	9,151	12,090	9,093	8,311	6,118	8,062	14,526	
Belgium	1,018,801	1,042,165	1,218,949	1,658,986	1,683,602	1,830,630	2,700,976	3,124,765	1,890,493	2,126,115	2,627,275	2,463,567	2,338,835	
Belize	53	87	91	38	16	34	124	72	313	56	26	700	1,024	
Benin	10,990	18,059	42,663	19,741	6,316	10,461	17,255	30,307	19,593	16,935	23,741	26,336	28,151	
Bermuda												158	124	
Bhutan					0	2	6	0	7	7	419			
Bolivia	864	1,286	1,280	0	3,634	3,066	3,387	3,581	4,971	3,678	5,292	7,941		
Bosnia and Herzegovina			1,945	2,441	3,724	3,234	3,934	5,463	3,847	3,615	3,025	3,694	3,162	
Botswana	1,403,704	2,694,650	3,362,768	2,690,636	2,658,400	2,620,339	3,330,431	4,028,607	3,596,039	4,118,179	4,778,689	5,039,108	4,955,067	
Brazil	285,973	181,667	202,203	268,098	341,547	434,857	522,310	772,906	433,206	748,444	911,916	848,608	719,630	
Brunei Darussalam	475	244	402	1,413		1,174				1,588	2,477	3,724	2,529	
Bulgaria	10,381	9,479	5,701	5,971	10,655	29,099	29,745	37,215	49,863	14,849	28,264	42,985	51,435	
Burkina Faso	9,099	4,461	5,186	9,227	9,111		35,819	38,346	67,718	54,840	36,960	80,588		
Burundi	4,196	5,068	4,305	3,892	7,336	9,271	10,447	10,183	4,609	6,609	19,783	32,421	20,627	
Cabo Verde	1,715	1,285	3,823	2,697	2,742	2,718	2,244		1,453	636	852	1,485	1,257	
Cambodia	375	180	655	860	161	1,326	357	856	1,359	2,316	1,893	1,508		
Cameroon	32,266	38,220	44,275	36,346	40,349	43,385	54,779	129,782	89,125	109,884	132,188	103,819		
Canada	290,689	311,437	359,671	498,365	576,102	717,446	1,007,910	796,122	555,025	695,259	934,992	691,207	664,593	
Central African Republic	31	48	182			239	4,498	5,048	4,489	4,276	2,792	4,637	1,280	
Chile	69,570	53,326	128,233	89,147	70,231	66,232	75,178	88,059	72,417	88,172	87,849	101,799	113,844	
China	1,173,201	1,268,766	1,839,993	2,960,203	3,443,052	4,085,358	6,618,094	9,234,973	8,693,253	14,896,422	32,095,190	44,653,737	48,352,465	
Colombia	26,624	39,651	50,399	0	42,012	36,657	39,014	46,451	27,936	35,511	47,941	43,361	46,699	
Comoros	2,783	4,613	2,972	3,969	14,127	9,603	3,152	5,920	5,548					
Congo							311,081	43,440	149,647	141,616	449,819	181,657	62,361	
Costa Rica	723	945	672	1,014	1,053	13,506	2,100	1,034	1,049	1,342	4,302	2,925	7,725	
Côte d'Ivoire	40,706	48,358	53,002	46,223	44,261	51,142	75,269	89,337	98,920	135,579	84,233	123,508		
Croatia	21,368	17,200	18,603	17,909	44,247	22,404	27,225	30,755	32,697	22,558	15,149	16,852	5,116	
Cuba	1,768	829	483	1,254	753	585								
Cyprus	7,508	8,768	8,634	9,860	10,447	11,928	10,184	9,793	9,273	10,352	12,264	8,219	6,387	
Czech Republic	32,176	52,963	62,921	118,034	138,042	178,860	236,178	279,746	180,905	274,670	405,973	310,330	280,954	
Denmark	45,200	92,086	170,634	174,552	197,437	64,921	79,539	78,676	168,033	163,137	233,288	142,017	95,835	
Djibouti									2,284					
Dominica	1	5	86	3	75	241	249	26	17	3	0	7		
Dominican Republic	707	708	488	392	1,014	1,876	4,414	3,348	1,022	6,853	4,231	5,102	8,400	
Ecuador	5,045	4,820	3,038	2,906	3,434	4,043	4,162	4,831	1,957	10,387	5,661	5,225	5,164	
Egypt	18,748	9,854	23,148	7,676	14,868	14,054	32,081	119,871	135,517	160,103	76,870	100,979	78,123	
El Salvador	2,342	2,763	998	654	924	717	377	639	257	596	572	2,471	2,494	
Eritrea			5,054											
Estonia	3,748	2,530	4,900	11,111	7,842	9,220	20,956	54,535	20,929	24,729	46,734	43,686	30,125	
Ethiopia	18,851	14,771	14,420	39,091	34,939	41,164	42,933	61,510	63,402	58,625	93,145	123,476		
Faroe Islands	209	283	553	394	402	500	708	743	594					
Fiji		1,723	2,116	4,436	2,451	3,247	1,820	2,606	4,773	7,881	4,027	3,671		
Finland	57,842	55,281	74,969	66,925	73,098	113,152	125,742	228,757	63,529	208,081	309,249	401,672	368,232	
France	882,971	865,185	972,497	1,280,126	1,279,829	1,247,929	1,534,777	1,770,394	1,169,467	1,385,978	1,327,595	1,079,880	1,068,819	
French Polynesia	1,318	1,564	1,692	669	1,449	2,952	3,480	2,252	5,055	4,996	1,972	4,573	2,274	
Gabon	12,987	0	7,586	20,260	21,558	30,965	44,777	42,136	44,755					
Gambia	359	587	1,315	1,094	1,447	2,265	2,348	1,101	2,986	2,054	4,034			
Georgia	25	244	335	3,905	1,933	1,580	2,577	2,142	3,430	2,429	1,521	30,532	11,050	
Germany	2,845,426	2,968,053	3,202,459	3,994,566	4,345,287	5,283,876	6,018,611	7,795,014	5,209,785	6,756,647	8,043,906	5,922,761	5,582,725	
Ghana	102,591		145,838		200,512	204,846	293,870	365,882	273,373	333,206	398,125	485,839		
Greece	54,871	40,520	45,640	51,060	46,686	75,911	90,322	139,145	68,529	101,333	74,301	59,230	76,276	
Greenland	0	0	238	44	0	734	665	1,311	1,533	754	1,163	470	439	
Grenada	134	123	304	163	182	186	128	216						
Guatemala	1,577	2,702	0	935	3,000	5,123	2,397	1,783	3,103	3,038	2,252	6,424	6,531	
Guinea	9,940	8,075		53,460	21,086	28,497	30,965	45,161		35,157	38,656	59,651		
Guyana	287	250	108	578	280	269	208	361	382	881	2,789	1,657	419	
Honduras	510	1,002	678	1,178	729	338	1,302	1,609	994	1,302	1,679	11,362	16,974	
Hong Kong, China	484,261	452,030	584,773	659,041	624,040	493,665	768,459	708,809	928,418	946,094	3,661,188	5,894,699		
Hungary	95,631	58,246	51,725	8,909	15,518	14,721	16,514	17,820	18,306	32,468	71,751	18,468	47,273	
Iceland	2,130	2,449	2,864	4,895	4,033	9,518	16,725	6,086	4,625	6,307	6,789	4,971	5,981	
India	1,403,487	1,952,492	1,945,744	1,791,831	2,683,476	2,507,019	3,181,703	5,551,207	5,035,363	6,912,186	9,329,231	8,034,741	7,351,755	
Indonesia	141,094	126,104	158,109	228,546	263,063	225,537	252,589	354,556	350,239	516,588	705,777	661,981	624,931	
Iran (Islamic Republic of)	75,941	43,781	48,499	33,588	86,024	0				79,004	51,457			
Ireland	91,162	103,867	162,657	196,453	199,726	226,853	227,648	218,727	143,519	114,836	185,256	117,956	121,845	
Israel	345,765	234,711	287,954	290,396	183,265	119,057	158,793	494,327	198,050	101,557	103,023	95,637	81,168	
Italy	1,807,308	1,919,919	1,731,201	2,501,164	2,974,123	2,877,081	3,734,845	3,871,830	2,285,333	2,576,764	2,782,726	2,311,787	2,053,824	
Jamaica	2,912	3,299	1,448	1,949	3,488	2,192	1,629	3,188	9,958	1,783	1,854	4,071		
Japan	2,786,578	2,892,428	3,593,852	4,608,942	5,537,641	6,628,386	7,730,545	8,983,383	4,987,844	7,266,028	8,472,076	6,417,368	6,750,732	
Jordan	17,484	12,722	7,781	16,728		28,332	22,452	24,452	23,487	20,601	26,399	32,369	21,416	
Kazakhstan	7,452	2,225	3,076	7,263	8,341	16,882	32,460	29,462	27,049	16,399	30,293	24,053	15,888	
Kenya	251,152	230,472	296,329	446,183	564,570	470,888	525,304	678,170	913,785	754,243	818,373			
Kiribati					0		0	4	0	0	0	0		
Korea, Republic of	688,605	603,127	781,629	998,874	1,094,287	1,385,055	1,766,536	2,159,218	1,171,787	2,271,933	3,105,439	2,128,874	1,729,246	
Kuwait	27,684	25,006	35,283	39,075		40,364	86,663	0						
Kyrgyzstan	27	62	371	32	375	491	231	467	833	701	1,581	1,279		
Latvia	280	300	633	887	1,395	1,242	2,122	3,069	1,230	1,836	1,102	2,222	1,409	
Lebanon	7,567	8,895	7,470	7,551	8,340	8,546	33,355	52,615	15,418	10,583	9,028	10,517	21,967	
Lesotho	577,416	616,703	915,488					1,015,181	1,291,523	1,101,189				
Libya							3,582	10,549	28,671	32,009				
Lithuania	3,834	3,719	5,667	969	1,140	2,080	5,254	11,178	5,492	5,364	4,441	40,659	7,843	
Luxembourg	3,163	1,398	1,371	5,906	11,512	2,027	3,835	16,765	41,440	28,274	96,865	16,488	21,419	
Macao, China	5,632	8,540	7,801	8,730	17,501	13,818	16,734	17,284	22,777	27,594		24,811		
Macedonia, The Former Yugoslav Republic of	759	562	1,026	2,953	1,111	1,568	6,045		5,826	16,060	17,657	5,678	1,608	
Madagascar	53,990	37,300	93,522	95,458	98,836	100,712	129,673	234,096	141,976	196,989	170,209	152,234	179,826	
Malawi	245,680	288,319	314,008	294,312	380,669	433,541	401,035	585,211	691,452	654,225	606,049	590,013	612,910	
Malaysia	222,746	193,169	224,442	336,072	287,092	465,604	490,915	803,505	560,735	800,016	1,091,761	924,749	851,261	
Maldives	2,925	2,354	1,867	5,652	2,996	2,425	2,914	2,221	2,634	6,702	3,586	4,081	5,227	
Mali	44,918	22,226	29,767	45,042	63,156	67,785	79,488	151,188		297,998	156,002	106,332		
Malta	4,354	3,364	3,765	4,860	2,295	1,953	2,195	2,547	1,926	9,194	2,993	2,157	17,301	
Mauritania	3,542	2,857	4,196	4,167	5,158		14,701	16,223	21,991	14,908	24,896	28,258		
Mauritius	274,860	272,265	288,659	310,665	270,782	267,491	286,782	377,175	321,809	370,539	365,235	377,909	333,325	
Mayotte	6,701	7,987	14,027	20,409	9,811	8,764	9,947	14,361	7,984					
Mexico	194,656	127,287	114,398	214,965	177,012	273,006	268,617	423,901	212,170	384,527	705,703	706,579	386,239	
Mongolia	3		159	18	211	187	300						10,950	
Montenegro						160	606	861	566	754	823	1,056	1,229	
Montserrat	0	0	0	2	1	0	4	1	0			0	0	
Morocco	144,760	152,724	139,617	144,143	263,247	233,021	306,315	315,193	151,983	131,408	46,257	48,840	79,298	
Mozambique	380,671	448,810	587,720	666,857	980,801	947,936	970,795	1,164,861	1,333,780	1,226,797	2,121,380	1,940,502	3,298,885	
Myanmar										50				
Namibia	1,335,886	1,013,340	1,148,891	2,063,608	2,099,811	2,305,291	3,142,969	3,179,798	4,336,353	4,331,183	4,892,555	4,968,607	4,677,870	
Nepal			1,553						3,088	1,169	3,058			
Netherland Antilles					387	890	1,431	7,450						
Netherlands	930,793	758,686	968,883	1,244,394	1,588,964	1,815,720	2,256,589	2,398,480	2,752,844	2,458,030	3,128,114	2,354,818	2,847,488	
New Caledonia	500	1,593	1,267	1,416	2,394	2,381	7,653	7,246	4,405	6,186	8,059	6,857	6,562	
New Zealand	48,617	59,103	75,828	103,429	147,824	99,103	112,682	139,781	84,028	102,293	99,070	110,263	124,456	
Nicaragua	145	77	129	194	65	436	331	667	770	895	1,015	1,800	3,127	
Niger	2,288	2,472	25,731	19,075	13,772	12,875	13,457	11,061	14,967	7,989	9,009	11,209	11,371	
Nigeria	231,419	189,011	290,867			403,329	640,884	512,217	550,637	487,419	1,035,720	715,459		
Norway	58,734	71,939	86,208	111,382	120,471	104,699	165,167	460,781	255,744	463,574	487,646	439,676	340,907	
Oman	9,106	14,390	15,131	15,318	19,777	50,617	45,926	58,319	31,211	33,708	63,204	55,153	29,791	
Pakistan			83,670	93,507	172,250	168,105	288,093	294,982	265,848	390,164	378,336	313,998	287,948	
Palestine, State of							426	319	516	365	315	774		
Panama	857	1,458	1,088		1,722	1,537	822	4,014	2,312	2,359	2,259			
Papua New Guinea	422	553	176	89							34,936	4,655		
Paraguay	3,671	2,286	2,211	1,931	2,013	1,930	2,096	2,818	2,061	3,019	4,258	4,859	5,886	
Peru	21,203	22,480	22,665	27,120	26,394	28,912	36,996	44,728	32,222	58,858	78,403	72,213		
Philippines	46,334	37,231	32,711	46,871	56,468	40,453	58,556	64,750	62,159	58,379	120,501	62,832	84,591	
Poland	76,206	81,021	88,462	122,689	173,554	259,993	343,572	520,881	395,267	241,061	415,779	323,319	280,665	
Portugal	107,832	117,396	137,405	254,094	315,615	252,582	369,455	443,070	253,395	186,449	135,274	132,400	145,003	
Qatar	12,237	11,290	17,082	14,062	24,728	35,567	53,718	90,326	68,786	76,662	51,429	60,669	80,401	
Republic of Moldova	86	607	1,569	1,672	2,082	2,110	3,342	5,731	1,083	1,570	1,962	2,144	2,220	
Romania	42,469	32,166	42,093	41,639	26,852	36,358	67,976	45,497	51,894	20,836	42,365	50,436	42,723	
Russian Federation	75,712	92,402	112,675	131,655	146,766	159,327	269,236	442,475	319,930	473,347	463,761	685,414	782,121	
Rwanda	12,063	11,038	13,339	13,238	21,829	14,836	24,361	39,171	36,597	47,280	48,888	40,572	35,093	
Saint Kitts and Nevis	11	11	1	0	2	104	157	28	12	44	37			
Saint Lucia	173	236	255	145	353	673	90	92						
Saint Vincent and the Grenadines	96	17	194	538	121	230	1,480	1,069	60	282	64	41		
Samoa	6	13	0	278	97	0	0	311	350	0	0	1,308	2	
Sao Tome and Principe	150	121	208	199	152	70	240	199	418	371	54	151	861	
Saudi Arabia	238,423	216,038	183,681	413,536	430,804	409,559	585,152	648,038	408,993	400,009	440,899	453,437		
Senegal	22,636	20,402	24,183	40,326	46,385	55,598	77,971	89,807	90,624	82,503	104,649	103,195	102,307	
Serbia					9,681	14,290	20,439	19,687	13,476	12,477	14,211	11,940	11,128	
Serbia and Montenegro	8,576	8,253		10,780										
Seychelles	29,167	45,411	52,176		41,621	55,436		63,587						
Sierra Leone		2,083												
Singapore	217,775	178,518	281,922	327,686	424,443	486,493	433,814	531,613	330,696	447,656	425,115	744,816	547,942	
Slovakia	15,899	5,713	7,302	10,046	10,243	22,352	35,635	28,570	24,809	23,278	27,946	31,387	34,906	
Slovenia	7,011	9,791	13,795	14,956	24,190	27,613	35,373	48,008	14,961	20,783	26,475	19,471	19,738	
Solomon Islands								0	1	39	443			
South Africa	0	126,692	0	0	0	391,922	0	464,055	0	269,489	272,700	0	324,314	
Spain	765,330	896,418	1,037,312	1,457,475	1,573,769	1,708,194	2,059,041	2,339,150	1,215,434	1,226,593	1,478,511	1,103,487	944,333	
Sri Lanka	22,026	29,693	22,462	21,911	25,167	16,689	16,435	23,580	17,633	17,926	35,854	22,647		
Sudan (North + South)	9,502	0	31,124	45,863	78,745	77,039		28,696	52,687	35,563	60,790			
Suriname	58			148	56	1,000	1,086		821	133	224			
Swaziland	740,149	847,828	1,199,341	1,567,748	1,339,295	995,233	1,033,240							
Sweden	88,828	88,400	137,392	198,340	287,637	376,765	580,466	602,263	356,268	409,967	427,379	344,461	282,934	
Switzerland	377,304	409,133	643,186	816,399	875,100	1,006,356	874,751	599,511	1,521,570	732,196	1,528,141	1,085,860	1,174,680	
Syrian Arab Republic	0	0	13,019	5,414	0	0	0	0	7,025	23,982				
Taipei, Chinese	628,062	637,264	742,078	1,047,594	937,745	973,387	1,138,337	1,274,313	895,592	1,248,465	1,499,843	1,364,929	1,411,978	
Tanzania, United Republic of	203,083	190,837	277,084	334,452	401,448	571,688	595,615	829,387	686,625	771,716	988,151	934,863	729,672	
Thailand	242,416	234,255	276,863	420,419	370,105	380,297	562,707	746,050	401,953	523,204	1,373,377	1,886,701	2,233,821	
Timor-Leste				0	16									
Togo	7,316	8,051	23,598	8,006	11,245		23,628	40,537	22,984	13,060	18,359	34,874	19,179	
Tonga	27	15	26					30	19	5	22	19		
Trinidad and Tobago	6,440	4,979	5,297	5,678	3,642	3,332	34,833	3,871	3,626	6,527				
Tunisia	5,119	6,192	6,799	6,355	8,272	5,659	28,790	17,887	14,542	17,897	10,632	24,420	11,942	
Turkey	345,028	211,032	335,713	1,006,683	1,259,978	1,793,113	2,172,298	1,502,492	1,102,513	889,635	1,954,586	1,289,821	1,479,361	
Tuvalu		1												
Uganda	72,850	83,665	98,984	140,899	143,676	156,272	207,156	305,182	245,274	250,384	264,466	297,264	250,566	
Ukraine	5,323	9,383	27,774	20,955	51,377	40,330	57,887	341,265	47,243	157,958	134,662	111,534	78,224	
United Arab Emirates					703,249		1,316,597	3,412,245						
United Kingdom	4,537,569	6,269,714	7,485,322	8,088,262	7,379,636	9,436,985	10,561,929	14,576,876	11,842,314	9,573,546	10,330,035	9,938,861	4,731,564	
United States of America	4,583,666	4,171,647	4,799,841	6,152,858	6,062,378	7,734,756	9,282,117	10,132,738	5,967,518	8,342,750	9,648,269	8,814,616	8,610,362	
Uruguay	7,899	7,224	7,585	5,766	5,573	6,869	11,595	14,485	10,129	97,276	252,993	12,204	11,292	
Vanuatu						79	57		157	323	137			
Venezuela	17,872	15,060	6,533	14,597	22,751	13,241		34,607	20,430	23,748	17,719	42,633	15,292	
Viet Nam	5,073	24,798	78,542	90,466	108,025	54,013	73,223	137,297	126,956	165,147	223,764	111,077		
Yemen				17,960	89,771	38,522	37,630	56,778	67,079	75,922	78,574	86,376		
Zambia	604,243	609,526	766,936	993,937	1,216,467	1,446,445	1,898,496	2,153,956	1,516,011	1,829,501	2,562,711	3,014,220	3,115,416	
Zimbabwe	802,509	1,297,748		1,159,776	310,104	1,172,110	1,534,228	1,758,936	2,132,187	2,810,647	4,833,536	3,106,801	3,658,631	
