List of importing markets for a product exported by Russian Federation (Mirror) Product: TOTAL All products
"Importers"	"Exported value in 2001"	"Exported value in 2002"	"Exported value in 2003"	"Exported value in 2004"	"Exported value in 2005"	"Exported value in 2006"	"Exported value in 2007"	"Exported value in 2008"	"Exported value in 2009"	"Exported value in 2010"	"Exported value in 2011"	"Exported value in 2012"	"Exported value in 2013"	
Total	103,222,163	109,413,591	141,303,403	194,033,104	248,867,500	305,219,072	352,923,627	464,451,938	313,133,349	402,946,532	532,435,960	536,674,147	499,642,964	
Afghanistan								97,020	197,918	181,394	804,168	0		
Albania	17,292	38,973	52,684	64,446	105,509	124,571	171,200	229,663	122,618	101,647	104,558	124,474	96,062	
Algeria	239,950	267,605	315,271	329,149	369,436	203,161	178,787	211,756	384,778	163,606	268,155	1,207,493	1,017,861	
Andorra	88	83	110	55										
Anguilla	11	5	2											
Antigua and Barbuda					11		23		39	48	12	3	11	
Argentina	108,957	78,004	110,967	135,707	165,808	244,050	430,308	755,894	109,819	397,842	791,881	1,124,051	1,717,370	
Armenia	166,155	187,147	197,661	173,390	250,567	299,855	482,700	835,035	788,377	828,315	885,436	1,052,372	1,104,450	
Aruba					69				0	0	0	0		
Australia	11,649	24,562	25,328	43,300	76,967	48,122	104,882	508,514	285,129	332,663	1,032,729	895,354	991,815	
Austria	1,026,555	974,590	1,495,885	1,698,183	2,811,440	3,013,455	2,547,625	3,668,726	455,023	700,952	1,336,712	1,444,178	1,245,062	
Azerbaijan	152,994	280,943	383,900	569,410	717,211	1,181,584	1,003,886	1,349,744	1,070,947	1,145,009	1,641,095	1,378,417		
Bahamas	4,517	4	14	0	30	0	0	0	0	2	1	0		
Bahrain	1,263	769	590	1,851	3,768	4,900	3,945	5,720	1,790	1,772	132,422			
Bangladesh	68,180	73,573	63,246	99,670	208,567	324,484	308,071							
Barbados	11	67	85	21	73	122	3	45	54	52	27	125	36	
Belarus	5,437,888	5,922,296	7,601,917	11,142,572	10,093,613	13,084,338	17,204,876	23,507,356	16,726,300	18,080,615	24,709,836	27,268,577	22,509,509	
Belgium	1,699,335	1,748,284	2,553,322	3,896,557	5,233,438	5,962,797	6,720,826	8,097,970	5,577,818	8,216,431	12,387,444	10,944,837	14,861,336	
Belize	59	627	176	169	10	4	11	103	434	0	504	744	762	
Benin	874	5,780	0	61	118	25	108	352	146	385	4,130	6,003	8,012	
Bermuda												0	3	
Bhutan					3,682	19,275	11,098	4,777	131	0	0			
Bolivia	517	741	282	501	2,124	1,713	1,004	2,317	2,425	6,666	8,661	13,529		
Bosnia and Herzegovina			35,132	112,577	203,369	169,007	194,351	256,759	585,660	805,218	1,163,630	981,101	1,021,884	
Botswana	5	112	12	18	39	2	171	225	476	344	1,274	48	20,330	
Brazil	464,299	427,740	555,156	808,034	722,131	942,554	1,709,411	3,331,870	1,412,108	1,910,423	2,944,185	2,790,714	2,676,066	
Brunei Darussalam	2	73	2	43		27				119	13	0	0	
Bulgaria	1,457,120	1,170,961	1,370,383	1,792,559	2,840,701	3,998,187	5,143,597	6,536,103	3,157,703	4,145,840	5,748,155	6,814,375	6,351,503	
Burkina Faso	12,228	11,170	16,926	11,401	3,529		11,263	7,669	13,573	31,236	49,270	37,205		
Burundi	1,756	906	680	23	483	19,317	695	300	607	2,059	341	980	2,855	
Cabo Verde	353	68	848	136	150	51	96		169	20	0	57	0	
Cambodia	2,887	6,169	1,062	1,016	3,231	2,727	3,233	7,222	27,873	11,603	13,131	12,417		
Cameroon	9,814	13,252	7,748	12,962	15,246	22,676	25,484	47,290	24,439	23,385	14,309	33,646		
Canada	233,188	242,386	578,024	1,066,069	1,426,054	1,579,018	1,384,545	1,802,728	1,349,447	1,596,041	1,298,774	1,108,965	839,775	
Central African Republic	42	0	9			0	382	1,445	337	270	10	1,001	179	
Chile	32,709	36,052	24,472	23,899	21,697	28,391	47,325	65,914	38,316	33,809	44,320	65,384	62,872	
China	7,958,795	8,406,690	9,728,068	12,127,411	15,889,943	17,554,327	19,688,579	23,832,762	21,282,952	25,913,994	40,362,600	44,138,279	39,617,333	
Colombia	49,073	82,108	42,870	81,721	138,845	118,402	108,339	204,576	162,620	182,485	246,431	398,486	304,663	
Comoros	0	0	0	0	0	1	0	0	0					
Congo							302	1,295	4	5	1,539	1,181	10,971	
Costa Rica	9,873	11,637	19,043	16,461	43,289	29,129	24,966	59,203	19,916	21,296	42,734	46,842	25,159	
Côte d'Ivoire	69,850	77,091	57,445	81,046	65,560	52,422	62,422	51,959	28,807	0	8,894	25,590		
Croatia	654,140	717,192	678,470	1,205,680	1,698,597	2,167,825	2,618,797	3,200,867	2,009,413	1,821,834	1,639,948	1,583,176	1,060,391	
Cuba	89,746	74,408	58,268	74,673	148,263	141,217								
Cyprus	122,449	145,119	139,708	77,955	60,828	58,056	56,525	49,992	29,105	61,697	38,787	77,082	73,709	
Czech Republic	1,997,182	3,262,128	2,339,298	2,793,452	4,360,243	5,593,601	5,624,593	9,141,003	5,395,163	6,812,629	8,100,370	7,903,779	7,913,723	
Denmark	336,449	400,552	601,459	927,732	1,288,129	1,256,036	1,251,893	1,789,569	643,927	910,083	1,437,135	851,728	1,263,144	
Djibouti									31					
Dominica	0	0	2	0	0	0	32	0	0	0	0	0		
Dominican Republic	21,659	12,603	7,715	8,618	12,416	48,998	12,425	52,156	9,945	18,842	14,466	17,308	14,471	
Ecuador	60,401	35,955	47,146	64,017	45,298	161,770	103,193	151,241	59,557	51,144	179,611	124,463	131,971	
Egypt	290,744	428,436	373,563	367,813	827,301	777,824	1,243,124	2,247,131	1,549,312	1,835,099	2,634,128	3,988,780	1,869,638	
El Salvador	48,545	25,370	21,532	28,098	47,137	80,555	50,813	53,267	6,988	15,068	18,613	28,859	26,768	
Eritrea			5,105											
Estonia	650,161	704,835	808,354	1,098,565	1,297,571	2,367,727	2,017,708	1,752,351	1,170,128	1,382,492	2,170,050	2,330,014	1,872,834	
Ethiopia	8,775	15,745	30,026	54,031	22,854	44,664	35,886	105,139	165,951	91,376	270,853	131,869		
Faroe Islands	5,881	5,218	2,763	1,796	1,355	1,709	1,584	2,337	1,439					
Fiji		49	293	11	2	0	17	0	11	1	9	3		
Finland	3,160,963	3,369,158	4,914,959	6,593,408	8,124,898	9,747,877	11,520,405	15,024,901	8,560,950	10,538,739	13,660,925	11,757,766	12,324,401	
France	4,543,357	4,943,409	6,928,532	9,126,501	10,067,573	12,588,663	15,135,157	20,159,583	12,938,862	16,136,083	19,348,521	15,366,375	14,062,651	
French Polynesia	83	46	57	94	102	136	123	73	148	156	404	211	114	
Gabon	957	738	166	76	24	1	470	124	47					
Gambia	258	96	333	40	88	67	72	137	779	11	0			
Georgia	92,785	121,730	160,632	254,889	382,628	557,600	575,276	424,650	285,554	279,673	389,712	473,797	589,419	
Germany	8,716,694	8,590,388	15,142,928	20,240,953	27,678,734	37,674,339	39,576,940	52,840,530	34,818,909	42,100,420	55,916,581	54,571,119	39,031,409	
Ghana	22,762		14,443		19,911	24,138	28,543	31,533	14,430	30,838	50,415	49,654		
Greece	1,582,591	2,296,789	2,688,385	2,863,867	4,220,552	4,494,021	4,290,518	6,555,068	3,450,423	6,361,420	5,776,108	7,731,336	8,785,971	
Greenland	0	0	1,078	0	0	373	159	746	78	75	249	106	29	
Grenada	1	1	1	16	0	0	1	4						
Guatemala	43,319	34,067	4,974	1,738	102,461	63,933	69,446	81,859	78,304	71,036	80,175	85,967	71,550	
Guinea	1,335	776		0	0	0	16,309	14,823		7,251	2,888	7,355		
Guinea-Bissau			0	459	32									
Guyana	188	492	238	473	90	293	300	21	114	491	1,213	2,915	552	
Honduras	29,480	10,193	10,565	20,877	21,190	19,997	58,890	26,690	15,646	22,626	73,641	70,751	75,200	
Hong Kong, China	279,780	322,623	498,321	483,007	454,995	435,498	389,101	574,969	805,041	1,000,208	868,060	1,266,216		
Hungary	2,369,318	2,283,973	2,957,333	3,385,003	4,868,346	6,179,246	6,491,158	10,157,294	5,680,583	6,828,202	8,880,717	8,281,094	8,538,599	
Iceland	36,647	86,495	79,029	38,778	23,812	21,388	76,626	34,574	24,248	22,405	41,931	36,084	33,836	
India	478,586	578,497	784,895	1,215,045	2,036,952	1,900,857	2,684,488	4,451,326	3,437,687	3,591,553	4,050,976	4,602,156	3,814,120	
Indonesia	144,788	151,290	99,884	267,340	436,489	415,966	439,579	1,325,150	458,754	1,076,206	1,680,867	2,505,659	2,593,637	
Iran (Islamic Republic of)	805,694	878,712	1,051,371	805,410	1,051,736	0				511,814	585,418			
Ireland	21,460	33,496	49,496	74,768	94,060	143,245	106,324	197,916	112,516	211,835	169,416	182,997	189,031	
Israel	507,159	519,726	618,325	688,156	1,055,730	1,141,588	1,398,901	1,046,890	488,787	784,682	1,052,917	819,527	1,437,098	
Italy	4,631,812	4,719,090	5,782,113	8,174,299	9,789,132	9,996,724	12,783,567	13,123,636	16,950,767	19,454,233	23,535,470	23,575,873	26,640,876	
Jamaica	2,788	621	1,037	847	1,738	1,609	265	3,344	119	159	165	192		
Japan	3,857,521	3,276,469	4,237,277	5,710,047	6,184,259	6,659,124	10,562,819	13,417,765	8,847,998	16,128,248	19,012,311	20,799,799	23,653,100	
Jordan	59,982	31,343	45,867	47,972		101,719	312,462	404,399	350,594	244,152	596,405	589,019	301,776	
Kazakhstan	2,751,921	2,547,026	3,277,753	4,807,772	6,581,786	9,064,094	11,573,772	13,753,820	8,896,565	5,475,745	16,269,066	17,110,459	17,685,586	
Kenya	16,165	6,610	21,822	30,575	39,516	41,649	97,468	166,207	63,292	122,134	257,679			
Korea, Republic of	1,929,476	2,217,594	2,521,777	3,671,455	3,936,616	4,572,967	6,977,473	8,340,055	5,788,759	9,899,448	10,852,171	11,353,882	11,495,034	
Kuwait	4,802	6,059	6,387	7,698		63,800	109,666	201,111						
Kyrgyzstan	84,996	116,572	176,067	293,606	378,944	652,305	978,752	1,492,179	1,089,623	1,083,863	1,429,569	1,784,624		
Latvia	321,871	355,391	455,374	680,221	781,196	894,091	1,275,197	1,679,439	1,002,588	1,115,498	1,317,655	1,513,421	1,405,157	
Lebanon	409,365	245,880	321,174	542,540	509,074	260,655	352,347	503,485	415,790	507,144	514,436	423,063	901,009	
Lesotho	0	0	0					0	0	0				
Libya							47,568	49,154	173,664	229,654				
Lithuania	1,607,004	1,635,916	2,160,416	2,853,866	4,323,060	4,700,549	4,401,420	9,406,432	5,482,347	7,636,730	10,184,865	10,401,418	10,313,933	
Luxembourg	7,926	7,004	7,950	10,377	44,573	143,753	49,742	28,836	14,346	23,494	31,072	18,876	18,324	
Macao, China	55	18	6,257	3,099	6,381	823	44	47	1,350	2,441		6,580		
Macedonia, The Former Yugoslav Republic of	139,345	125,365	177,828	251,515	424,494	569,577	643,279		495,018	552,537	683,657	360,365	163,624	
Madagascar	1,679	3,191	6,489	1,099	980	1,006	255	11,073	1,381	188	548	1,333	7,409	
Malawi	0	936	11	0	5,240	21	0	2,647	1	8,616	10,262	7,788	27,042	
Malaysia	136,124	174,045	190,678	466,500	431,175	220,476	254,893	507,571	262,086	410,145	363,953	413,663	1,178,361	
Maldives	0	64	31	68	14	9	135	581	46	25	85	36	193	
Mali	7,741	12,784	11,846	6,811	16,358	10,145	4,797	75,667		49,686	55,400	62,538		
Malta	22,931	25,437	18,544	8,216	2,710	1,078	8,734	7,610	10,640	2,780	3,858	4,002	10,476	
Mauritania	3,220	3,489	2,898	26,253	2,328		11,315	183,881	92,240	30,580	16,478	2,696		
Mauritius	2,321	180	4,114	983	526	1,132	388	7,769	1,582	6,093	5,049	6,280	8,486	
Mayotte	52	30	36	16	57	39	526	65	31					
Mexico	243,280	236,003	247,940	437,180	562,728	535,086	448,963	821,268	468,780	854,729	1,149,136	1,208,811	1,212,012	
Mongolia	221,049		265,335	341,917	417,927	547,798	726,537						1,561,852	
Montenegro						43,381	40,466	58,320	34,590	25,351	11,500	17,630	4,645	
Montserrat	0	2	13	0	0	0	0	151	0			0	0	
Morocco	371,477	357,804	703,095	1,045,655	1,427,742	1,074,947	1,570,767	2,116,353	943,648	1,338,416	2,047,750	2,350,498	1,923,609	
Mozambique	170	104	87	54	78	442	1,290	1,972	2,782	12,857	17,844	5,382	4,742	
Myanmar										1,035				
Namibia	2,608	717	1,508	1,430	1,392	2,420	1,613	8,870	2,893	2,111	4,681	2,945	3,562	
Nepal			3,763						14,036	6,241	10,933			
Netherlands	3,102,411	3,573,618	5,224,244	7,611,634	10,370,085	13,780,568	14,280,135	19,208,015	17,857,073	25,768,463	33,104,936	34,773,052	35,949,982	
New Caledonia	58	68	54	210	105	112	211	532	424	431	467	806	3,054	
New Zealand	6,523	13,985	43,408	12,854	22,309	5,833	9,359	141,633	117,559	302,357	914,301	228,717	447,646	
Nicaragua	15,945	12,327	14,444	20,131	28,012	24,751	24,174	37,442	38,814	24,793	67,922	78,414	90,866	
Niger	305	2,910	2,520	3,122	3,074	4,211	3,727	672	4,064	1,756	5,011	678	29	
Nigeria	115,724	90,980	145,553			224,356	187,535	114,285	87,491	78,513	190,354	237,028		
Norway	782,420	732,690	823,851	1,148,566	1,317,917	1,559,790	1,979,523	1,990,061	1,133,336	2,011,798	1,884,184	1,773,603	1,543,982	
Oman	8,292	11,902	420	8,804	54,257	49,482	107,757	220,158	96,359	184,539	318,765	312,446	334,154	
Pakistan			75,141	222,900	356,066	392,139	294,731	583,846	321,687	156,882	165,597	246,513	287,758	
Palestine, State of							7,988	16,188	2,512	10,263	8,548	3,963		
Panama	1,987	1,215	1,198		2,943	1,121	3,373	963	4,164	2,985	23,662			
Papua New Guinea	7,946	5,177	3,934	15,129							2,948	9,822		
Paraguay	214	144	195	227	590	122	1,238	4,181	12,685	7,997	15,746	165,370	212,611	
Peru	25,645	36,340	56,296	44,723	63,087	83,937	136,083	219,435	184,611	183,391	513,247	334,273		
Philippines	261,052	339,991	369,732	403,718	379,428	218,410	115,547	144,278	263,267	466,511	1,548,505	1,010,144	1,306,702	
Poland	4,408,978	4,394,275	5,202,009	6,390,629	8,985,501	12,145,033	14,352,843	20,544,992	12,834,406	18,200,713	25,531,515	27,956,179	25,267,712	
Portugal	389,850	337,294	586,525	765,070	463,548	806,430	752,480	586,815	737,973	547,613	783,701	676,536	1,328,436	
Qatar	2,983	4,332	4,931	2,300	4,730	3,674	7,125	11,439	12,305	17,962	65,230	109,537	116,442	
Republic of Moldova	143,979	153,477	182,964	212,269	267,835	417,020	498,648	666,137	374,513	586,477	822,961	816,882	788,033	
Romania	1,183,760	1,286,546	1,981,414	2,229,406	3,338,212	4,022,014	4,417,180	4,950,297	2,094,595	2,701,256	2,926,893	3,070,829	3,147,083	
Rwanda	1,344	1,056	701	197	53	620	2	230	3,123	87	4,940	30,175	2,326	
Saint Kitts and Nevis	0	0	8	2	92	9	1	0	5	2	21			
Saint Lucia	10	5	0	36	22	0	0	0						
Saint Vincent and the Grenadines	6	4	0	2	5	6	12	15	11	8	11	3		
Samoa	0	0	0	0	0	0	0	2	0	0	0	0	0	
Sao Tome and Principe	0	0	0	0	4	0	0	0	0	0	0	0	0	
Saudi Arabia	102,631	137,414	196,240	0	400,021	708,357	912,049	1,075,528	702,452	899,700	1,216,072	1,458,942		
Senegal	31,215	22,935	37,207	30,035	20,904	19,744	28,490	94,623	26,875	37,042	44,707	210,614	73,921	
Serbia					1,668,594	2,142,467	2,627,966	3,492,490	1,969,931	2,157,151	2,654,226	2,078,631	1,902,773	
Serbia and Montenegro	685,144	786,961		1,403,657										
Seychelles	0	0	29		3	7		109						
Sierra Leone		252												
Singapore	290,366	318,200	276,906	322,595	409,630	733,327	747,135	2,241,847	2,400,207	3,353,314	3,303,493	4,431,565	5,235,890	
Slovakia	2,180,746	2,086,626	2,449,628	2,744,435	3,674,490	5,074,554	5,429,878	7,744,482	4,846,506	6,179,912	8,613,389	7,629,229	8,172,767	
Slovenia	281,261	252,409	368,345	402,269	436,805	477,687	719,304	593,963	323,765	450,559	629,687	529,390	625,969	
Solomon Islands								0	284	216	22			
South Africa	39,884	93,716	36,575	40,161	98,628	278,715	564,541	306,431	424,881	105,434	180,668	203,531	377,954	
Spain	1,845,775	2,565,475	3,274,640	4,541,402	6,452,208	9,325,293	10,830,354	11,071,565	6,382,568	8,118,600	11,772,554	10,372,710	10,933,611	
Sri Lanka	2,756	2,665	1,630	1,868	8,899	22,772	9,850	5,663	3,208	26,418	78,686	90,760		
Sudan (North + South)	10,345	19,577	14,595	20,555	64,005	50,049		738,805	97,325	170,230	107,283			
Suriname	0			339	22	12	1,022		36	9	425			
Sweden	377,257	1,015,136	1,303,670	2,196,629	3,296,427	4,365,916	4,428,460	6,838,738	4,114,409	7,228,043	9,730,023	8,899,262	6,991,557	
Switzerland	2,826,662	1,002,846	894,190	839,176	821,948	1,495,032	1,294,762	979,575	641,114	1,000,166	1,005,837	578,300	1,052,988	
Syrian Arab Republic	154,237	122,460	130,249	343,437	297,632	1,175,454	1,442,756	2,352,253	927,119	1,108,851				
Taipei, Chinese	603,521	927,040	1,299,172	2,472,477	2,188,944	1,902,961	1,908,871	2,674,550	2,197,379	2,341,508	2,357,336	3,134,566	3,250,811	
Tanzania, United Republic of	12,486	10,248	6,321	1,951	32,770	43,477	70,406	74,334	65,047	101,605	114,851	81,485	73,011	
Thailand	316,734	503,337	584,689	1,020,597	1,599,616	1,277,340	1,889,970	2,869,614	1,691,958	3,224,781	4,518,469	4,043,158	3,502,772	
Timor-Leste				0	180									
Togo	7,007	6,150	4,577	6,067	8,364		4,045	1,001	1,013	221	19,789	21,963	59,279	
Tonga	0	0	0					0	2	222	0	0		
Trinidad and Tobago	5,128	5,337	3,962	15,361	9,264	65,802	5,661	488,357	543,723	219,710				
Tunisia	173,265	186,024	229,451	390,394	375,351	547,713	814,532	1,855,746	688,083	1,034,401	1,376,885	1,069,717	654,990	
Turkey	3,435,673	3,863,179	5,451,315	9,033,138	12,905,620	17,806,239	23,508,494	31,364,477	19,718,967	21,599,569	23,952,931	26,625,027	25,063,530	
Uganda	0	487	3,110	1,143	5,883	30,181	45,576	36,255	36,127	49,399	44,739	83,677	49,684	
Ukraine	5,778,955	6,299,073	8,645,594	11,653,098	12,842,463	13,787,221	16,838,246	19,413,626	13,235,749	22,198,006	29,132,198	27,418,296	23,243,994	
United Arab Emirates					551,417		573,184	756,433						
United Kingdom	3,445,137	4,166,642	4,504,252	7,343,428	9,936,863	11,493,626	13,190,188	14,356,026	7,547,288	9,404,717	12,368,545	15,071,607	10,626,304	
United States of America	6,531,446	7,145,423	9,085,003	12,560,119	16,149,949	20,730,748	20,219,113	27,931,765	18,993,424	26,531,828	35,510,807	30,137,458	27,731,966	
Uruguay	25,949	111,158	257,048	342,315	308,647	43,472	195,643	955,181	255,757	272,245	137,804	589,164	141,065	
Vanuatu						13	22		36	25	18			
Venezuela	21,016	17,307	19,180	40,338	12,191	65,812		246,993	133,763	113,639	234,382	179,988	255,087	
Viet Nam	376,369	500,603	491,813	671,535	766,561	455,766	552,169	969,571	1,414,733	999,097	694,014	829,370		
Yemen				26,782	128,037	60,242	197,076	127,259	117,587	123,426	156,373	265,069		
Zambia	32	10	16	45	46	45	18	224	395	229	90	758	1,699	
Zimbabwe	1,427	48		1	114	69	7,764	2,905	1,522	5,594	15,709	19,193	13,573	
