List of importing markets for a product exported by Yemen (Mirror) Product: TOTAL All products
"Importers"	"Exported value in 2001"	"Exported value in 2002"	"Exported value in 2003"	"Exported value in 2004"	"Exported value in 2005"	"Exported value in 2006"	"Exported value in 2007"	"Exported value in 2008"	"Exported value in 2009"	"Exported value in 2010"	"Exported value in 2011"	"Exported value in 2012"	"Exported value in 2013"	
Total	3,038,854	2,754,595	3,810,667	4,169,911	5,510,723	6,952,851	7,010,279	9,472,055	4,865,619	7,758,547	9,613,503	8,435,841	9,277,386	
Afghanistan								0	0	0	0	0		
Albania	0	0	0	1	0	0	164	0	0	0	0	0	15	
Algeria	208	406	162	342	50	311	234	103	471	107	244	148	204	
Andorra	0	0	0	1										
Argentina	0	0	0	0	0	0	6	0	0	0	173	1	11	
Armenia	0	0	0	0	0	0	0	1	0	0	0	0	0	
Australia	33	4	12	11,077	39,358	38,809	10	480	44	201	36	52	28	
Austria	17	21	19	80	462	1,486	533	116	180	605	692	53	5	
Azerbaijan	0	37	37	0	7	6	0	0	0	0	0	6		
Bahrain	253	111	259	246	365	203	191	621	661	217	322			
Bangladesh	6,129	5,360	324	1,185	140	459	0							
Barbados	0	0	0	0	0	0	23	0	0	0	0	0	0	
Belarus	0	0	0	0	0	35	0	0	0	0	0	0	0	
Belgium	1,883	2,841	4,425	5,380	3,770	3,799	8,105	4,057	3,452	3,956	146,124	42,856	70,175	
Belize	0	0	0	0	0	0	0	0	0	0	0	0	0	
Benin	5	48	0	0	0	0	0	10	0	17	41	28	23	
Bolivia	0	0	0	0	0	10	0	0	0	1	13	0		
Bosnia and Herzegovina			0	0	0	0	0	1	0	0	25	0	0	
Botswana	0	2	0	0	0	0	0	3	0	0	0	0	0	
Brazil	35,911	1	0	6	34	8	12	771	1	2	14	443	11	
Brunei Darussalam	0	0	0	0		22				0	0	0	57	
Bulgaria	96	44	0	0	0	0	31	46	266	104	0	0	0	
Burkina Faso	0	0	0	0	0		0	18	5	11	2	0		
Burundi	0	0	0	0	0	18	0	0	0	0	0	0	0	
Cabo Verde	0	1	0	0	0	0	0		0	0	0	0	0	
Cambodia	0	0	0	7	0	2	1	0	0	0	51	0		
Cameroon	3	0	0	0	0	0	263	990	1,329	2,476	2,300	2,256		
Canada	79	77	146	134	155	202	172	185	136	107	111	122	188	
Central African Republic	0	0	0			0	0	0	0	0	0	0	0	
Chile	0	0	2	0	0	0	0	0	0	34,748	99,053	54,845	82,292	
China	451,364	425,865	1,545,851	1,458,548	2,667,691	2,232,552	1,745,290	3,209,873	1,237,511	2,779,081	3,135,702	3,604,053	3,057,015	
Colombia	0	0	0	0	0	7	0	1	0	15	0	0	11	
Comoros	6	16	28	104	87	89	104	184	84					
Congo							0	0	0	0	0	0	0	
Costa Rica	1	0	0	20	1	0	1	0	0	0	0	0	0	
Côte d'Ivoire	1	0	0	18	0	89	55	384	67	674	302	490		
Croatia	0	96	70	154	54	68	376	649	0	3	0	3	0	
Cuba	0	0	0	0	41	31								
Cyprus	1	0	351	30	0	14,332	0	10,231	3	2	7	2	0	
Czech Republic	281	180	9	12	82	70	44	61	1	25	24	125	29	
Denmark	37	63	6	87	356	750	19,753	497	35	2	81	120	13	
Djibouti									22,219					
Dominican Republic	574	387	600	1,317	2,333	3,023	4,030	619	35	0	0	0	0	
Ecuador	0	86	9,452	0	0	0	0	2	0	0	6	0	0	
Egypt	8,625	12,083	11,615	6,716	24,288	43,438	22,811	22,079	72,197	106,575	91,628	52,549	44,835	
El Salvador	0	0	0	0	0	0	0	0	3	0	0	4	0	
Eritrea			3,889											
Estonia	0	0	1	0	29	0	0	0	0	0	0	0	0	
Ethiopia	132,387	7,927	5,784	6,255	8,461	14,759	12,994	13,306	21,959	8,351	13,322	11,174		
Faroe Islands	0	0	0	0	0	0	1	0	0					
Fiji		3	0	12	0	0	0	0	3	0	0	0		
Finland	1	6	19	22	14	109	37	87	24	19	100	0	0	
France	34,691	12,240	21,013	19,556	28,967	24,833	69,764	17,007	9,934	41,381	86,712	2,368	31,933	
Gambia	12	4	0	49	90	174	0	40	0	9	0			
Georgia	0	0	0	0	0	0	12	0	3	0	5	0	0	
Germany	1,076	3,949	5,548	7,975	6,456	8,671	121,144	10,200	7,197	5,649	4,588	8,895	5,848	
Ghana	66		56		155	124	108	65	0	74	226	428		
Greece	668	1,585	83	268	658	31,835	707	283	689	128,330	68,179	2,975	401	
Greenland	0	0	0	0	0	0	0	0	0	1	0	0	0	
Guatemala	0	0	0	0	0	0	0	0	0	7	0	0	0	
Guinea	156	14		151	68	18	0	7		0	80	0		
Guyana	0	0	0	0	0	0	1	51	30	42	6	14	12	
Honduras	17	10	2	15	23	0	0	0	0	0	0	3	0	
Hong Kong, China	8,803	5,531	5,546	15,614	14,070	13,590	12,874	21,092	13,648	27,485	24,565	26,787		
Hungary	152	1	0	0	0	0	10	76	127	1	0	1	0	
Iceland	0	0	0	0	0	0	30	4	0	0	0	0	0	
India	47,762	39,714	29,940	29,877	14,170	1,609,642	1,605,601	891,967	1,137,389	2,227,203	833,837	943,421	924,053	
Indonesia	1,002	55,128	29,229	221	109	189	637	1,397	1,642	3,340	3,935	2,065	3,069	
Iran (Islamic Republic of)	1,130	272	1,318	321	130	14				2	14			
Ireland	39	57	35	138	1	2	2	6	1	7	309	26	27	
Israel	0	0	0	0	0	0	0	0	0	0	0	0	1	
Italy	14,075	11,862	12,753	16,924	58,640	16,963	20,467	41,109	7,303	11,110	20,084	44,158	14,416	
Japan	57,894	75,496	119,937	70,472	409,163	263,059	543,979	538,064	323,517	426,680	639,129	376,164	638,219	
Jordan	1,868	1,893	2,161	3,642		4,206	53,662	48,339	14,366	12,631	24,881	32,730	56,204	
Kazakhstan	0	0	0	0	0	35	3	25	1	2	0	164	2	
Kenya	16,935	20,384	3,013	5,496	946	311	318	375	224	247	6,107			
Korea, Republic of	434,203	429,062	238,368	142,622	325,536	499,097	255,357	64,145	52,734	420,695	1,126,525	1,101,839	1,663,255	
Kuwait	675	248	457	698		2,099	720	2,957						
Kyrgyzstan	0	0	0	0	0	0	0	0	0	0	0	0		
Latvia	0	0	0	0	0	0	0	0	0	0	0	0	0	
Lebanon	1,075	2,361	4,254	4,371	840	3,045	3,250	6,733	2,594	1,731	2,044	1,694	1,359	
Libya							681	1,229	618	1,202				
Lithuania	0	2	0	0	0	0	0	0	0	0	0	0	0	
Luxembourg	23	0	14	0	0	21	271	1	1	0	0	525	1,025	
Macao, China	0	0	8	0	0	1	0	0	0	0		0		
Macedonia, The Former Yugoslav Republic of	0	0	1	0	0	0	0		0	10	0	224	0	
Madagascar	670	1,063	25	68	18	1	2,422	19	17	20	33	0	6	
Malawi	0	0	0	0	2	0	0	0	211	0	0	0	0	
Malaysia	295,256	272,535	211,763	28,688	48,908	52,126	29,109	66,645	75,511	91,607	5,572	8,574	120,798	
Maldives	0	0	0	0	0	6	1	3	13	3	0	0	0	
Mali	0	0	10	6	0	44	14	281		0	0	0		
Malta	0	0	0	0	0	0	43	36	0	1	0	0	0	
Mauritania	2	21	0	47	6		212	389	184	109	84	68		
Mauritius	0	1,207	3,560	1,020	989	79	351	821	436	128	142	16	29	
Mayotte	0	0	0	10	0	0	0	0	35					
Mexico	293	491	653	776	13,716	143	117	130	13,308	23,721	30,529	20,677	69,517	
Montenegro						0	5	6	0	0	0	0	0	
Morocco	848	434	150	16,545	4,191	9	518	122	28	49	83	208	28	
Mozambique	0	16	18	0	7	2	34,600	310	747	49	28	28	76	
Myanmar										86				
Namibia	0	0	0	93	21	2	0	0	0	0	0	0	0	
Nepal			93						748	970	3,320			
Netherland Antilles					3	33	48	72						
Netherlands	3,251	817	705	3,877	874	1,784	48,036	3,513	1,724	3,923	6,101	3,302	30,888	
New Caledonia	1	0	0	8	0	0	0	1	0	0	0	1	6	
New Zealand	9	3	0	92,921	78,723	1	2	0	3	0	4	78,670	17	
Nicaragua	0	0	0	0	0	37	0	0	0	0	1	1	0	
Niger	0	0	0	0	0	0	0	0	0	0	0	0	0	
Nigeria	5,422	2,188	3,009			14,526	8,133	16,407	98	2	99	0		
Norway	10	17	33	11	16	19	22	67	115	24	78	35	27	
Oman	3,684	7,285	54,369	6,073	8,563	10,002	8,960	16,960	16,138	10,299	18,303	30,463	63,152	
Pakistan			3,861	9,577	3,179	2,855	7,104	9,826	843	1,258	2,135	2,563	14,314	
Palestine, State of							0	0	0	0	273	0		
Panama	0	0	0		0	0	45	23	0	0	0			
Papua New Guinea	0	0	0	0							0	5		
Paraguay	0	0	0	0	0	1	14	0	0	0	0	0	1	
Peru	0	80	0	0	0	0	0	0	0	0	0	0		
Philippines	21,770	69,467	72,283	4	0	0	2	2	1	11	0	49	119,397	
Poland	52	53	61	346	1,070	594	845	676	897	385	1,171	684	689	
Portugal	610	1,018	1,312	566	829	668	358	305	353	183	925	267	215	
Qatar	920	1,484	944	402	801	1,526	1,020	1,912	2,283	2,957	1,935	5,898	12,771	
Republic of Moldova	0	0	0	30	0	0	0	0	0	0	0	0	0	
Romania	549	43	7	29	11	83	0	0	0	0	0	9	0	
Russian Federation	4	3	17,740	486	8	146	189	174	208	176	205	299	449	
Rwanda	0	0	0	4	59	0	0	0	10	1	39	0	0	
Saint Kitts and Nevis	0	0	0	0	0	0	0	0	0	6	1			
Saint Vincent and the Grenadines	0	0	0	0	0	0	0	0	1	0	0	1		
Samoa	0	0	0	2	0	0	0	0	0	0	0	0	0	
Saudi Arabia	74,682	87,785	86,045	139,603	161,322	143,170	136,913	181,583	196,812	207,341	254,213	263,564		
Senegal	0	179	6	1	27	0	14	68	9	5	2	0	0	
Serbia					0	0	0	0	0	0	1	0	0	
Serbia and Montenegro	0	1		1										
Seychelles	3	0	1		0	187		231						
Singapore	367,128	154,759	174,939	356,465	40,061	14,729	61,100	11,642	127,452	77,988	342,121	4,706	220,996	
Slovakia	0	47	58	3	84	0	0	0	8	0	0	1	0	
Slovenia	188	0	14	23	121	7	37	928	358	3	249	8	4	
South Africa	455	40,154	27,114	85,794	77,906	88,755	144,523	1,278,636	342,147	153	117,478	7	154,802	
Spain	8,331	5,496	17,984	12,879	32,788	39,615	18,420	16,790	5,830	96,918	12,215	4,063	4,422	
Sri Lanka	114	256	358	411	1,232	702	1,621	1,415	2,737	4,333	2,918	4,391		
Sudan (North + South)	1,464	1,661	1,804	8,516	31,955	37,269		1,314	88,510	175,731	109,322			
Sweden	761	114	406	2,731	91	367	429	39	43	746	74	4	17	
Switzerland	42	337	260	219	684	1,025	431	2,157	1,193	923	41	20	16	
Syrian Arab Republic	811	1,484	1,354	2,863	3,584	3,774	5,071	5,028	7,101	8,135				
Taipei, Chinese	73,315	75,610	819	1,701	2,579	11,851	5,288	19,535	1,937	4,815	104,015	44,787	71,949	
Tanzania, United Republic of	982	945	2,133	38	157	191	540	1,279	2,008	1,952	1,819	1,601	1,955	
Thailand	673,820	648,761	987,812	1,512,137	940,170	1,187,753	1,424,697	2,749,967	1,029,391	525,702	1,413,119	1,514,240	1,527,049	
Togo	33	54	75	115	35		230	18	0	503	87	149	29	
Trinidad and Tobago	41	0	28	0	1	0	4	0	0	45				
Tunisia	456	1,115	943	1,917	1,305	1,027	1,438	2,460	2,664	1,537	1,364	985	816	
Turkey	21	341	130	1,226	3,085	439	458	703	310	1,044	464	368	206	
Uganda	5	0	43	3	54	0	95	107	27	88	15	32	2	
Ukraine	0	0	0	11	66	1	2,265	42	16	63	71	66	30	
United Arab Emirates					134,144		232,697	156,632						
United Kingdom	9,567	4,023	8,833	4,113	5,938	24,987	12,862	3,631	2,810	63,752	233,838	31,835	89,834	
United States of America	233,054	257,712	72,000	66,687	302,839	479,415	313,079	8,566	7,599	205,627	615,970	98,886	69,451	
Uruguay	0	0	0	0	0	0	0	0	0	0	0	0	108,373	
Venezuela	0	0	0	0	22	20		37	2	0	0	0	0	
Viet Nam	0	58	102	700	679	264	1,056	0	0	0	1,432	479		
Zambia	4	0	13	1	0	0	0	0	32	37	14	20	319	
Zimbabwe	9	0		0	0	0	2	0	7	0	1	0	0	
