List of importing markets for a product exported by Australia (Mirror) Product: TOTAL All products
"Importers"	"Exported value in 2001"	"Exported value in 2002"	"Exported value in 2003"	"Exported value in 2004"	"Exported value in 2005"	"Exported value in 2006"	"Exported value in 2007"	"Exported value in 2008"	"Exported value in 2009"	"Exported value in 2010"	"Exported value in 2011"	"Exported value in 2012"	"Exported value in 2013"	
Total	66,549,037	67,922,292	73,938,613	93,189,387	112,289,711	131,397,447	153,261,656	203,267,619	166,975,911	217,632,180	277,131,636	273,003,052	252,132,708	
Afghanistan								129	1,214	1,329	1,301	0		
Albania	335	759	499	493	897	1,215	2,048	2,538	1,587	1,023	4,994	2,398	1,895	
Algeria	41,200	64,265	31,764	55,812	56,035	99,263	59,202	93,583	41,267	36,432	43,799	18,732	13,057	
Andorra	106	72	150	221										
Anguilla	140	255	116											
Antigua and Barbuda					175		969		458	483	971	794	684	
Argentina	58,609	49,342	62,937	73,094	140,533	138,212	161,853	284,018	183,310	325,162	409,556	282,127	205,601	
Armenia	2,853	1,543	1,496	2,521	2,836	1,818	7,438	5,548	3,293	11,447	3,629	4,259	6,098	
Aruba					809				0	0	0	0		
Australia	231,997	291,529	328,638	402,596	418,272	542,862	621,824	723,479	661,403	872,954	694,268	982,671	1,051,154	
Austria	44,127	40,345	53,030	70,981	77,839	103,126	138,484	111,078	57,887	58,371	90,777	62,668	66,042	
Azerbaijan	1,176	2,552	5,712	10,888	8,142	8,415	7,068	4,412	5,712	4,327	5,845	7,198		
Bahamas	207	246	218	254	1,972	386	444	5,649	1,085	803	987	834		
Bahrain	284,306	268,996	286,575	180,164	429,518	333,685	724,729	853,453	607,882	626,102	422,005			
Bangladesh	236,576	206,737	155,004	258,370	212,452	172,577	195,636							
Barbados	3,583	2,745	4,877	3,748	3,646	4,895	5,852	10,413	5,996	5,266	8,109	1,650	3,767	
Belarus	2,384	776	1,223	1,243	3,592	2,748	3,549	4,436	6,612	4,325	4,051	3,541	8,416	
Belgium	501,977	587,884	567,664	775,548	1,086,010	1,567,599	1,778,778	1,665,750	975,619	1,323,094	1,909,054	2,143,187	1,933,856	
Belize	29	1,167	135	141	158	188	606	920	281	155	187	359	281	
Benin	135	189	10	163	248	282	147	619	691	848	375	994	2,044	
Bermuda												605	388	
Bhutan					319	377	271	428	307	850	500			
Bolivia	888	284	303	420	1,310	2,828	4,434	4,731	6,793	2,091	3,296	4,041		
Bosnia and Herzegovina			1,095	5,633	2,092	3,970	2,003	3,174	4,061	34,119	26,062	8,994	11,946	
Botswana	2,724	7,730	4,579	4,927	3,547	7,000	17,120	7,284	11,360	6,424	15,647	12,137	17,844	
Brazil	265,160	212,587	292,608	373,660	628,299	737,849	775,971	1,229,952	844,225	1,352,975	1,957,771	1,288,016	1,163,275	
Brunei Darussalam	38,787	39,015	36,966	39,436		33,079				49,690	48,805	50,873	51,074	
Bulgaria	6,817	26,443	71,294	73,223	72,482	55,705	46,182	65,710	7,768	7,188	9,777	11,683	198,204	
Burkina Faso	836	406	413	711	1,927		7,456	15,405	13,131	7,322	15,153	45,980		
Burundi	172	25	0	89	297	367	59	242	336	49	279	337	4,192	
Cabo Verde	41	0	2	146	326	9	19		16	0	1	6	0	
Cambodia	5,540	5,689	9,936	10,097	15,572	13,212	14,183	17,024	28,897	15,771	15,928	24,328		
Cameroon	2,233	2,015	2,035	1,664	1,249	1,104	3,136	15,277	1,680	6,382	9,149	3,008		
Canada	1,049,308	1,097,421	1,168,722	1,419,329	1,442,334	1,403,981	1,663,660	1,550,066	1,428,782	1,572,251	1,785,187	2,079,890	1,742,621	
Central African Republic	14	55	54			0	365	299	163	104	0	26	136	
Chile	84,485	97,110	86,414	149,384	171,784	206,875	229,908	311,046	235,986	326,681	520,404	474,289	414,281	
China	5,425,925	5,850,572	7,300,072	11,552,489	16,193,627	19,323,299	25,801,494	37,435,133	39,438,780	61,105,168	82,667,477	84,568,209	98,593,122	
Colombia	20,009	21,330	47,997	31,838	22,259	24,485	27,261	51,473	53,436	35,919	53,686	53,128	63,858	
Comoros	3	0	0	0	0	0	0	0	22					
Congo							372	381	7,957	7,613	20,687	252,812	203,626	
Cook Islands					10,230									
Costa Rica	3,911	1,466	2,252	3,725	4,136	7,402	24,799	15,031	15,634	12,498	22,123	14,928	7,322	
Côte d'Ivoire	2,765	1,315	1,275	3,136	2,244	2,419	7,363	19,945	14,533	16,354	19,400	17,726		
Croatia	13,002	13,687	18,920	14,496	8,111	8,907	12,819	9,675	6,458	6,306	8,011	5,557	2,161	
Cuba	5,346	19,290	8,916	2,438	9,103	7,045								
Cyprus	9,780	8,387	8,691	10,013	7,626	10,832	14,570	11,761	8,006	9,062	8,518	6,316	5,250	
Czech Republic	66,351	58,865	58,931	70,059	91,055	104,840	104,802	150,467	97,209	106,964	154,166	170,972	163,723	
Denmark	52,100	70,354	106,402	143,154	156,440	146,214	163,476	166,774	129,706	132,148	260,875	163,900	106,203	
Djibouti									130					
Dominica	50	112	40	135	179	111	102	123	87	27	2	77		
Dominican Republic	2,375	4,612	3,840	1,253	1,577	4,510	7,256	8,418	9,072	13,666	13,357	11,148	10,486	
Ecuador	9,585	8,820	11,781	18,613	5,825	5,886	7,259	11,277	3,572	6,168	14,926	11,901	19,642	
Egypt	524,174	481,594	208,240	357,667	369,165	284,843	224,840	284,398	305,104	538,459	521,741	457,020	419,852	
El Salvador	6,229	5,786	6,695	7,802	10,750	19,552	34,448	34,445	21,471	30,572	32,706	28,393	25,972	
Eritrea			1,363											
Estonia	1,260	1,496	2,093	2,855	5,119	5,094	5,944	12,861	5,446	5,333	19,808	5,961	5,980	
Ethiopia	6,421	4,717	6,622	11,650	5,321	10,990	10,635	14,125	11,578	22,231	19,397	18,627		
Faroe Islands	116	171	204	167	194	2,045	573	710	615					
Fiji		312,624	407,461	426,692	394,569	403,802	406,643	445,434	317,812	367,391	427,565	412,433		
Finland	236,970	226,353	319,884	464,180	414,412	897,685	1,337,364	931,022	274,920	336,593	371,508	175,068	108,543	
France	729,575	788,493	990,472	1,159,591	1,296,962	1,491,444	1,610,354	2,142,434	1,409,446	1,684,509	1,563,425	1,694,074	1,387,924	
French Polynesia	122,122	109,137	178,602	134,280	55,123	49,165	57,421	68,492	62,932	55,249	48,799	68,720	52,641	
Gabon	1,264	0	435	406	786	819	912	2,337	2,592					
Gambia	12	1	107	40	88	305	7	0	56	37	32			
Georgia	428	553	434	1,047	2,598	1,609	1,099	2,086	6,076	31,374	13,244	21,130	26,843	
Germany	1,043,684	1,119,505	1,174,679	1,591,043	1,576,570	2,062,067	2,294,356	2,795,136	2,467,982	2,749,670	3,820,133	3,581,658	2,944,949	
Ghana	39,080		39,399		137,325	70,192	105,567	127,674	92,816	109,104	160,284	211,987		
Greece	36,134	32,873	27,318	44,845	31,852	34,968	99,155	57,312	59,536	30,196	35,798	15,378	10,699	
Greenland	0	3	203	0	0	355	38	737	422	401	501	406	306	
Grenada	947	506	1,969	1,540	392	181	167	298						
Guatemala	6,190	11,864	6,330	7,720	14,678	16,785	29,603	37,477	21,679	13,386	19,406	14,112	12,382	
Guinea	11,875	17,986		12,258	5,939	11,980	19,410	71,665		37,487	33,170	75,377		
Guinea-Bissau			488	0	0									
Guyana	1,373	599	1,756	844	534	1,441	5,948	1,236	2,052	912	3,752	1,759	1,330	
Honduras	8,460	12,441	7,848	5,822	6,314	7,704	20,675	9,006	6,345	8,061	6,895	4,018	2,336	
Hong Kong, China	1,826,738	1,668,862	1,615,222	1,732,761	1,746,871	2,105,621	2,068,653	2,085,168	2,094,117	2,293,386	2,713,256	6,548,532		
Hungary	28,472	20,627	35,088	32,789	17,288	13,396	10,710	19,886	11,741	14,013	18,179	23,588	31,345	
Iceland	64,108	66,498	33,722	16,549	5,113	6,915	50,093	272,806	58,264	24,484	4,837	3,401	3,330	
India	1,243,357	1,346,295	2,036,946	3,549,558	4,899,710	6,502,159	7,680,940	9,568,971	12,017,053	12,061,235	13,416,619	12,928,894	10,871,894	
Indonesia	1,814,128	1,587,248	1,648,417	2,214,917	2,567,140	2,986,265	3,004,012	4,005,314	3,436,015	4,099,039	5,177,069	5,297,648	5,038,166	
Iran (Islamic Republic of)	452,083	313,579	238,372	146,859	138,425	0				100,365	57,487			
Ireland	86,065	108,797	127,987	219,457	162,150	178,106	226,656	177,600	121,465	157,200	148,388	117,167	121,030	
Israel	144,920	118,035	127,473	73,516	115,592	109,388	139,284	240,535	178,577	127,477	152,284	132,398	178,690	
Italy	1,363,125	1,235,676	1,237,058	1,352,773	1,440,324	1,569,769	1,758,211	1,749,959	943,385	1,114,876	1,549,006	986,072	783,270	
Jamaica	18,929	17,534	17,428	21,302	18,218	21,185	30,188	19,462	20,725	18,619	16,173	11,699		
Japan	14,459,944	14,018,041	15,078,828	19,454,410	24,513,205	27,927,415	31,252,148	47,531,823	34,751,479	45,096,684	56,688,393	56,375,193	51,026,036	
Jordan	74,675	59,313	62,898	74,833		66,532	68,581	94,348	101,963	118,509	124,309	206,901	240,889	
Kazakhstan	14,209	5,755	18,717	20,180	31,127	38,129	62,103	55,329	43,049	45,243	47,734	63,167	99,906	
Kenya	44,537	24,416	18,251	13,623	18,747	39,210	22,691	20,137	28,287	40,723	26,945			
Kiribati					26,340		23,519	25,466	19,696	20,522	33,070	26,443		
Korea, Republic of	5,534,106	5,973,306	5,915,604	7,437,675	9,859,427	11,309,135	13,232,242	18,000,176	14,755,931	20,454,635	26,316,083	22,987,588	20,783,891	
Kuwait	271,975	340,082	364,470	320,456		449,414	568,164	524,245						
Kyrgyzstan	233	349	122	188	2,396	4,178	3,539	13,075	7,255	5,479	3,867	5,735		
Latvia	4,739	3,839	1,803	3,162	2,858	3,725	4,492	2,731	1,359	1,389	1,976	1,272	1,698	
Lebanon	34,074	25,753	23,171	39,683	24,278	21,977	24,522	32,417	51,596	52,690	53,392	43,773	49,091	
Lesotho	7	664	4					0	0	533				
Libya							7,330	18,202	18,143	70,908				
Lithuania	5,215	4,806	5,403	3,463	7,917	2,424	4,149	3,386	1,180	1,448	3,348	4,303	3,131	
Luxembourg	2,812	824	4,074	4,010	2,854	1,759	3,012	5,612	8,991	2,891	5,650	3,502	10,850	
Macao, China	28,267	30,885	38,395	48,457	45,253	73,609	78,896	50,490	62,682	52,680		75,608		
Macedonia, The Former Yugoslav Republic of	3,719	5,861	6,715	2,717	4,289	1,776	3,439		3,131	2,398	4,510	2,973	1,852	
Madagascar	5,385	2,143	4,175	6,229	4,803	8,634	35,119	23,714	19,064	11,144	37,139	18,263	16,232	
Malawi	1,064	2,055	2,433	878	1,456	712	719	1,232	4,049	20,551	15,305	10,101	29,796	
Malaysia	1,564,097	1,424,941	1,264,547	1,789,738	2,151,400	2,423,355	2,962,911	3,521,046	2,697,153	3,175,402	4,185,570	4,726,699	5,241,604	
Maldives	8,619	11,178	15,304	17,322	15,883	20,734	25,511	27,148	26,651	30,390	30,805	31,325	32,778	
Mali	5,686	9,785	8,455	8,194	13,964	12,617	23,138	17,328		51,354	49,321	53,901		
Malta	8,675	8,240	9,087	5,411	4,733	38,441	4,719	7,004	6,299	98,872	6,389	38,753	15,899	
Mauritania	113	23	168	7,451	1,915		2,099	2,163	4,617	8,572	46,346	22,889		
Mauritius	81,537	86,477	77,177	103,197	91,337	97,849	88,672	112,661	105,299	138,142	134,387	129,319	142,859	
Mayotte	338	244	372	312	416	339	295	1,261	1,384					
Mexico	347,767	350,977	429,183	403,656	802,356	896,569	785,374	806,568	787,756	770,323	984,190	934,458	518,163	
Mongolia	1,338		19,594	15,499	14,139	17,529	19,469						50,387	
Montenegro						221	618	204	227	337	418	261	118	
Montserrat	1	2	1	11	3	5	15	0	1			0	0	
Morocco	26,892	50,436	8,440	30,426	32,960	18,275	27,326	67,106	52,028	47,665	24,835	27,410	42,358	
Mozambique	8,530	9,117	5,832	2,697	16,812	39,393	7,990	4,604	20,815	13,150	104,075	39,697	96,475	
Myanmar										70,847				
Namibia	698	1,884	1,276	2,013	4,480	4,637	4,479	13,836	7,936	9,562	10,858	12,645	18,395	
Nepal			15,479						29,483	40,276	20,220			
Netherland Antilles					1,240	1,265	1,825	682						
Netherlands	670,492	477,965	474,270	576,242	653,430	698,470	836,028	932,832	1,327,005	1,315,131	2,204,917	2,129,041	1,777,715	
New Caledonia	158,404	138,538	145,358	148,586	162,777	188,902	260,874	327,376	238,867	320,576	353,494	352,956	286,354	
New Zealand	2,914,550	3,418,459	4,189,764	5,189,477	5,405,973	5,378,047	6,361,784	6,190,657	4,702,504	5,483,650	5,765,567	5,818,688	5,212,968	
Nicaragua	5,223	974	905	526	579	1,296	1,408	1,748	1,244	1,911	2,486	3,211	2,729	
Niger	204	96	513	1,502	838	564	807	756	428	600	1,526	4,985	2,444	
Nigeria	15,244	29,460	22,726			374,910	141,716	138,800	333,075	359,453	751,965	426,492		
Norway	104,484	76,692	66,791	77,719	82,731	96,135	158,504	237,629	96,004	102,174	101,682	125,701	130,488	
Oman	141,562	108,423	2,496	188,570	181,966	216,423	316,737	398,000	360,794	413,196	404,206	325,410	276,000	
Pakistan			217,906	396,066	450,930	276,562	427,620	484,203	534,691	467,026	436,558	651,148	456,800	
Palau												1,674		
Palestine, State of							1,968	4,034	2,171	3,744	3,299	12,481		
Panama	1,625	1,647	2,612		1,119	2,040	4,556	6,277	4,887	7,030	8,998			
Papua New Guinea	786,112	702,322	729,699	919,474							2,409,180	2,865,413		
Paraguay	367	711	300	782	1,755	1,610	1,101	1,249	1,130	1,250	2,383	4,420	2,616	
Peru	42,703	25,174	28,186	46,876	63,383	59,022	67,088	77,465	68,479	75,436	110,942	133,493		
Philippines	706,829	616,012	526,243	619,838	577,969	664,698	760,583	956,792	784,676	903,317	1,144,693	1,450,954	1,054,273	
Poland	35,301	23,858	35,937	74,041	96,927	134,424	151,931	146,455	87,985	168,709	178,395	191,130	332,684	
Portugal	31,748	56,056	48,584	33,052	28,910	35,309	52,614	24,848	20,181	16,202	20,316	26,786	19,341	
Qatar	73,594	59,436	80,729	68,742	123,886	208,173	252,164	242,665	214,705	360,352	507,148	726,165	595,049	
Republic of Moldova	53	26	24	208	361	699	342	760	782	676	444	328	427	
Romania	85,801	25,457	42,096	47,242	50,913	90,422	157,166	188,563	25,113	27,270	13,115	23,690	19,287	
Russian Federation	142,228	99,154	92,077	151,397	244,282	495,262	646,316	1,025,162	585,277	768,518	1,009,573	896,276	815,227	
Rwanda	446	504	191	160	325	431	155	3,297	2,674	492	5,386	3,658	1,687	
Saint Kitts and Nevis	38	108	93	66	281	383	278	96	96	85	82			
Saint Lucia	1,089	1,668	2,786	2,454	1,308	2,008	553	2,568						
Saint Vincent and the Grenadines	1,744	1,097	2,292	1,148	1,839	1,547	1,737	2,179	2,027	1,933	2,626	1,090		
Samoa	34,659	27,073	33,332	47,683	48,882	43,490	41,591	73,840	54,322	72,192	34,364	27,870	26,418	
Sao Tome and Principe	0	16	0	10	0	4	0	0	0	0	0	0	0	
Saudi Arabia	1,263,798	1,127,738	988,793	1,280,631	1,673,306	2,065,228	1,946,763	2,473,122	1,668,494	1,641,764	1,725,990	2,157,601		
Senegal	1,763	944	430	651	4,877	3,812	10,677	21,862	12,373	12,566	34,269	70,265	54,276	
Serbia					3,811	5,102	11,616	9,588	7,148	7,827	13,623	10,374	9,127	
Serbia and Montenegro	1,979	2,721		4,394										
Seychelles	3,742	5,988	6,060		4,381	5,915		8,148						
Sierra Leone		71												
Singapore	2,404,806	2,159,454	2,184,824	2,298,524	2,912,261	3,738,479	3,165,915	4,580,811	4,003,549	3,459,198	3,744,250	4,904,252	4,154,503	
Slovakia	14,708	13,591	18,007	13,729	20,613	24,894	23,449	31,656	27,120	29,862	40,067	52,387	44,313	
Slovenia	12,024	9,059	16,404	16,626	20,495	17,178	22,941	17,715	10,318	13,196	14,585	8,366	30,635	
Solomon Islands								62,016	38,725	151,482	149,301			
South Africa	707,798	741,374	797,758	1,123,920	1,150,628	1,404,540	1,458,468	1,630,385	1,083,031	1,312,713	1,585,346	1,416,239	1,336,921	
Spain	444,766	460,389	530,157	614,551	821,596	1,077,063	1,112,215	1,154,173	590,208	859,854	1,178,131	767,631	511,744	
Sri Lanka	161,193	167,659	99,443	162,634	100,134	104,219	104,768	195,272	132,790	185,234	273,486	217,151		
Sudan (North + South)	77,481	90,270	95,048	169,772	239,343	242,011		287,926	278,535	212,780	272,837			
Suriname	154			834	3,049	179	402		367	256	318			
Swaziland	4,037	0	2,562	147	818	0	31							
Sweden	140,866	217,000	202,699	293,079	345,885	385,369	396,505	581,066	334,755	520,854	492,503	316,663	363,026	
Switzerland	101,842	103,402	115,067	122,806	133,381	141,624	159,173	218,192	259,952	307,802	549,247	373,348	307,870	
Syrian Arab Republic	13,768	14,413	15,110	13,136	11,782	7,917	34,540	12,857	27,746	8,614				
Taipei, Chinese	3,082,674	2,829,514	2,716,210	3,414,638	4,715,298	5,342,985	6,130,370	8,301,412	5,976,245	8,925,801	10,893,958	9,293,029	7,927,206	
Tanzania, United Republic of	140,969	73,283	55,420	75,863	47,222	33,482	26,842	102,830	125,735	161,023	145,018	124,164	167,998	
Thailand	1,355,249	1,502,561	1,584,085	2,206,194	3,244,941	3,437,098	3,945,136	5,156,505	3,787,270	5,895,862	7,945,151	5,446,484	5,477,403	
Timor-Leste				20,051	14,145									
Togo	9	27	336	536	206		563	861	443	801	403	1,357	865	
Tonga	15,370	17,013	19,263					17,908	17,442	14,603	12,625	10,296		
Trinidad and Tobago	26,456	17,268	28,061	19,170	9,657	15,636	17,989	16,372	15,616	111,948				
Tunisia	5,190	9,660	5,371	5,908	5,304	8,438	19,991	7,562	9,972	10,272	8,312	23,648	7,651	
Turkey	210,841	285,618	228,663	283,082	294,078	365,887	634,909	827,273	619,534	444,884	747,042	804,439	1,233,073	
Turks and Caicos Islands	0	0	0	0							25	0		
Tuvalu		3,843												
Uganda	20,547	26,445	31,979	33,395	16,347	16,786	5,962	3,667	4,059	3,538	34,999	16,472	25,834	
Ukraine	45,710	49,522	51,878	55,820	85,265	88,119	120,579	407,326	141,195	246,580	169,971	150,821	50,430	
United Arab Emirates					997,028		2,653,820	3,321,108						
United Kingdom	2,405,570	3,840,349	5,728,460	4,724,005	4,514,547	6,540,917	7,180,851	8,629,563	6,111,012	7,012,473	8,121,215	7,105,482	3,529,752	
United States of America	6,803,355	6,816,035	6,730,562	7,899,212	7,657,410	8,541,129	8,956,478	10,925,984	8,220,815	8,793,155	10,361,499	9,642,357	9,208,180	
Uruguay	8,606	11,367	7,292	9,317	5,258	8,906	11,621	16,130	9,315	11,686	14,172	8,980	20,371	
Vanuatu						65,723	62,656		82,047	85,259	83,268			
Venezuela	7,861	7,842	5,434	9,263	12,518	11,975		35,455	40,008	12,622	12,035	13,817	10,686	
Viet Nam	266,446	286,299	278,061	458,794	498,535	1,099,685	1,059,376	1,357,897	1,050,035	1,443,642	2,123,283	1,772,183		
Yemen				68,360	73,520	120,699	77,940	304,040	329,039	233,408	288,542	553,256		
Zambia	1,939	3,630	5,387	18,918	27,085	27,551	32,358	50,314	17,450	36,346	45,387	60,541	92,437	
Zimbabwe	7,582	8,776		6,440	10,429	2,805	3,152	2,671	4,321	2,463	15,741	8,391	33,761	
