List of importing markets for a product exported by Jordan Product: TOTAL All products
"Importers"	"Exported value in 2001"	"Exported value in 2002"	"Exported value in 2003"	"Exported value in 2004"	"Exported value in 2005"	"Exported value in 2006"	"Exported value in 2007"	"Exported value in 2008"	"Exported value in 2009"	"Exported value in 2010"	"Exported value in 2011"	"Exported value in 2012"	"Exported value in 2013"	
World	2,294,432	2,770,019	3,081,625	3,891,112		5,166,645	5,700,017	7,781,765	6,365,744	7,023,137	7,963,486	7,877,136	7,919,621	
Afghanistan	0	24	215	951		273	778	1,139	829	1,226	1,900	1,961	1,711	
Albania	874	126	221	216		433	481	722	288	489	449	287	278	
Algeria	30,253	44,452	57,506	70,224		69,548	92,129	133,100	100,112	127,774	126,930	131,394	139,712	
Angola	33	107	84	162		1,715	1,879	2,338	79	269	291	245	620	
Area Nes	23,980	14,690	9,300	103		0	0	0	0	0	0	0	0	
Argentina	155	178	17	26		81	97	58	148	73	363	390	6,231	
Armenia	0	3	9	26		10	81	40	89	89	100	54	452	
Aruba	0	0	0	0		0	0	0	0	0	0	0	0	
Australia	1,273	1,298	2,216	1,783		1,043	1,922	9,350	3,374	3,942	7,000	14,857	8,453	
Austria	351	448	791	685		2,090	2,984	6,622	9,460	7,454	6,195	4,297	1,571	
Azerbaijan	20	75	402	1,098		1,604	680	1,564	2,382	1,362	1,671	2,201	2,650	
Bahrain	18,665	19,254	18,254	20,879		23,058	79,808	47,916	39,321	50,120	52,009	52,153	50,673	
Bangladesh	664	2,062	1,768	1,075		5,050	1,630	1,033	2,182	9,591	5,084	2,095	9,797	
Belarus	0	141	0	0		0	0	0	0	5	0	0	162	
Belgium	1,360	4,571	10,460	13,193		16,842	12,776	24,398	6,319	15,477	21,684	9,988	16,888	
Benin	4	0	0	45		0	5	201	170	291	314	98	191	
Bolivia	0	0	0	2		0	61	49	157	83	71	52	113	
Bosnia and Herzegovina	166	498	1,293	2,884		1,664	1,876	656	642	859	543	1,259	1,276	
Brazil	3,402	1,351	624	659		4,785	7,373	9,150	6,758	1,080	1,646	5,003	6,549	
Brunei Darussalam	20	6	19	68		202	3	26	53	12	15	21	9	
Bulgaria	3,142	1,517	9,761	10,896		2,697	4,891	7,896	6,241	7,789	42,560	75,316	55,850	
Burkina Faso	0	0	0	1		0	0	9	0	61	58	26	39	
Burundi	17	0	0	0		0	0	0	3	4	107	180	0	
Cambodia	0	0	115	100		260	1,734	951	1,483	671	1,179	27	187	
Cameroon	0	25	3	5		0	41	21	209	144	236	217	279	
Canada	1,168	1,954	2,998	3,180		10,676	11,306	10,404	10,442	13,529	13,676	14,491	34,284	
Central African Republic	0	0	0	0		0	0	0	0	147	0	0	0	
Chad	35	7	0	65		60	773	67	157	332	65	793	1,476	
Chile	0	95	57	130		157	138	125	196	215	421	455	497	
China	42,088	52,019	36,230	39,088		38,066	73,213	112,502	52,675	113,025	203,491	189,552	105,750	
Colombia	55	28	47	70		279	624	693	689	801	938	1,192	1,321	
Comoros	0	0	0	0		0	3	0	0	6	0	1	0	
Congo	0	14	643	23		1,819	973	83	1,950	462	808	4,220	408	
Costa Rica	0	0	0	79		516	103	10	392	285	72	163	230	
Côte d'Ivoire	21	7	49	4		5,715	300	415	245	1,034	1,127	1,317	10,663	
Croatia	4	2,792	2	172		120	76	157	79	240	277	237	195	
Cuba	7	59	179	122		0	349	58	73	0	128	0	3	
Cyprus	610	895	1,637	1,339		1,664	1,577	2,782	2,174	2,662	1,668	3,681	2,108	
Czech Republic	96	140	59	135		223	475	678	991	721	1,035	300	453	
Democratic Republic of the Congo	0	0	0	0		0	0	0	0	0	0	0	0	
Denmark	449	265	188	361		377	1,477	2,227	776	1,113	1,058	768	1,576	
Djibouti	787	829	522	123		806	1,010	1,037	822	1,555	1,836	2,186	864	
Dominican Republic	300	294	353	414		321	563	1,194	526	898	448	615	526	
Ecuador	0	3	1	47		481	620	837	705	1,839	1,240	787	406	
Egypt	23,424	18,980	26,897	31,203		56,915	77,699	153,836	115,073	143,426	125,586	130,359	130,158	
El Salvador	0	8	27	16		92	141	45	81	147	70	40	6	
Eritrea	2,959	524	504	686		785	689	1,060	1,354	531	165	205	454	
Estonia	0	0	3	0		4	33	15	2	5	195	107	4	
Ethiopia	5,906	16,607	7,145	76,039		3,635	27,316	5,403	29,952	103,901	101,324	31,678	45,535	
European Union Nes	0	0	0	0		0	0	0	0	0	0	0	0	
Falkland Islands (Malvinas)	0	0	0	0		0	0	0	0	0	0	0	0	
Fiji	4	0	0	0		0	20	14	0	9	4	0	0	
Finland	3,242	4,290	3,046	5,155		6,292	6,676	1,682	319	210	36	71	51	
France	3,011	3,621	6,241	3,419		5,924	6,052	6,931	4,447	5,167	6,661	6,392	10,843	
Free Zones	259,340	202,839	279,403	297,271		390,726	524,635	660,463	551,752	609,221	691,429	777,030	899,779	
Gabon	31	66	84	59		85	106	6	39	191	1,044	169	341	
Gambia	8	33	13	7		0	0	0	0	0	71	0	0	
Georgia	0	120	13	0		110	241	984	774	783	619	652	94	
Germany	25,980	12,876	12,536	8,806		8,713	16,280	12,418	7,146	6,900	15,221	13,306	10,571	
Ghana	701	144	68	996		352	252	591	454	611	1,854	2,831	1,979	
Greece	3,080	1,989	1,343	1,721		2,972	9,406	2,758	2,648	7,649	17,647	22,613	15,765	
Guatemala	48	490	44	115		105	909	775	488	471	948	448	432	
Guinea	0	0	0	0		10	94	56	226	104	157	171	129	
Guinea-Bissau	12	30	14	4		0	0	0	0	0	0	0	0	
Haiti	0	0	0	1,447		719	295	175	60	152	499	502	187	
Honduras	0	0	20	10		37	0	111	69	219	370	399	224	
Hong Kong, China	2,954	2,573	808	1,083		1,685	5,419	4,421	2,279	3,766	13,936	2,618	3,821	
Hungary	87	45	329	343		3,937	5,845	10,355	7,770	7,526	7,111	6,731	5,583	
Iceland	30	15	0	0		11	69	107	36	2	44	0	1	
India	205,209	226,391	199,004	254,523		396,680	470,630	1,281,584	685,076	782,972	871,201	706,258	485,385	
Indonesia	29,984	20,850	27,110	34,560		21,576	39,257	136,738	139,595	149,106	221,243	283,623	228,774	
Iran (Islamic Republic of)	9,221	11,410	26,710	51,904		65,817	27,874	14,654	10,065	7,381	15,524	7,367	12,669	
Iraq	533,832	603,966	542,514	732,766		633,368	724,567	1,282,648	1,273,361	1,126,243	1,214,260	1,222,697	1,389,561	
Ireland	920	383	342	133		1,250	398	837	1,126	800	854	776	1,142	
Israel	111,972	136,699	108,026	116,160		132,245	154,162	166,313	117,195	96,068	113,318	125,336	113,072	
Italy	8,365	7,773	10,711	22,125		28,519	31,968	58,676	54,663	67,198	70,738	52,542	54,636	
Jamaica	88	88	75	117		186	276	250	303	282	339	531	368	
Japan	12,976	11,970	13,976	16,953		42,478	66,833	157,731	126,954	57,347	46,701	46,558	43,006	
Kazakhstan	58	231	525	503		359	1,585	667	416	422	962	368	590	
Kenya	3,391	1,989	2,231	9,177		8,560	9,867	5,427	6,946	8,968	7,982	8,546	8,022	
Korea, Democratic People's Republic of	0	0	0	232		0	0	0	0	0	0	0	0	
Korea, Republic of	7,195	7,889	5,545	6,931		14,528	20,810	27,557	15,836	24,621	33,035	20,119	18,427	
Kuwait	36,944	36,246	39,686	54,006		96,684	78,579	100,885	76,687	89,614	143,605	105,852	138,679	
Kyrgyzstan	0	0	4	15		7	18	242	46	98	33	186	19	
Lao People's Democratic Republic	0	0	0	0		0	0	0	0	3	0	0	0	
Latvia	0	0	0	0		59	39	152	269	48	51	41	42	
Lebanon	43,100	53,393	50,546	62,173		75,087	108,152	158,208	213,466	231,259	335,652	293,733	154,031	
Liberia	1	5	7	71		28	158	2,867	356	951	1,636	1,069	821	
Libya	30,397	22,795	18,839	27,864		26,121	33,316	40,904	44,286	51,800	25,978	77,615	68,859	
Lithuania	1,657	0	2,233	1,383		161	108	199	15	43	56	152	93	
Luxembourg	3	2	2	3		6	4	29	14	7	38	5	13	
Macedonia, The Former Yugoslav Republic of	0	0	17	535		42	0	149	0	10	28	0	28	
Madagascar	2	0	52	2		14	631	48	549	252	45	0	13	
Malawi	0	2	1	2,797		2,381	3,823	678	0	4	19	0	26	
Malaysia	23,544	17,259	19,459	23,090		44,709	50,410	88,705	27,681	71,440	112,639	70,261	101,738	
Maldives	0	0	0	0		85	101	130	141	108	57	35	13	
Mali	0	3	1	0		0	1	29	50	66	92	43	74	
Malta	147	192	265	685		49	60	36	56	444	9	79	34	
Mauritania	0	0	0	0		347	55	328	111	152	514	1,166	717	
Mauritius	31	956	1,575	1,323		2,431	816	293	4,234	3,422	2,946	2,204	2,257	
Mexico	398	329	700	956		3,601	2,895	2,843	1,663	9,072	25,178	5,603	8,693	
Mongolia	2	0	0	0		0	0	0	2	0	6	4	0	
Morocco	3,394	2,386	1,673	2,420		4,014	7,197	13,098	10,615	13,381	15,898	12,383	9,476	
Mozambique	0	3,083	0	1,238		494	2,265	4,411	1,121	4,401	10,580	8,007	9,406	
Myanmar	0	24	0	0		0	0	0	142	0	82	0	8	
Namibia	20	0	0	0		0	0	0	0	3	13	27	0	
Nepal	14	4	4	6		1	3	18	3,822	51	110	214	30	
Netherlands	2,629	13,230	16,792	17,168		17,358	19,078	67,112	15,344	36,763	38,170	38,549	11,402	
New Zealand	6	14	165	194		354	264	345	346	31	266	738	225	
Nicaragua	3	2	0	0		150	0	0	27	18	705	1	38	
Niger	116	68	0	86		32	178	22	119	102	51	618	49	
Nigeria	4,811	2,231	402	735		892	2,215	3,785	2,080	2,773	4,687	9,280	2,689	
Norway	12	24	41	33		22	21	132	61	48	14	20	2,739	
Oman	13,912	15,182	16,914	15,974		21,691	24,563	35,485	40,274	40,740	40,696	43,806	53,120	
Pakistan	25,623	31,376	22,980	21,349		7,150	31,273	7,150	6,757	12,470	20,106	14,883	15,231	
Palestine, State of	28,231	27,330	25,542	32,272		37,535	44,542	62,003	49,895	66,001	82,424	98,859	116,274	
Panama	577	4	9	152		550	1,581	3,349	2,525	1,142	1,135	641	643	
Papua New Guinea	0	0	0	0		0	0	0	0	0	0	2	0	
Paraguay	0	0	2	0		0	31	0	0	73	60	0	249	
Peru	395	529	818	1,023		464	807	1,248	190	1,010	930	1,246	885	
Philippines	15,385	8,166	8,686	7,723		5,268	5,663	15,153	3,770	17,663	44,691	10,980	12,325	
Poland	2,766	6,266	9,734	9,408		7,714	1,006	14,389	744	829	970	477	274	
Portugal	3,845	3,560	3,420	4,604		3,532	3,821	4,649	1,975	352	3,215	8,736	5,102	
Qatar	25,627	28,390	26,462	23,588		51,011	70,755	84,573	69,650	96,492	93,385	116,613	133,745	
Republic of Moldova	0	72	6	54		771	622	194	410	279	242	322	461	
Romania	1,283	1,880	1,397	1,927		8,884	11,153	12,415	12,261	17,339	20,772	13,177	6,296	
Russian Federation	1,084	1,341	833	725		2,770	6,283	5,104	15,870	16,053	23,051	21,851	6,897	
Rwanda	0	0	32	20		47	172	362	355	149	286	362	434	
Saint Helena	0	0	0	0		0	0	0	0	0	0	0	0	
Saudi Arabia	142,116	156,480	161,714	209,263		366,958	411,129	547,274	579,514	661,698	679,789	771,608	963,295	
Senegal	248	166	105	135		9	26	62	25	557	261	24	23	
Serbia	0	0	0	0		1,471	636	893	59	106	174	128	2,995	
Serbia and Montenegro	108	53	20	557		0	0	0	0	0	0	0	0	
Seychelles	0	0	0	0		32	0	1	0	0	0	21	27	
Sierra Leone	14	25	58	14		0	44	32	14	0	0	226	110	
Singapore	1,811	1,985	563	2,284		573	3,444	1,780	4,753	14,992	7,118	1,805	5,354	
Slovakia	694	334	308	685		1,472	1,423	3,818	1,362	1,307	2,058	2,506	2,199	
Slovenia	34	0	11	8		63	65	86	123	211	498	154	378	
Solomon Islands	0	0	0	0		0	0	0	0	0	0	0	0	
Somalia	499	926	932	954		578	660	552	471	432	507	1,016	1,394	
South Africa	4,588	7,823	5,893	6,362		7,302	7,061	31,263	10,991	17,333	23,162	24,750	36,939	
Spain	8,608	6,724	12,384	18,332		28,457	18,061	37,190	11,441	25,151	39,710	32,483	35,113	
Sri Lanka	1,344	1,845	2,334	3,552		2,084	1,597	1,351	1,672	1,374	6,037	2,316	1,273	
Sudan (North + South)	24,261	34,934	28,654	35,382		54,498	75,506	100,039	82,049	86,254	83,696	64,224	82,463	
Suriname	0	0	0	0		0	0	0	0	0	0	0	0	
Sweden	157	151	293	865		339	996	1,214	721	770	8,893	1,083	1,529	
Switzerland	11,785	48,739	201,369	49,086		273,507	45,542	55,555	111,081	140,636	80,653	29,616	10,318	
Syrian Arab Republic	39,856	69,745	97,100	152,524		268,813	307,573	246,831	232,888	256,483	286,800	219,777	152,394	
Taipei, Chinese	7,971	5,939	9,337	4,825		7,533	16,995	39,809	27,073	31,790	34,413	47,269	26,262	
Tajikistan	0	0	0	0		47	0	23	10	21	30	101	74	
Tanzania, United Republic of	322	299	1,096	5,505		1,516	3,810	2,988	1,681	2,794	1,339	2,643	2,850	
Thailand	5,394	3,706	8,058	7,596		8,524	7,199	18,454	3,410	10,620	32,293	14,621	28,511	
Togo	0	0	0	45		0	0	0	0	106	2,675	4,245	22	
Tunisia	6,384	7,543	6,997	10,909		9,633	13,002	28,691	35,444	26,990	21,490	19,811	17,613	
Turkey	13,896	20,140	14,213	17,966		17,237	25,165	33,020	39,243	60,796	98,138	134,121	103,162	
Turkmenistan	0	151	375	0		36	346	88	0	439	7	0	0	
Uganda	92	64	37	169		602	467	1,168	663	785	1,475	1,823	2,486	
Ukraine	1,516	1,702	4,237	6,293		6,431	7,591	19,223	9,394	14,683	17,270	13,692	11,807	
United Arab Emirates	91,690	95,877	117,262	125,376		291,426	385,426	366,873	251,485	296,061	291,034	318,067	316,326	
United Kingdom	25,514	129,930	10,799	12,831		20,310	25,160	28,332	20,837	23,501	37,616	41,404	32,053	
United States Minor Outlying Islands	0	7	0	0		0	0	0	0	0	0	0	0	
United States of America	234,768	431,723	662,952	1,021,194		1,298,877	1,240,769	1,046,918	872,286	928,400	1,040,465	1,125,340	1,205,678	
Uruguay	20	0	0	27		76	205	123	53	92	230	115	441	
Uzbekistan	3	66	0	0		13	12	947	18	62	34	112	147	
Venezuela	17	38	35	99		212	1,016	211	445	547	824	928	909	
Viet Nam	3,012	2,645	10,642	9,096		17,937	5,680	7,486	2,436	2,691	4,017	3,893	9,531	
Yemen	17,658	18,525	22,646	27,187		36,146	45,537	51,933	46,240	47,663	28,750	42,722	55,498	
Zambia	46	274	545	1,451		97	0	20	132	689	1,058	696	58	
Zimbabwe	15	0	27	44		5	1	0	52	21	13	38	182	
