List of importing markets for a product exported by Netherlands Product: TOTAL All products
"Importers"	"Exported value in 2001"	"Exported value in 2002"	"Exported value in 2003"	"Exported value in 2004"	"Exported value in 2005"	"Exported value in 2006"	"Exported value in 2007"	"Exported value in 2008"	"Exported value in 2009"	"Exported value in 2010"	"Exported value in 2011"	"Exported value in 2012"	"Exported value in 2013"	
World	216,157,869	219,820,522	264,796,482	318,040,303	349,813,023	400,685,883	477,640,554	545,853,405	498,719,735	574,838,492	667,420,951	654,803,197	664,177,528	
Afghanistan	2,691	17,830	14,141	14,112	79,482	29,926	32,452	56,171	103,411	103,151	132,937	108,847	83,601	
Africa not elsewhere specified	129,263	141,466	132,134	90,528	69,674	80,175	158,202	104,108	0	0	0	0	0	
Albania	15,918	8,184	11,031	22,121	23,417	26,760	41,231	52,869	62,646	66,244	48,784	49,322	56,815	
Algeria	174,588	233,937	242,254	300,601	277,757	332,807	508,792	532,709	497,967	562,708	662,045	977,707	1,558,472	
America not elsewhere specified	48	26	16	4	167	109	14,567	7	0	0	0	0	0	
Andorra	6,638	11,204	15,994	16,657	20,631	15,787	16,803	12,564	16,124	16,987	19,907	22,559	21,749	
Angola	106,751	115,346	476,105	162,706	182,648	234,614	349,313	529,074	365,576	329,750	352,647	559,825	476,413	
Anguilla	256	524	697	627	861	838	740	640	522	851	375	968	759	
Antigua and Barbuda	1,796	16,680	5,870	8,556	4,294	4,201	4,501	3,610	8,290	5,696	4,137	40,797	4,654	
Area Nes	1,124,120	1,101,976	435,866	371,763	51,608	333,015	161,859	271,948	0	0	0	0	0	
Argentina	176,947	85,616	142,118	252,784	277,189	299,694	482,721	401,717	370,380	878,177	671,379	870,646	1,277,809	
Armenia	6,095	8,480	8,726	9,209	12,015	16,314	26,888	37,956	59,587	43,646	61,843	54,375	63,466	
Aruba	62,314	83,005	108,702	137,752	88,512	94,185	111,218	89,925	78,053	84,809	96,957	105,058	108,089	
Australia	601,867	699,687	874,873	1,158,019	1,270,018	1,370,767	1,638,595	2,045,360	1,505,474	1,745,144	2,429,608	2,804,566	2,844,191	
Austria	3,429,962	3,158,838	4,028,777	4,660,922	4,701,240	5,476,393	6,744,899	7,172,979	6,479,309	7,615,021	8,477,103	7,905,361	7,939,134	
Azerbaijan	14,176	24,848	56,708	182,527	220,373	152,139	130,223	156,434	118,585	128,832	227,563	209,194	279,513	
Bahamas	65,443	6,689	12,207	19,414	46,645	99,826	109,959	98,376	141,870	166,929	73,739	144,821	52,059	
Bahrain	65,870	66,077	75,631	99,242	115,198	138,946	152,747	170,225	151,060	159,558	184,718	178,198	175,491	
Bangladesh	58,317	65,587	47,416	85,161	56,884	54,348	56,858	70,698	81,420	153,323	182,534	159,609	195,428	
Barbados	8,752	16,180	11,819	10,668	13,144	9,346	35,139	16,525	14,965	13,932	18,106	11,186	9,420	
Belarus	90,019	85,751	111,052	134,101	166,318	233,680	338,180	431,361	281,720	352,813	394,362	394,093	434,728	
Belgium	25,530,576	25,964,662	31,037,426	36,606,944	40,914,697	49,767,758	56,823,199	63,312,897	59,252,080	69,741,327	86,120,709	84,718,387	81,841,782	
Belize	4,926	8,400	5,072	6,298	7,651	5,089	6,415	7,253	5,708	6,920	6,150	6,109	11,105	
Benin	48,138	49,935	53,800	41,966	46,685	71,044	82,326	204,358	256,106	345,753	805,959	191,065	146,699	
Bermuda	3,944	41,072	54,037	31,326	73,232	80,983	95,737	9,197	10,485	9,622	11,479	15,690	6,672	
Bhutan	185	184	141	328	623	1,300	404	619	704	540	625	659	2,375	
Bolivia	4,945	5,815	9,496	7,631	12,721	12,234	16,360	27,720	21,260	36,575	45,632	67,759	181,011	
Bosnia and Herzegovina	40,972	53,137	55,303	76,584	98,837	89,400	116,109	150,240	114,730	114,306	126,874	128,201	145,700	
Botswana	17,091	16,128	18,631	6,019	8,200	5,710	8,945	15,281	12,876	8,628	18,747	6,917	11,591	
Brazil	718,179	685,441	650,424	794,296	928,796	1,111,681	1,663,311	1,814,460	1,416,607	2,228,761	2,930,523	3,565,017	2,648,623	
British Indian Ocean Territories	4	0	97	6	5	74	173	1	1,128	2	0	66	66	
British Virgin Islands	3,307	2,930	3,047	191,041	43,358	65,266	72,233	136,375	40,305	92,363	248,600	28,599	49,528	
Brunei Darussalam	9,499	7,787	5,496	12,057	9,604	9,637	14,029	15,781	21,899	19,571	19,388	21,580	38,584	
Bulgaria	150,433	194,760	258,834	357,645	378,612	444,124	683,803	816,433	596,387	656,326	890,525	1,044,593	983,617	
Burkina Faso	7,602	9,549	15,511	13,939	16,184	16,856	15,893	22,258	30,033	38,930	46,774	59,654	66,727	
Burundi	4,803	2,284	2,078	7,601	7,547	4,444	4,021	5,124	5,033	4,827	8,520	9,047	12,559	
Cabo Verde	22,810	19,934	28,842	34,216	31,940	60,984	84,554	107,414	107,626	148,234	243,288	158,270	202,427	
Cambodia	1,142	633	1,412	1,617	4,542	3,380	6,466	3,836	4,959	6,815	13,887	15,207	14,909	
Cameroon	42,945	56,406	63,681	71,974	58,090	65,803	72,827	98,036	103,081	86,626	142,379	200,669	139,452	
Canada	884,918	886,853	1,066,992	1,210,970	1,361,908	1,521,819	2,068,177	2,542,424	1,519,996	1,738,808	2,273,424	2,250,290	3,128,555	
Cayman Islands	69,288	162,656	119,667	105,946	156,263	256,792	250,933	202,832	231,580	250,106	449,443	292,804	326,742	
Central African Republic	1,612	1,749	1,691	3,373	20,625	40,443	38,412	24,217	27,359	129,704	82,063	102,430	74,901	
Chad	8,812	8,199	13,769	12,499	16,823	13,028	18,935	31,823	35,759	25,697	22,081	25,379	29,618	
Chile	170,114	140,576	192,375	266,612	281,614	423,799	648,675	326,038	337,549	454,373	511,998	602,960	682,708	
China	1,092,287	1,437,288	1,837,535	2,879,072	3,179,432	4,098,818	5,016,584	5,676,591	6,446,667	7,092,753	9,312,434	10,122,738	10,965,427	
Christmas Islands	0	65	21	0	602	308	92	0	15	1	4	0	15	
Cocos (Keeling) Islands	48	3,283	2,550	284	1,326	465	772	889	289	0	13	140	281	
Colombia	80,919	77,986	148,877	176,386	384,674	329,624	381,688	385,668	250,917	371,136	429,881	383,550	543,523	
Comoros	1,697	2,367	1,582	2,074	1,800	2,195	1,636	2,423	1,748	2,772	4,521	7,719	4,142	
Congo	35,893	33,882	32,206	43,910	52,361	55,377	72,062	106,975	118,437	115,288	159,596	135,235	144,858	
Cook Islands	4	13	5	719	35	5	11	152	26	1	69	809	495	
Costa Rica	54,906	114,066	153,231	141,577	92,636	155,017	158,840	288,209	123,201	125,170	125,502	96,862	113,293	
Côte d'Ivoire	63,755	72,288	87,517	78,291	113,363	100,553	124,938	140,804	262,344	197,020	149,297	206,747	250,514	
Croatia	215,922	259,514	354,821	416,226	483,895	547,669	651,469	780,322	643,819	662,742	697,936	606,806	575,060	
Cuba	53,514	51,152	57,073	61,804	123,525	88,802	98,228	136,165	89,347	108,443	125,136	138,817	143,316	
Cyprus	102,674	128,040	153,210	209,183	232,199	340,271	394,671	544,371	468,983	524,880	655,735	617,640	674,951	
Czech Republic	1,159,615	1,422,239	1,827,241	2,953,606	4,266,220	5,081,692	6,646,995	6,602,033	6,147,880	8,149,636	9,469,423	8,794,780	8,637,176	
Democratic Republic of the Congo	29,232	42,021	37,618	34,812	58,452	65,222	78,780	130,655	130,180	142,263	162,971	146,425	157,705	
Denmark	3,072,432	3,202,899	3,692,900	4,488,784	5,318,378	5,449,787	6,553,127	7,457,642	6,066,942	6,793,181	8,079,443	7,920,087	8,584,326	
Djibouti	17,414	25,371	17,391	18,128	19,481	33,097	36,983	33,014	28,142	25,803	34,076	33,913	36,830	
Dominica	2,810	2,583	2,463	2,390	2,275	2,258	2,405	2,576	3,777	3,244	3,870	3,632	3,637	
Dominican Republic	50,448	59,530	56,449	52,831	65,344	77,855	70,968	75,153	66,278	105,310	108,803	109,095	121,228	
Ecuador	40,873	51,891	74,579	120,996	153,359	146,766	110,444	129,419	145,667	117,656	186,218	180,195	235,807	
Egypt	334,826	358,270	372,079	529,740	776,220	889,070	1,059,660	1,353,452	1,138,537	1,465,798	1,457,611	1,733,281	1,643,869	
El Salvador	10,905	16,144	14,546	15,611	16,232	31,986	24,440	25,515	21,723	29,214	38,493	31,056	40,628	
Equatorial Guinea	11,932	17,258	20,406	23,130	24,347	38,364	48,929	34,345	52,669	48,525	69,949	51,072	67,775	
Eritrea	9,813	7,426	7,931	6,696	4,779	15,660	3,370	1,754	1,929	2,477	4,583	3,391	5,667	
Estonia	108,909	134,499	191,591	257,730	391,854	649,331	589,762	526,500	366,389	435,592	550,074	822,271	1,069,612	
Ethiopia	20,016	17,932	61,789	66,936	51,183	43,918	51,739	51,883	74,498	79,298	72,167	119,512	134,873	
Europe Othr. Nes	357,033	388,648	421,357	508,177	355,714	335,574	195,022	587,869	0	0	0	0	0	
Falkland Islands (Malvinas)	407	64	144	95	277,442	105	11,105	202	5,710	10,886	56,763	9,677	237	
Faroe Islands	2,209	1,980	8,509	8,566	5,575	21,387	14,972	10,311	17,283	13,916	24,182	14,631	27,486	
Fiji	4,173	1,295	1,818	5,351	4,103	15,207	3,665	5,486	2,462	1,400	7,380	2,692	2,440	
Finland	2,132,278	2,330,070	2,804,749	3,318,919	4,033,197	4,563,783	5,259,309	5,431,900	4,167,982	5,420,167	6,376,995	6,282,937	6,300,228	
France	22,343,514	22,107,628	26,533,338	30,705,348	32,004,652	33,023,335	39,195,282	47,707,807	43,245,629	48,886,911	56,359,201	52,860,251	53,446,768	
French Polynesia	6,109	7,543	12,447	12,584	8,744	16,067	14,746	19,696	15,145	14,413	16,908	12,901	14,626	
French South Antarctic Territories	89	151	3,570	2,444	1,877	1,039	2,180	3,345	4,393	2,222	2,434	4,254	2,322	
Gabon	31,164	37,174	43,625	57,064	54,852	80,612	112,400	102,324	93,350	103,245	115,790	127,431	247,182	
Gambia	21,941	20,981	24,409	23,849	23,682	28,697	40,810	42,897	35,120	36,962	43,779	33,091	37,618	
Georgia	12,374	17,944	17,754	24,280	36,816	57,037	58,574	83,937	61,647	77,365	90,402	99,641	121,376	
Germany	55,260,689	53,348,195	64,216,028	75,773,807	83,272,317	99,146,668	112,490,195	133,509,595	112,996,214	133,109,903	160,412,034	146,733,606	149,856,812	
Ghana	95,247	122,894	132,718	197,073	210,703	238,549	313,283	355,150	280,963	449,814	934,195	1,491,771	1,316,864	
Gibraltar	32,989	62,241	95,998	42,255	229,564	356,219	564,390	470,800	1,158,051	1,302,147	3,036,196	2,091,487	1,257,651	
Greece	1,832,440	1,918,052	2,342,556	2,756,272	2,901,840	3,128,816	3,770,620	4,447,188	3,682,669	3,413,318	3,377,237	2,830,507	3,072,121	
Greenland	117	262	394	829	2,050	4,385	2,335	1,779	9,843	22,709	2,820	44,579	7,865	
Grenada	2,540	2,688	5,142	3,617	4,097	4,385	6,035	4,823	3,904	3,908	3,537	3,648	4,395	
Guatemala	17,842	24,596	28,668	40,824	49,682	67,433	77,429	55,629	64,591	73,127	66,776	70,307	67,606	
Guinea	23,769	22,483	41,590	63,267	52,903	95,505	164,195	260,404	212,146	314,996	414,937	471,741	771,870	
Guinea-Bissau	3,331	3,217	4,167	6,375	7,109	6,858	8,308	9,139	24,980	8,967	11,222	8,722	10,382	
Guyana	11,683	13,684	15,107	13,807	15,334	26,029	15,032	28,611	17,195	20,875	25,949	25,489	26,835	
Haiti	19,348	14,948	15,492	16,598	14,432	23,213	19,314	21,983	21,020	34,040	33,240	36,560	46,602	
Honduras	24,729	18,051	24,309	24,312	25,066	36,337	31,348	33,730	43,943	37,218	46,040	34,668	48,775	
Hong Kong, China	902,925	923,935	998,494	1,129,570	1,115,616	1,202,848	1,429,039	1,607,061	1,601,791	1,814,402	2,341,049	2,350,375	2,587,028	
Hungary	1,055,187	1,249,028	1,778,218	2,397,855	3,028,117	3,140,325	3,894,095	4,014,913	3,459,749	3,767,324	4,192,553	3,785,642	3,834,036	
Iceland	115,055	123,209	234,263	281,715	474,479	463,442	558,715	454,997	328,729	380,896	457,908	428,237	430,014	
India	481,361	483,176	618,908	959,313	1,104,663	1,379,151	2,169,165	2,306,178	2,229,807	2,133,220	2,502,318	2,368,919	2,062,344	
Indonesia	310,458	351,945	440,545	496,070	435,384	562,019	970,251	1,140,589	740,986	600,447	728,326	785,854	975,490	
Iran (Islamic Republic of)	241,490	306,124	414,869	615,621	907,249	830,938	655,962	683,283	650,644	761,984	832,531	473,297	349,492	
Iraq	30,860	29,940	37,468	96,690	72,792	62,585	69,219	113,856	214,186	280,725	340,785	407,323	473,856	
Ireland	2,078,086	2,287,885	3,151,242	3,295,678	3,441,783	3,882,378	4,795,216	4,888,137	3,762,929	3,829,729	3,704,122	3,927,302	4,564,968	
Israel	910,354	908,012	991,405	1,206,198	1,445,930	1,646,437	1,814,398	1,862,254	1,442,533	1,603,777	2,119,306	1,776,711	1,962,104	
Italy	13,543,997	13,527,578	16,073,566	19,517,779	20,070,466	20,174,179	23,723,791	28,964,679	22,412,723	24,617,640	26,789,026	24,570,871	24,923,013	
Jamaica	19,165	23,677	28,677	22,988	38,831	30,285	23,404	21,698	22,902	22,625	21,182	19,119	26,305	
Japan	2,259,386	2,233,187	2,473,146	2,720,952	2,755,465	2,771,986	3,488,903	4,339,437	3,309,673	3,914,540	4,553,128	4,216,899	3,956,972	
Jordan	94,160	104,347	142,791	169,333	213,601	224,891	238,800	322,002	263,977	285,713	302,164	307,941	349,601	
Kazakhstan	105,490	98,979	138,862	293,294	333,639	395,635	539,552	498,456	455,574	480,332	593,368	647,705	585,552	
Kenya	64,497	65,400	91,978	110,363	153,893	154,599	178,298	200,252	360,064	436,145	307,579	241,873	315,021	
Kiribati	5	57	54	6	30	244	51	1,213	88	23	202	79	250	
Korea, Democratic People's Republic of	10,714	17,235	13,208	120,513	34,974	21,958	13,642	19,479	5,407	2,124	1,970	1,659	1,574	
Korea, Republic of	984,854	1,184,599	1,487,489	1,889,037	2,631,271	3,132,102	3,703,907	3,633,776	2,386,697	4,241,674	5,060,652	4,249,845	4,578,232	
Kuwait	147,036	181,604	235,818	297,111	297,172	328,846	488,605	461,197	405,430	423,091	445,245	482,135	634,257	
Kyrgyzstan	4,814	27,965	43,254	6,420	10,248	20,796	30,488	38,228	24,947	24,895	39,591	39,401	33,914	
LAIA not elsewhere specified	157,770	168,365	132,111	50,979	51,610	24,457	0	35,720	0	0	0	0	0	
Lao People's Democratic Republic	2,162	5,284	1,793	843	964	394	1,223	554	1,124	1,735	1,489	2,197	8,279	
Latvia	141,479	152,486	177,474	200,084	296,871	409,341	500,833	629,774	342,987	419,326	575,799	563,423	754,157	
Lebanon	121,106	144,918	163,556	198,982	197,435	215,265	249,311	300,895	346,539	354,202	365,760	607,988	587,075	
Lesotho	237	110	348	857	343	3,040	1,446	2,315	638	697	1,781	2,489	1,006	
Liberia	12,110	8,866	12,009	31,534	26,430	28,532	47,608	79,926	55,338	29,518	57,974	165,590	43,372	
Libya	132,022	157,123	142,628	160,267	166,849	170,619	311,228	318,713	395,307	343,087	292,508	512,844	606,347	
Lithuania	162,128	202,092	273,256	299,777	467,712	595,449	819,653	900,757	652,780	776,359	1,057,997	1,085,490	1,141,386	
Luxembourg	670,054	657,995	914,848	1,143,597	1,313,742	1,536,543	1,601,032	1,765,882	1,557,071	2,018,473	2,203,584	2,168,292	1,716,092	
Macao, China	1,128	1,333	1,624	4,048	5,710	8,974	11,123	8,852	13,846	19,990	56,281	44,722	32,921	
Macedonia, The Former Yugoslav Republic of	52,806	55,195	68,799	70,741	79,786	88,607	115,374	145,317	107,670	119,847	134,307	102,208	112,118	
Madagascar	12,009	3,713	11,431	8,027	6,820	7,734	54,840	48,039	22,284	14,108	23,253	18,885	21,716	
Malawi	3,355	3,223	2,806	5,819	6,108	8,278	8,538	10,918	8,228	9,152	15,932	12,512	15,934	
Malaysia	425,712	428,254	441,005	557,156	572,990	675,242	767,218	775,875	861,475	918,419	938,158	1,126,689	1,086,495	
Maldives	6,311	4,705	11,074	8,496	7,988	9,056	8,996	19,271	9,910	9,460	14,738	7,823	8,190	
Mali	11,159	11,484	20,684	18,558	20,565	21,276	26,053	28,250	26,533	31,670	50,622	52,117	73,203	
Malta	96,858	86,376	106,875	124,208	141,196	189,537	225,522	261,476	346,171	330,235	355,299	347,457	319,182	
Marshall Islands	326	497	490	470	583	803	824	77,855	847	492	2,004	2,028	66,812	
Mauritania	16,611	20,511	34,595	36,487	30,087	27,820	50,957	114,615	189,685	287,293	308,150	389,236	520,552	
Mauritius	13,961	13,893	20,167	18,775	21,499	22,029	67,060	72,435	38,877	60,258	38,615	38,295	47,276	
Mayotte	792	759	934	1,580	2,656	2,682	3,763	4,070	3,503	4,028	4,035	6,354	8,757	
Mexico	430,765	554,861	557,876	718,610	863,133	1,567,252	2,013,951	3,382,563	1,967,675	2,696,878	3,158,380	3,734,029	3,500,465	
Micronesia (Federated States of)	72	83	49	66	104	29	52	37	4	2	88	36	118	
Mongolia	2,573	1,956	6,690	2,020	3,360	3,514	5,608	12,449	7,182	13,881	23,530	39,392	42,460	
Montenegro	0	0	0	0	0	274,639	32,665	46,630	38,182	37,184	54,250	48,595	55,568	
Montserrat	558	174	589	307	327	368	335	264	247	237	185	521	263	
Morocco	251,833	284,181	346,554	481,327	622,309	641,529	1,176,692	990,567	955,026	889,755	1,133,562	1,180,636	887,224	
Mozambique	6,146	14,313	6,188	9,306	15,072	25,858	26,213	29,066	22,906	75,731	81,909	58,743	43,792	
Myanmar	5,039	4,398	5,199	4,989	12,071	6,824	8,413	6,886	4,279	2,434	5,619	7,142	13,455	
Namibia	4,925	3,683	7,213	8,414	5,100	12,821	27,209	125,713	78,282	70,341	18,278	63,704	49,664	
Nauru	124	116	41	179	25	13	0	94	74	27	22	39	266	
Nepal	2,999	2,632	2,872	3,577	5,687	6,688	8,525	7,655	7,921	7,515	10,677	11,964	12,105	
Netherland Antilles	156,893	167,275	189,291	201,265	239,037	333,970	406,002	425,798	280,695	279,621	339,549	392,724	101,857	
New Caledonia	3,954	3,712	7,830	10,057	12,800	15,393	12,708	19,674	10,071	18,563	16,621	15,689	16,582	
New Zealand	97,646	117,384	139,570	183,691	222,395	203,147	247,551	287,467	201,150	197,463	249,084	299,741	373,245	
Nicaragua	5,244	3,489	6,786	6,449	8,956	16,211	11,707	11,563	10,177	18,831	14,034	55,376	21,187	
Niger	11,343	14,163	14,536	19,619	15,611	32,009	24,542	45,447	109,584	56,392	34,118	141,789	45,399	
Nigeria	541,285	546,903	822,774	1,067,345	1,340,236	1,635,970	2,800,570	4,510,801	3,365,247	4,488,458	5,350,237	3,464,988	3,472,671	
Niue	17	0	0	0	19	63	0	3	28	0	0	6	43	
Norfolk Island	0	24	0	0	4	0	12	1	0	0	6	128	0	
Northern Mariana Islands	53	101	3	220	271	10,428	450	800	112	18	3	30	254	
Norway	1,682,170	1,856,463	2,194,296	2,745,770	3,087,053	3,232,475	4,167,317	4,489,431	4,697,196	4,657,950	4,969,030	5,390,826	5,693,232	
Oceania Nes	79,670	22,556	86,759	14,903	4,636	6,235	10,079	5,682	0	0	0	0	0	
Oman	84,064	79,759	118,092	147,648	145,829	200,836	294,813	358,481	287,990	221,049	379,908	448,899	419,811	
Pakistan	152,120	138,361	205,226	257,837	277,246	323,190	396,038	389,436	413,515	460,610	356,740	376,068	422,985	
Palau	19	13	0	2	11	83	3	0	0	83	155	118	6	
Palestine, State of	3,796	4,169	4,578	6,264	8,166	8,769	9,588	11,612	10,443	13,443	8,900	8,090	9,634	
Panama	33,402	25,970	63,344	36,107	64,800	56,841	69,048	78,778	82,802	117,016	206,190	206,464	128,265	
Papua New Guinea	3,689	4,902	7,455	7,950	4,475	13,283	19,154	20,760	17,852	31,455	32,765	29,938	24,435	
Paraguay	5,342	4,573	6,316	7,370	8,887	9,959	20,673	35,410	19,584	43,878	59,540	36,531	68,765	
Peru	41,825	41,362	60,913	60,675	87,366	98,645	133,235	180,161	135,112	212,978	219,416	261,927	226,055	
Philippines	187,085	180,440	240,534	440,476	397,934	410,654	447,382	456,265	342,434	377,504	403,878	406,628	484,147	
Pitcairn	2	0	156	0	0	0	33	74	0	13	20	37	1	
Poland	2,317,542	2,612,665	3,132,378	4,016,943	4,972,498	6,063,109	8,592,004	10,699,138	9,022,859	10,889,977	12,890,960	12,133,490	13,368,453	
Portugal	1,749,977	1,660,282	2,135,437	2,457,442	2,537,341	2,697,227	3,243,483	3,625,133	4,045,118	4,529,901	4,139,297	3,863,607	4,021,159	
Qatar	86,952	86,777	90,633	136,424	187,046	278,587	432,521	528,006	450,936	419,751	398,783	466,703	526,702	
Republic of Moldova	28,311	30,557	35,485	38,115	47,329	47,530	78,299	88,649	60,654	67,356	82,948	66,738	84,587	
Romania	374,385	494,905	642,457	844,319	1,046,683	1,433,138	1,917,396	2,552,187	1,880,488	2,106,155	2,453,419	2,407,282	2,605,311	
Russian Federation	1,908,528	2,330,430	3,154,954	4,005,169	5,317,377	6,651,260	8,950,422	9,665,095	5,909,357	7,629,861	9,767,609	10,496,385	10,380,136	
Rwanda	6,557	5,439	6,678	8,770	9,760	13,874	12,561	21,433	21,933	16,907	35,703	49,948	51,495	
Saint Helena	24	21	35	58	9	10,181	5,149	7	133	11,574	93	5	8,959	
Saint Kitts and Nevis	326	408	382	379	1,444	1,793	1,602	467	421	8,722	1,296	4,610	1,725	
Saint Lucia	1,321	1,493	2,562	3,103	80,470	39,885	50,661	4,256	2,464	2,683	2,621	3,179	5,390	
Saint Vincent and the Grenadines	910	1,284	3,575	1,482	2,644	5,990	2,967	3,348	2,024	2,232	2,030	1,767	2,164	
Samoa	58	256	7	20	81	112	45	1,493	222	193	231	147	53	
Sao Tome and Principe	1,156	2,092	2,427	2,950	1,924	2,452	2,232	2,759	2,056	4,831	1,980	1,132	1,138	
Saudi Arabia	735,062	835,215	985,309	1,168,982	1,436,922	1,867,483	2,045,214	2,309,956	2,028,861	2,163,437	2,375,779	2,874,723	3,203,937	
Senegal	57,679	75,356	65,040	72,776	99,537	200,453	446,693	216,376	261,283	304,579	579,190	382,906	884,475	
Serbia	0	0	0	0	0	42,478	433,402	565,592	387,819	374,200	440,812	393,599	485,759	
Serbia and Montenegro	90,221	138,483	194,794	277,572	264,563	0	0	0	0	0	0	0	0	
Seychelles	4,049	5,646	6,004	6,109	9,605	9,845	9,376	11,491	11,227	10,073	20,681	19,114	22,486	
Ship stores and bunkers	0	19,192	1,063,877	1,547,103	1,932,585	2,472,616	3,363,652	4,793,230	2,839,923	3,334,812	2,791,730	3,242,027	3,502,706	
Sierra Leone	35,490	32,984	26,163	23,765	29,208	27,191	29,512	27,907	28,711	31,635	51,651	46,202	57,709	
Singapore	977,528	1,202,508	1,113,445	1,613,225	1,494,037	1,867,488	2,423,222	2,796,591	2,843,450	3,802,253	4,149,765	5,483,401	4,980,832	
Slovakia	270,201	326,871	405,395	509,215	653,162	793,877	1,144,335	1,573,452	1,776,789	2,176,385	1,973,639	1,958,566	2,211,217	
Slovenia	282,738	304,911	350,176	471,846	575,000	765,821	869,347	956,152	749,956	829,464	1,094,290	885,363	955,969	
Solomon Islands	147	61	172	263	336	197	302	116	89	235	344	1,398	1,703	
Somalia	2,298	3,216	1,036	1,071	3,515	4,989	3,734	2,539	3,794	3,420	4,768	4,961	5,821	
South Africa	736,109	694,240	910,735	1,231,839	1,473,240	1,782,437	2,194,546	2,096,064	2,001,011	2,298,484	2,788,773	3,106,263	2,867,659	
Spain	7,590,524	7,793,718	9,920,637	12,557,130	13,556,531	14,285,443	17,241,093	18,759,252	16,772,368	19,015,525	19,017,049	17,369,418	17,324,042	
Special categories	0	0	0	0	0	0	73,069	0	39,697,415	41,764,407	42,014,281	46,309,162	46,703,925	
Sri Lanka	37,763	33,505	44,679	46,030	60,111	74,818	74,052	84,583	55,492	68,079	83,287	68,792	97,630	
St. Pierre and Miquelon	339	484	376	411	423	668	524	648	507	483	592	660	855	
Sudan (North + South)	55,313	57,748	74,393	122,385	188,618	160,054	107,699	131,884	109,702	111,351	144,909	114,841	119,015	
Suriname	75,043	88,659	112,335	129,456	144,990	165,502	195,187	203,510	232,637	215,653	259,741	307,118	283,303	
Swaziland	479	688	1,138	2,168	1,953	1,539	4,758	2,545	1,316	3,752	6,935	2,561	2,340	
Sweden	4,436,745	4,217,891	5,265,525	6,505,531	7,228,625	7,611,623	8,681,973	9,523,501	7,960,909	10,193,772	11,941,527	12,330,227	13,554,845	
Switzerland	3,510,068	3,663,042	4,311,739	4,862,763	5,075,899	6,078,181	6,520,949	7,297,604	6,993,026	7,445,279	7,222,081	7,498,881	7,518,279	
Syrian Arab Republic	84,833	110,425	122,958	131,170	172,713	168,703	315,508	238,813	271,741	290,831	188,021	98,721	55,387	
Taipei, Chinese	1,859,636	1,633,397	1,708,553	2,622,513	2,304,259	2,601,724	3,060,649	2,249,364	1,775,058	3,230,978	3,114,161	3,629,496	4,726,644	
Tajikistan	6,006	2,261	2,616	4,382	1,953	4,718	6,609	7,604	4,087	5,829	5,811	8,919	10,492	
Tanzania, United Republic of	29,765	29,360	41,012	60,652	83,235	80,270	86,834	140,341	85,710	115,544	169,598	133,873	182,065	
Thailand	533,539	508,753	639,558	733,307	805,725	884,380	1,032,596	1,106,392	922,409	1,020,698	1,171,807	1,268,335	1,178,792	
Timor-Leste	541	605	769	1,505	1,479	83	887	830	472	670	832	16,692	589	
Togo	22,855	51,662	79,523	45,339	92,315	140,358	278,416	261,224	191,255	170,257	213,704	1,664,169	940,919	
Tokelau	20	28	147	321	519	8,219	10,133	9,396	9,877	1,565	3,000	1,791	2,195	
Tonga	150	49	55	34	46	97	27	100	302	400	137	81	201	
Trinidad and Tobago	44,041	32,268	38,212	58,914	60,540	54,127	52,906	97,992	63,851	77,010	57,371	117,664	78,187	
Tunisia	173,013	196,650	222,238	271,318	278,098	329,565	356,402	361,510	325,616	358,384	358,338	305,821	345,044	
Turkey	1,246,357	1,537,034	2,236,284	3,043,087	3,800,173	4,159,084	5,180,939	5,673,342	4,638,373	5,888,811	6,725,046	6,236,471	6,676,779	
Turkmenistan	5,379	10,733	12,459	16,831	21,064	18,934	24,332	39,253	91,848	57,391	72,482	114,115	84,874	
Turks and Caicos Islands	898	1,297	1,838	4,884	4,355	4,640	7,903	3,498	556	517	993	3,417	1,144	
Tuvalu	2	10	0	1	22	8	22	78	0	2	0	20	0	
Uganda	13,247	14,423	15,566	20,024	32,292	28,926	35,930	44,773	36,120	53,978	53,946	66,865	82,049	
Ukraine	250,804	345,328	477,935	664,252	1,062,690	1,328,805	1,897,479	1,847,538	965,863	1,258,219	1,477,724	1,611,858	1,568,557	
United Arab Emirates	776,931	870,067	1,216,205	1,576,565	1,981,099	2,366,811	3,083,193	3,255,467	2,786,318	2,987,598	3,344,053	3,712,291	3,738,068	
United Kingdom	24,080,586	24,116,274	27,099,924	32,052,954	32,219,564	35,714,631	43,508,163	49,490,835	37,344,585	40,751,356	46,845,405	47,615,041	52,290,877	
United States Minor Outlying Islands	415	616	833	857	1,882	1,384	1,923	1,582	14,427	31,164	139,107	74,693	8,757	
United States of America	9,452,658	10,749,342	12,957,978	14,815,764	16,893,022	20,289,209	23,904,586	24,293,453	16,342,517	18,473,719	23,641,634	25,581,335	21,649,462	
Uruguay	34,528	19,307	23,749	26,473	27,598	43,738	62,571	63,339	62,078	85,694	213,080	110,545	95,759	
Uzbekistan	14,026	12,142	34,399	34,618	35,007	30,744	48,978	82,547	63,134	72,760	88,311	70,433	84,793	
Vanuatu	428	156	128	126	481	323	114	262	204	424	283	419	428	
Venezuela	131,306	103,341	93,493	130,897	204,519	326,864	400,207	423,581	364,143	377,582	516,366	701,461	466,466	
Viet Nam	66,801	78,485	113,822	161,224	183,769	287,520	445,800	538,666	576,941	610,185	724,321	724,788	738,495	
Wallis and Futuna Islands	206	188	216	117	139	90	95	128	91	591	1,007	910	1,045	
Yemen	48,782	54,108	67,552	67,576	67,240	87,052	120,081	107,530	149,636	123,263	95,702	268,669	124,805	
Zambia	4,451	4,798	8,508	12,269	25,146	37,332	43,031	35,223	24,834	35,447	56,538	56,228	70,035	
Zimbabwe	12,242	13,491	16,018	22,281	19,795	13,811	36,616	20,032	22,463	32,137	31,758	29,424	33,174	
