List of importing markets for a product exported by Austria Product: TOTAL All products
"Importers"	"Exported value in 2001"	"Exported value in 2002"	"Exported value in 2003"	"Exported value in 2004"	"Exported value in 2005"	"Exported value in 2006"	"Exported value in 2007"	"Exported value in 2008"	"Exported value in 2009"	"Exported value in 2010"	"Exported value in 2011"	"Exported value in 2012"	"Exported value in 2013"	
World	66,492,424	73,112,665	89,256,767	110,829,757	117,721,712	134,169,531	156,588,407	172,227,952	137,142,572	152,578,527	177,613,242	166,792,264	174,667,605	
Afghanistan	142	5,399	3,742	26,407	19,532	15,429	15,002	8,176	9,931	19,682	12,869	16,767	14,607	
Africa not elsewhere specified	0	0	0	507	504	633	855	434	0	0	0	0	0	
Albania	8,213	15,594	19,899	30,305	49,849	41,168	64,542	82,447	79,155	77,851	99,236	70,458	64,868	
Algeria	90,035	65,881	86,242	130,853	168,166	159,179	258,504	254,205	213,944	203,589	201,928	282,008	296,638	
Andorra	1,338	2,765	2,703	8,236	8,575	6,344	6,483	8,531	3,719	4,207	4,726	5,186	6,844	
Angola	1,596	2,037	7,558	5,194	4,033	11,851	18,092	28,962	35,198	12,747	22,578	33,430	26,449	
Anguilla	44	45	173	61	64	468	399	40	94	275	77	21	18	
Antigua and Barbuda	4,018	66	159	214	1,916	640	648	557	228	260	232	227	133	
Area Nes	0	165,675	202,310	102,786	205,983	188,209	161,657	31,002	0	0	0	0	0	
Argentina	81,156	28,530	48,430	82,044	90,213	115,300	139,577	170,205	111,510	149,037	172,689	240,762	154,398	
Armenia	4,438	3,849	4,399	8,667	7,189	47,167	123,444	168,550	73,277	70,277	56,683	67,148	147,409	
Aruba	186	257	317	637	1,219	477	1,045	1,416	597	462	785	879	715	
Australia	230,754	353,395	500,448	630,151	703,565	772,102	910,764	1,099,794	779,594	847,737	942,800	968,560	995,295	
Azerbaijan	25,635	14,143	10,387	29,883	30,423	32,967	56,710	83,791	66,935	99,509	136,103	152,455	156,048	
Bahamas	1,057	1,364	793	1,957	1,600	4,470	21,439	22,665	11,560	13,350	12,816	11,970	13,846	
Bahrain	13,790	10,600	22,187	44,270	26,179	28,626	43,746	61,651	30,822	22,608	20,240	32,276	24,522	
Bangladesh	11,185	14,738	15,377	20,169	13,555	21,273	15,498	111,331	58,430	48,498	37,713	83,868	46,034	
Barbados	1,764	818	596	1,036	1,349	2,407	2,204	3,323	1,587	1,277	1,284	1,522	846	
Belarus	35,465	36,703	55,634	65,564	86,838	100,292	144,947	208,805	207,434	274,420	305,073	325,554	386,722	
Belgium	1,151,048	1,158,870	1,425,508	1,592,094	1,990,817	2,070,925	2,240,636	2,506,308	2,037,305	2,047,885	2,429,049	2,269,581	2,334,456	
Belize	888	1,156	1,941	4,098	4,596	2,626	4,571	4,514	2,926	7,997	4,745	6,378	4,848	
Benin	6,098	3,974	3,638	4,345	3,338	2,579	4,447	6,904	9,563	7,651	9,979	6,570	10,741	
Bermuda	25	51	65	44	173	341	540	1,913	401	174	1,460	265	173	
Bhutan	379	804	3,761	10,300	319	930	625	2,138	1,416	402	3,835	8,217	10,791	
Bolivia	1,464	1,503	1,659	1,982	2,490	2,445	5,993	8,579	5,403	11,881	10,072	13,228	35,137	
Bosnia and Herzegovina	160,261	219,165	238,642	282,249	354,350	312,585	453,818	529,806	393,467	377,762	451,490	442,985	471,273	
Botswana	3,633	617	1,267	1,225	3,824	2,294	710	736	317	984	3,383	981	2,008	
Brazil	326,371	237,122	218,144	282,351	349,542	400,634	696,310	1,020,415	871,626	1,042,315	1,214,393	1,323,052	1,085,236	
British Indian Ocean Territories	56	15	7	400	44	2	0	0	21	0	12	0	0	
British Virgin Islands	1,546	1,292	4,915	3,767	7,303	35,397	7,854	78,847	4,659	110,115	1,651	33,332	993	
Brunei Darussalam	757	1,315	289	2,275	697	4,520	1,575	2,945	1,614	1,566	888	1,815	466	
Bulgaria	219,798	250,420	334,367	483,364	560,297	700,120	951,815	1,322,248	806,810	798,816	889,798	832,856	846,724	
Burkina Faso	666	968	492	710	827	771	755	786	2,238	1,747	2,548	5,212	2,035	
Burundi	4,862	415	820	162	668	220	208	93	325	102	165	184	85	
Cabo Verde	1,259	946	1,161	294	493	196	336	513	414	424	594	2,641	828	
Cambodia	1,312	755	1,379	559	873	614	2,546	1,076	1,044	1,821	1,563	2,339	3,979	
Cameroon	2,638	3,467	3,483	2,289	1,308	1,984	5,521	11,452	9,861	24,253	10,860	4,816	3,603	
Canada	504,799	499,238	672,387	944,462	1,017,203	1,121,072	1,212,774	1,257,151	749,842	897,542	1,020,389	1,029,401	1,137,122	
Cayman Islands	257	134	257	452	875	841	897	901	848	535	411	1,123	431	
Central African Republic	106	88	95	48	93	89	925	450	89	152	114	38	124	
Chad	111	151	2,794	1,488	6,775	5,878	2,454	5,809	21,771	13,678	4,931	4,037	3,680	
Chile	30,374	36,935	44,637	62,818	94,605	101,822	143,854	159,685	97,981	163,895	198,020	188,607	262,321	
China	756,262	1,105,368	1,005,083	1,383,153	1,517,187	1,548,430	2,251,956	2,753,447	2,615,867	3,347,699	3,771,664	3,464,365	3,628,008	
Christmas Islands	0	0	2	25	131	53	376	0	5	25	0	0	4	
Cocos (Keeling) Islands	0	2	18	10	21	0	0	0	0	0	0	13	10	
Colombia	22,200	28,347	30,420	42,717	48,218	85,761	107,192	120,106	82,606	108,464	142,881	158,536	166,064	
Comoros	0	0	0	7	0	41	0	21	0	6	40	90	0	
Congo	663	644	1,705	3,513	8,910	12,336	12,603	7,422	5,500	2,356	2,112	6,689	7,661	
Cook Islands	0	257	59	0	13	0	14	111	0	29	4	33	13	
Costa Rica	9,627	9,207	8,511	46,538	8,207	9,840	13,185	23,707	44,091	21,353	16,487	19,974	39,632	
Côte d'Ivoire	6,598	6,838	4,786	7,027	4,278	6,354	9,104	12,371	8,898	8,321	9,336	17,445	13,093	
Croatia	793,958	937,675	1,167,977	1,514,044	1,520,873	1,659,287	2,028,462	2,240,762	1,565,490	1,486,744	1,564,154	1,420,433	1,414,070	
Cuba	2,599	1,989	3,087	4,020	3,588	5,301	10,559	9,541	15,902	13,500	8,291	5,653	14,252	
Cyprus	33,282	99,190	54,436	47,967	56,815	64,124	82,352	109,954	100,349	127,762	174,676	133,823	263,360	
Czech Republic	1,926,487	2,123,006	2,727,056	3,392,758	3,636,415	4,125,977	5,488,944	6,453,170	5,206,278	6,008,289	6,726,165	5,718,621	5,738,919	
Democratic Republic of the Congo	682	1,171	1,056	822	1,166	2,575	3,919	2,759	3,364	2,326	7,179	7,680	7,986	
Denmark	487,680	528,982	605,303	738,754	812,022	916,225	1,084,525	1,247,534	725,900	769,434	868,972	871,807	882,157	
Djibouti	2,591	1,504	1,195	933	1,020	1,724	976	2,302	1,994	1,448	846	1,138	2,128	
Dominica	32	142	648	15	409	1,918	75	518	516	66	95	38	15	
Dominican Republic	5,364	6,478	4,263	6,409	7,929	10,358	17,964	15,991	12,240	21,452	13,443	9,164	10,609	
Ecuador	5,954	8,050	8,070	7,715	12,148	14,360	25,272	29,248	29,664	38,501	35,022	41,449	46,732	
Egypt	97,533	118,419	116,771	130,492	158,864	196,637	267,354	304,357	300,093	255,469	269,079	243,911	271,987	
El Salvador	7,809	6,001	4,933	5,174	5,927	5,024	5,490	11,064	4,528	11,232	5,968	7,196	6,270	
Equatorial Guinea	5	0	19	87	1,420	950	2,226	1,615	2,717	896	1,375	1,310	2,426	
Eritrea	84	322	1,023	539	174	89	156	52	36	78	25	208	213	
Estonia	46,309	65,051	82,730	110,590	294,982	184,414	174,992	198,725	75,989	101,653	139,911	143,045	169,847	
Ethiopia	8,019	6,724	6,222	6,625	6,985	7,060	19,827	23,878	12,881	8,285	16,500	32,722	12,081	
Europe Othr. Nes	0	0	0	0	0	0	358	180	0	0	0	0	0	
Falkland Islands (Malvinas)	2	5	5	0	6	3	3	7	7	9	9	3	14	
Faroe Islands	351	283	796	446	429	2,555	3,269	1,563	600	385	561	376	680	
Fiji	27	32	105	26	77	725	51	4,337	507	139	238	123	226	
Finland	374,499	412,932	503,845	550,201	613,706	707,394	770,071	923,017	603,078	666,945	651,384	632,528	650,761	
France	3,036,740	3,237,563	3,970,401	4,650,269	4,993,479	5,406,792	5,629,016	6,468,904	5,205,416	5,900,715	7,028,933	7,245,295	7,787,900	
French Polynesia	852	445	1,358	852	5,182	915	1,043	1,272	647	584	696	804	856	
French South Antarctic Territories	0	67	6	140	19	19	42	312	215	724	985	721	1,763	
Gabon	6,337	13,407	15,521	17,893	20,886	15,640	40,011	21,537	20,962	14,444	30,334	20,318	18,640	
Gambia	1,198	1,484	838	1,053	446	607	1,047	1,020	1,271	1,004	730	792	530	
Georgia	12,712	10,839	14,677	23,238	17,419	31,279	56,496	66,666	55,325	58,082	78,103	89,631	83,784	
Germany	21,635,374	23,407,087	28,383,058	35,540,424	37,425,416	42,702,396	47,190,430	51,167,591	41,511,403	46,627,692	54,328,980	49,688,141	50,640,465	
Ghana	17,948	12,363	8,351	52,986	8,711	10,801	15,438	12,238	15,355	22,707	39,034	24,016	37,538	
Gibraltar	371	1,013	4,219	5,030	1,013	1,829	2,490	5,837	1,501	2,999	1,357	708	961	
Greece	324,375	435,677	593,129	576,383	567,028	758,318	964,380	1,097,721	843,515	692,362	614,640	505,702	518,190	
Greenland	31	119	59	22	25	32	122	548	180	581	2,112	244	164	
Grenada	38	23	39	79	30	215	356	321	200	80	74	33	92	
Guatemala	11,723	6,511	9,907	8,013	9,575	16,375	16,187	18,097	14,209	12,821	23,389	19,338	21,214	
Guinea	17,448	23,249	22,182	16,704	8,967	17,346	13,357	20,588	20,950	2,043	482	466	1,033	
Guinea-Bissau	0	15	0	213	118	6	69	1,718	1,671	84	6	8	90	
Guyana	348	51	87	138	221	77	698	940	332	308	328	612	440	
Haiti	2,019	3,523	1,783	893	1,170	1,358	1,772	2,000	3,199	2,670	2,425	1,565	1,195	
Honduras	5,003	3,285	3,612	4,375	4,833	3,691	4,033	5,674	3,368	3,858	10,433	15,615	31,702	
Hong Kong, China	360,651	544,080	488,789	489,125	537,040	565,647	645,164	664,437	543,367	637,473	647,216	700,577	673,500	
Hungary	2,969,530	3,150,683	3,590,188	4,162,394	4,006,089	4,367,597	5,453,683	6,174,159	4,462,910	4,711,072	5,585,953	4,928,718	5,319,156	
Iceland	12,977	13,363	17,168	23,492	37,359	63,409	50,860	38,751	17,556	14,227	39,296	19,980	29,463	
India	122,990	173,734	219,662	344,075	375,400	467,980	723,829	894,841	767,578	835,390	1,108,053	765,525	867,159	
Indonesia	115,625	98,959	101,089	134,215	165,013	150,463	260,912	334,799	264,378	293,491	340,888	337,140	360,558	
Iran (Islamic Republic of)	221,894	209,317	352,852	431,146	499,385	426,217	431,449	447,888	475,946	437,394	374,779	270,768	223,144	
Iraq	76,685	83,768	22,366	50,796	48,827	35,735	53,994	63,740	116,802	139,286	268,665	243,854	203,423	
Ireland	190,122	206,818	245,098	787,066	274,894	422,678	432,589	394,613	313,699	264,822	295,376	504,098	1,057,757	
Israel	124,329	134,377	131,776	177,354	167,178	190,142	284,982	409,201	283,901	279,902	403,050	287,322	349,661	
Italy	5,666,937	6,186,679	8,011,241	9,492,715	10,183,988	11,661,545	13,998,381	14,819,797	10,121,351	10,670,276	12,138,844	10,283,223	10,750,246	
Jamaica	1,835	2,593	794	2,243	2,973	16,076	13,038	13,424	5,327	4,013	2,841	4,762	4,252	
Japan	813,666	861,691	967,498	1,304,356	1,274,250	1,384,409	1,546,610	1,471,114	1,049,078	1,307,396	1,583,546	1,492,064	1,599,046	
Jordan	25,967	30,225	26,561	36,546	39,823	45,224	67,515	84,674	67,977	69,627	74,378	70,137	79,222	
Kazakhstan	31,492	43,418	97,895	118,381	146,990	197,302	289,059	370,348	289,497	263,538	296,514	404,922	439,294	
Kenya	5,492	5,067	6,015	4,470	8,383	22,286	16,857	17,601	9,167	11,413	25,769	24,479	19,791	
Kiribati	0	11	234	0	4	0	21	2	0	0	2	3	430	
Korea, Democratic People's Republic of	15,608	4,310	1,850	5,371	1,943	2,416	3,369	2,880	1,469	537	869	786	494	
Korea, Republic of	274,787	330,995	381,169	480,846	585,261	696,676	830,960	967,096	774,190	913,681	1,270,888	1,161,334	1,059,878	
Kuwait	27,874	39,927	75,119	70,969	80,605	107,093	136,177	147,225	110,997	114,448	104,775	144,290	386,344	
Kyrgyzstan	978	1,084	3,585	2,322	1,577	2,972	4,203	6,195	8,860	11,537	13,756	16,100	18,467	
Lao People's Democratic Republic	63	34	30	712	34	22	532	420	1,107	2,684	4,902	7,126	7,192	
Latvia	56,684	75,383	87,007	110,887	134,090	170,289	263,912	211,842	98,172	128,460	167,371	184,101	207,330	
Lebanon	25,185	25,423	30,298	32,525	32,093	40,365	51,310	63,126	70,657	76,745	79,473	61,984	81,668	
Lesotho	20	74	69	2	0	21	70	38	0	78	1	131	23	
Liberia	565	252	398	2,046	2,235	1,563	3,198	2,424	3,662	1,793	5,654	2,258	2,019	
Libya	40,332	56,834	47,925	82,753	76,373	75,174	98,153	132,276	161,193	170,764	37,528	111,691	160,918	
Lithuania	53,856	67,531	128,466	135,201	188,878	184,860	228,940	233,479	147,311	164,282	219,651	228,198	248,544	
Luxembourg	146,458	131,518	143,883	352,480	216,680	210,359	229,387	191,796	141,998	168,374	218,101	239,483	252,723	
Macao, China	890	1,764	3,266	4,739	6,587	12,818	14,113	11,610	8,402	3,741	3,753	4,430	7,851	
Macedonia, The Former Yugoslav Republic of	50,586	64,620	64,678	72,689	81,157	84,455	111,367	150,306	130,496	121,246	147,792	140,090	160,200	
Madagascar	926	778	3,810	494	971	1,013	2,239	5,501	3,518	1,429	1,214	1,510	1,319	
Malawi	605	704	735	822	151	613	154	2,032	192	332	217	527	1,789	
Malaysia	92,468	87,465	93,465	208,091	252,706	296,685	367,497	476,596	399,265	472,787	535,464	521,963	574,320	
Maldives	634	427	3,124	1,544	931	1,917	3,464	5,644	4,879	4,110	5,476	5,003	8,131	
Mali	4,144	3,603	6,885	5,820	6,981	10,887	15,497	14,496	24,532	35,456	41,902	48,439	44,084	
Malta	23,930	19,796	22,682	26,189	39,425	271,024	61,518	62,698	42,740	43,144	44,435	44,275	58,569	
Marshall Islands	65	67	0	9	26	0	2,697	332	148	208	613	352	157	
Mauritania	1,333	1,725	2,478	2,196	2,573	2,720	4,952	6,314	7,999	9,381	17,663	17,877	12,320	
Mauritius	2,586	3,061	4,480	3,820	5,866	5,641	6,940	14,152	11,716	9,974	14,662	11,309	9,215	
Mayotte	0	3	0	65	0	11	701	187	57	129	102	109	97	
Mexico	148,820	144,748	191,759	255,033	269,159	350,092	525,092	566,854	389,490	482,563	540,561	614,911	669,522	
Micronesia (Federated States of)	4	0	0	0	0	5	34	5	0	0	4	18	272	
Mongolia	728	2,344	3,720	6,472	3,216	4,952	7,548	15,947	3,730	4,399	20,440	16,369	19,051	
Montenegro	0	0	0	0	0	55,410	65,931	113,744	74,782	84,769	71,420	50,686	58,863	
Montserrat	79	55	32	41	71	63	63	267	45	163	23	6	155	
Morocco	34,571	32,512	46,012	57,988	62,780	98,266	93,741	110,044	97,372	106,190	124,629	106,634	146,891	
Mozambique	956	1,104	681	2,786	1,232	2,038	4,711	2,649	6,610	3,288	3,020	5,463	25,828	
Myanmar	3,147	3,203	5,520	6,542	6,160	6,764	8,487	8,545	4,825	7,499	12,008	11,236	20,635	
Namibia	2,596	639	4,411	646	930	4,470	8,997	3,678	10,236	13,292	17,493	7,254	8,283	
Nauru	0	25	0	2	0	4	5	68	1,409	1	422	0	3	
Nepal	1,982	2,776	1,277	1,744	1,668	1,282	1,215	1,230	2,122	2,464	2,054	3,011	3,281	
Netherland Antilles	5,025	5,828	6,014	5,392	6,451	6,092	7,772	12,152	4,082	5,030	4,663	3,019	2,217	
Netherlands	1,579,639	1,727,784	1,845,074	2,051,127	2,112,873	2,320,247	2,765,241	3,026,548	2,326,879	2,364,339	2,748,880	2,466,487	2,635,435	
New Caledonia	3,717	789	3,889	2,848	2,495	2,742	6,031	4,448	3,249	5,262	8,196	6,162	3,977	
New Zealand	50,570	64,930	70,437	102,485	104,520	111,138	124,521	132,733	91,274	89,942	109,968	101,225	150,425	
Nicaragua	1,392	1,129	7,579	930	1,931	1,549	1,345	4,675	1,000	2,286	1,694	6,503	1,614	
Niger	369	294	201	616	177	564	969	5,558	407	703	692	604	333	
Nigeria	72,976	82,854	95,244	121,076	123,652	117,418	222,926	246,006	140,882	128,069	147,294	147,427	171,068	
Niue	0	14	0	0	0	6	0	0	0	0	0	1	0	
Norfolk Island	0	0	0	2	303	0	0	0	0	0	0	0	0	
Northern Mariana Islands	0	9	4	14	13	4	0	0	0	0	0	2	0	
Norway	256,032	269,755	292,101	378,106	404,671	509,271	773,443	865,077	643,750	526,819	564,784	683,794	720,474	
Oceania Nes	0	0	0	0	0	0	0	0	0	0	0	0	0	
Oman	27,770	14,950	29,119	52,341	52,470	60,595	102,609	101,892	80,977	85,038	80,412	96,023	108,129	
Pakistan	27,034	48,649	60,195	69,397	111,362	151,657	131,069	135,280	193,593	102,302	121,019	109,080	89,618	
Palau	109	2	9	138	4	11	0	4	5	0	0	0	9	
Palestine, State of	20	72	118	1,789	1,250	936	969	953	953	2,602	1,902	1,121	2,173	
Panama	19,295	5,456	6,489	8,285	38,762	13,417	27,693	28,634	22,599	24,797	32,726	39,889	22,774	
Papua New Guinea	106	35	265	58	95	181	6,159	675	1,054	645	1,355	5,633	9,330	
Paraguay	3,938	2,424	2,606	1,914	6,380	4,231	6,380	8,767	7,414	10,463	11,941	13,241	30,590	
Peru	14,286	19,260	21,565	22,084	21,898	34,711	53,357	86,675	68,864	72,485	69,313	127,905	122,012	
Philippines	83,052	66,483	181,161	195,336	67,675	156,519	99,076	121,120	138,677	150,751	123,100	119,606	125,104	
Pitcairn	169	2	3	9	9	0	0	0	0	0	0	0	0	
Poland	1,088,265	1,229,364	1,510,246	1,995,475	2,350,273	2,984,185	4,012,944	4,777,829	3,733,744	4,028,655	5,042,146	4,665,548	5,043,041	
Portugal	308,255	302,365	404,495	417,817	434,876	539,903	647,321	543,984	550,479	451,948	430,819	396,410	361,454	
Qatar	7,854	24,301	14,837	30,852	40,514	71,246	103,175	187,574	125,813	99,536	128,166	159,647	133,151	
Republic of Moldova	13,626	17,233	21,687	24,075	28,724	31,785	60,294	65,286	48,506	48,312	52,927	91,677	95,366	
Romania	614,173	771,689	1,154,680	1,535,706	1,787,471	2,368,817	2,799,497	3,536,673	2,307,305	2,335,768	2,716,372	2,599,902	2,558,353	
Russian Federation	842,832	904,478	1,282,993	1,715,417	2,114,875	2,805,337	3,556,006	4,361,436	3,226,098	3,727,671	4,870,844	5,124,975	5,626,694	
Rwanda	423	427	56	186	226	1,352	412	430	921	447	451	1,917	519	
Saint Helena	0	0	1	28	14	3	11	26	0	47	0	21	0	
Saint Kitts and Nevis	401	16	5	61	222	145	500	772	155	320	156	97	397	
Saint Lucia	526	17	34	209	76	553	1,711	379	225	196	2,040	710	172	
Saint Vincent and the Grenadines	498	192	67	203	532	90	449	244	209	69	110	43	53	
Samoa	9	7	20	3	7	302	8	285	3	20	14	202	142	
Sao Tome and Principe	190	58	14	19	2	179	59	25	20	10	15	10	5	
Saudi Arabia	151,012	181,005	249,475	252,193	374,966	558,301	592,128	643,106	707,043	514,228	745,761	739,014	912,182	
Senegal	11,529	7,384	7,965	5,965	6,454	6,864	10,952	16,557	14,012	13,376	21,188	18,071	28,919	
Serbia	0	0	0	0	0	600,655	777,772	899,635	731,397	659,970	806,881	724,880	706,483	
Serbia and Montenegro	227,761	319,438	433,215	543,907	539,296	0	0	0	0	0	0	0	0	
Seychelles	870	901	928	2,230	1,002	1,048	1,011	1,519	823	1,274	1,586	798	2,358	
Ship stores and bunkers	20,676	18,254	38,193	37,899	96,289	61,188	81,851	141,371	66,409	96,952	162,087	152,245	131,005	
Sierra Leone	2,005	7,053	6,741	1,450	360	393	528	3,035	1,864	947	585	990	664	
Singapore	200,290	190,778	173,845	237,534	232,581	356,417	436,716	490,500	335,295	467,749	473,813	461,474	505,298	
Slovakia	847,161	1,006,647	1,343,295	1,683,246	2,038,571	2,231,325	2,806,971	3,480,754	2,834,818	3,853,404	4,590,253	6,034,703	7,087,755	
Slovenia	1,148,727	1,320,605	1,751,198	2,426,456	2,127,276	2,436,857	3,227,263	3,749,111	2,909,815	2,921,258	3,080,591	2,850,260	3,196,203	
Solomon Islands	23	0	0	0	10	6	100	25	13	0	164	754	27	
Somalia	2,981	1,051	992	763	599	384	24	113	5	768	332	438	604	
South Africa	295,328	287,653	379,461	495,075	588,305	700,800	832,687	742,779	562,404	568,251	695,202	677,215	638,976	
Spain	1,660,398	2,003,842	2,282,818	2,711,860	3,250,020	3,625,092	4,463,714	4,069,898	2,478,349	2,690,459	2,780,281	2,428,119	2,581,192	
Special categories	0	0	0	0	0	0	0	0	4,236,356	5,396,392	5,720,768	4,852,303	4,147,469	
Sri Lanka	11,610	18,133	15,985	34,240	34,655	26,628	26,185	53,203	29,617	23,064	38,141	28,669	36,904	
St. Pierre and Miquelon	0	0	12	0	0	3	7	7	2	7	0	6	15	
Sudan (North + South)	6,075	9,319	17,385	23,200	29,506	113,261	65,635	43,261	41,231	56,874	31,107	30,421	26,825	
Suriname	236	331	568	1,058	1,503	988	6,122	2,434	2,238	1,717	3,162	1,509	6,865	
Swaziland	367	0	427	146	47	31	166	134	69	180	11	3	4	
Sweden	756,869	789,938	999,416	1,144,066	1,238,862	1,381,563	1,764,121	1,923,518	1,262,762	1,602,561	1,989,521	1,702,569	1,874,946	
Switzerland	3,738,321	4,128,961	4,939,352	5,515,285	5,776,087	6,127,141	6,856,433	7,269,781	6,774,559	7,527,347	9,154,225	8,714,479	9,200,931	
Syrian Arab Republic	27,854	32,778	34,961	38,298	77,645	44,188	59,485	93,206	72,763	61,585	81,173	26,004	7,931	
Taipei, Chinese	210,434	180,339	250,216	275,882	350,181	418,848	363,853	328,199	295,714	434,375	465,353	374,657	443,531	
Tajikistan	371	196	1,371	1,693	664	1,848	3,243	8,096	6,820	4,115	9,506	10,988	12,666	
Tanzania, United Republic of	7,372	3,057	3,388	6,356	4,271	10,794	7,538	20,480	10,555	11,593	22,906	15,293	17,076	
Thailand	88,573	84,868	157,433	164,885	154,934	192,342	255,246	290,354	219,797	249,850	336,949	357,269	358,074	
Timor-Leste	0	4	190	227	87	0	14	22	52	121	77	21	0	
Togo	1,016	2,058	2,244	1,616	2,485	4,873	2,676	2,357	2,335	3,869	4,765	3,105	2,719	
Tokelau	0	32	350	402	38	288	79	37	4	12	1	185	215	
Tonga	2	97	0	29	0	196	0	0	0	0	0	0	18	
Trinidad and Tobago	7,752	19,684	8,751	9,268	10,676	8,625	15,302	24,490	10,449	16,593	15,396	15,873	15,831	
Tunisia	35,094	42,558	47,899	66,117	49,142	64,021	106,279	96,611	97,377	107,008	120,217	109,352	109,153	
Turkey	375,735	523,437	797,474	982,928	917,629	1,061,276	1,293,704	1,417,779	1,096,506	1,418,802	1,747,167	1,580,083	1,657,926	
Turkmenistan	8,738	6,431	29,354	16,233	40,645	7,988	45,188	41,525	46,678	29,266	70,996	56,483	33,573	
Turks and Caicos Islands	21	11	33	5	31	118	217	176	88	77	91	125	96	
Tuvalu	0	0	0	0	0	54	20	55	0	0	0	0	0	
Uganda	2,307	1,579	991	1,164	1,296	4,174	8,059	3,864	4,619	7,520	5,707	8,017	9,637	
Ukraine	241,182	258,649	414,887	456,506	583,602	821,660	1,014,935	1,323,532	716,471	865,809	932,024	865,677	914,718	
United Arab Emirates	283,800	172,258	213,081	264,922	337,728	507,023	687,796	910,359	602,407	681,571	807,331	805,033	857,786	
United Kingdom	3,104,674	3,408,106	3,941,387	4,657,926	4,779,659	4,860,096	5,537,836	5,430,390	4,143,389	4,507,457	5,060,270	4,504,317	4,789,029	
United States Minor Outlying Islands	90	5	101	84	152	29	14	35	440	620	6,917	318	467	
United States of America	3,522,025	3,787,618	4,623,254	6,605,723	6,649,756	7,763,137	7,917,987	7,646,753	5,334,630	6,334,716	8,216,130	8,015,199	8,597,085	
Uruguay	6,974	6,185	3,533	9,018	12,738	73,885	25,993	18,883	18,149	20,544	18,711	66,628	24,320	
Uzbekistan	11,507	8,950	16,262	25,979	26,927	40,342	67,608	90,893	83,466	81,256	72,578	110,982	90,766	
Vanuatu	0	0	0	0	0	0	0	0	17	6	45	0	8	
Venezuela	51,570	41,210	54,169	59,047	68,158	93,424	113,915	143,861	171,227	126,265	95,704	185,256	116,852	
Viet Nam	38,792	50,981	39,290	53,592	43,608	69,694	93,568	126,998	111,264	121,540	142,089	142,218	186,739	
Wallis and Futuna Islands	0	0	0	0	0	0	0	0	0	0	0	0	0	
Western Sahara	0	0	0	0	0	0	0	0	0	0	0	0	105	
Yemen	6,278	7,479	8,179	15,182	15,600	16,130	27,339	23,300	22,676	21,883	13,666	16,449	22,945	
Zambia	2,237	1,469	2,124	1,279	1,965	3,993	8,115	6,662	10,033	4,429	7,482	4,122	15,405	
Zimbabwe	8,929	4,302	2,917	2,581	2,225	1,609	967	1,174	944	2,958	1,186	1,147	1,922	
